 frequency       AmagdB          Aphdeg         
 1.00000000e+04  5.26842391e+01 -2.43619082e+00 
 1.02305973e+04  5.26838732e+01 -2.49229873e+00 
 1.04665121e+04  5.26834903e+01 -2.54969553e+00 
 1.07078670e+04  5.26830896e+01 -2.60841059e+00 
 1.09547876e+04  5.26826702e+01 -2.66847394e+00 
 1.12074020e+04  5.26822313e+01 -2.72991625e+00 
 1.14658417e+04  5.26817719e+01 -2.79276892e+00 
 1.17302409e+04  5.26812912e+01 -2.85706399e+00 
 1.20007371e+04  5.26807881e+01 -2.92283424e+00 
 1.22774708e+04  5.26802616e+01 -2.99011317e+00 
 1.25605860e+04  5.26797107e+01 -3.05893499e+00 
 1.28502297e+04  5.26791341e+01 -3.12933469e+00 
 1.31465525e+04  5.26785306e+01 -3.20134801e+00 
 1.34497085e+04  5.26778991e+01 -3.27501146e+00 
 1.37598551e+04  5.26772383e+01 -3.35036236e+00 
 1.40771537e+04  5.26765467e+01 -3.42743884e+00 
 1.44017690e+04  5.26758230e+01 -3.50627984e+00 
 1.47338699e+04  5.26750656e+01 -3.58692514e+00 
 1.50736290e+04  5.26742731e+01 -3.66941539e+00 
 1.54212228e+04  5.26734437e+01 -3.75379208e+00 
 1.57768320e+04  5.26725759e+01 -3.84009762e+00 
 1.61406415e+04  5.26716677e+01 -3.92837530e+00 
 1.65128404e+04  5.26707173e+01 -4.01866932e+00 
 1.68936220e+04  5.26697229e+01 -4.11102482e+00 
 1.72831844e+04  5.26686823e+01 -4.20548789e+00 
 1.76817299e+04  5.26675934e+01 -4.30210556e+00 
 1.80894658e+04  5.26664540e+01 -4.40092587e+00 
 1.85066040e+04  5.26652618e+01 -4.50199782e+00 
 1.89333613e+04  5.26640143e+01 -4.60537144e+00 
 1.93699595e+04  5.26627090e+01 -4.71109775e+00 
 1.98166255e+04  5.26613432e+01 -4.81922884e+00 
 2.02735916e+04  5.26599142e+01 -4.92981783e+00 
 2.07410951e+04  5.26584190e+01 -5.04291889e+00 
 2.12193792e+04  5.26568546e+01 -5.15858730e+00 
 2.17086923e+04  5.26552178e+01 -5.27687940e+00 
 2.22092889e+04  5.26535053e+01 -5.39785265e+00 
 2.27214291e+04  5.26517137e+01 -5.52156560e+00 
 2.32453791e+04  5.26498392e+01 -5.64807795e+00 
 2.37814113e+04  5.26478782e+01 -5.77745052e+00 
 2.43298042e+04  5.26458267e+01 -5.90974528e+00 
 2.48908429e+04  5.26436805e+01 -6.04502534e+00 
 2.54648190e+04  5.26414353e+01 -6.18335500e+00 
 2.60520309e+04  5.26390866e+01 -6.32479970e+00 
 2.66527837e+04  5.26366297e+01 -6.46942606e+00 
 2.72673897e+04  5.26340596e+01 -6.61730189e+00 
 2.78961683e+04  5.26313713e+01 -6.76849617e+00 
 2.85394464e+04  5.26285594e+01 -6.92307906e+00 
 2.91975583e+04  5.26256182e+01 -7.08112191e+00 
 2.98708461e+04  5.26225419e+01 -7.24269725e+00 
 3.05596598e+04  5.26193245e+01 -7.40787878e+00 
 3.12643573e+04  5.26159595e+01 -7.57674138e+00 
 3.19853049e+04  5.26124404e+01 -7.74936108e+00 
 3.27228774e+04  5.26087601e+01 -7.92581508e+00 
 3.34774581e+04  5.26049114e+01 -8.10618170e+00 
 3.42494392e+04  5.26008869e+01 -8.29054041e+00 
 3.50392221e+04  5.25966786e+01 -8.47897174e+00 
 3.58472171e+04  5.25922784e+01 -8.67155736e+00 
 3.66738442e+04  5.25876776e+01 -8.86837994e+00 
 3.75195331e+04  5.25828674e+01 -9.06952322e+00 
 3.83847234e+04  5.25778386e+01 -9.27507192e+00 
 3.92698648e+04  5.25725813e+01 -9.48511172e+00 
 4.01754173e+04  5.25670856e+01 -9.69972921e+00 
 4.11018515e+04  5.25613410e+01 -9.91901187e+00 
 4.20496491e+04  5.25553365e+01 -1.01430480e+01 
 4.30193027e+04  5.25490607e+01 -1.03719266e+01 
 4.40113162e+04  5.25425019e+01 -1.06057374e+01 
 4.50262052e+04  5.25356477e+01 -1.08445709e+01 
 4.60644974e+04  5.25284853e+01 -1.10885180e+01 
 4.71267322e+04  5.25210014e+01 -1.13376701e+01 
 4.82134619e+04  5.25131822e+01 -1.15921191e+01 
 4.93252513e+04  5.25050132e+01 -1.18519570e+01 
 5.04626783e+04  5.24964796e+01 -1.21172762e+01 
 5.16263340e+04  5.24875658e+01 -1.23881690e+01 
 5.28168234e+04  5.24782557e+01 -1.26647279e+01 
 5.40347650e+04  5.24685326e+01 -1.29470451e+01 
 5.52807921e+04  5.24583792e+01 -1.32352125e+01 
 5.65555523e+04  5.24477774e+01 -1.35293216e+01 
 5.78597080e+04  5.24367087e+01 -1.38294632e+01 
 5.91939372e+04  5.24251538e+01 -1.41357275e+01 
 6.05589334e+04  5.24130927e+01 -1.44482038e+01 
 6.19554061e+04  5.24005047e+01 -1.47669801e+01 
 6.33840810e+04  5.23873685e+01 -1.50921431e+01 
 6.48457008e+04  5.23736618e+01 -1.54237782e+01 
 6.63410251e+04  5.23593618e+01 -1.57619689e+01 
 6.78708313e+04  5.23444450e+01 -1.61067967e+01 
 6.94359143e+04  5.23288871e+01 -1.64583409e+01 
 7.10370877e+04  5.23126628e+01 -1.68166786e+01 
 7.26751838e+04  5.22957462e+01 -1.71818838e+01 
 7.43510539e+04  5.22781108e+01 -1.75540277e+01 
 7.60655691e+04  5.22597291e+01 -1.79331783e+01 
 7.78196206e+04  5.22405728e+01 -1.83193998e+01 
 7.96141200e+04  5.22206129e+01 -1.87127526e+01 
 8.14500001e+04  5.21998197e+01 -1.91132930e+01 
 8.33282151e+04  5.21781625e+01 -1.95210726e+01 
 8.52497412e+04  5.21556101e+01 -1.99361382e+01 
 8.72155772e+04  5.21321304e+01 -2.03585314e+01 
 8.92267449e+04  5.21076905e+01 -2.07882882e+01 
 9.12842895e+04  5.20822569e+01 -2.12254387e+01 
 9.33892805e+04  5.20557954e+01 -2.16700065e+01 
 9.55428121e+04  5.20282710e+01 -2.21220089e+01 
 9.77460036e+04  5.19996482e+01 -2.25814558e+01 
 1.00000000e+05  5.19698908e+01 -2.30483498e+01 
 1.02305973e+05  5.19389621e+01 -2.35226857e+01 
 1.04665121e+05  5.19068247e+01 -2.40044502e+01 
 1.07078670e+05  5.18734408e+01 -2.44936214e+01 
 1.09547876e+05  5.18387722e+01 -2.49901685e+01 
 1.12074020e+05  5.18027803e+01 -2.54940514e+01 
 1.14658417e+05  5.17654261e+01 -2.60052206e+01 
 1.17302409e+05  5.17266703e+01 -2.65236164e+01 
 1.20007371e+05  5.16864737e+01 -2.70491690e+01 
 1.22774708e+05  5.16447965e+01 -2.75817983e+01 
 1.25605860e+05  5.16015992e+01 -2.81214130e+01 
 1.28502297e+05  5.15568422e+01 -2.86679111e+01 
 1.31465525e+05  5.15104861e+01 -2.92211792e+01 
 1.34497085e+05  5.14624917e+01 -2.97810925e+01 
 1.37598551e+05  5.14128199e+01 -3.03475147e+01 
 1.40771537e+05  5.13614323e+01 -3.09202978e+01 
 1.44017690e+05  5.13082908e+01 -3.14992819e+01 
 1.47338699e+05  5.12533580e+01 -3.20842954e+01 
 1.50736290e+05  5.11965971e+01 -3.26751551e+01 
 1.54212228e+05  5.11379723e+01 -3.32716658e+01 
 1.57768320e+05  5.10774486e+01 -3.38736209e+01 
 1.61406415e+05  5.10149919e+01 -3.44808023e+01 
 1.65128404e+05  5.09505696e+01 -3.50929806e+01 
 1.68936220e+05  5.08841501e+01 -3.57099157e+01 
 1.72831844e+05  5.08157031e+01 -3.63313565e+01 
 1.76817299e+05  5.07451999e+01 -3.69570420e+01 
 1.80894658e+05  5.06726134e+01 -3.75867011e+01 
 1.85066040e+05  5.05979181e+01 -3.82200536e+01 
 1.89333613e+05  5.05210902e+01 -3.88568102e+01 
 1.93699595e+05  5.04421079e+01 -3.94966736e+01 
 1.98166255e+05  5.03609511e+01 -4.01393387e+01 
 2.02735916e+05  5.02776020e+01 -4.07844937e+01 
 2.07410951e+05  5.01920447e+01 -4.14318203e+01 
 2.12193792e+05  5.01042654e+01 -4.20809950e+01 
 2.17086923e+05  5.00142526e+01 -4.27316893e+01 
 2.22092889e+05  4.99219971e+01 -4.33835711e+01 
 2.27214291e+05  4.98274919e+01 -4.40363052e+01 
 2.32453791e+05  4.97307323e+01 -4.46895542e+01 
 2.37814113e+05  4.96317159e+01 -4.53429792e+01 
 2.43298042e+05  4.95304428e+01 -4.59962411e+01 
 2.48908429e+05  4.94269154e+01 -4.66490013e+01 
 2.54648190e+05  4.93211383e+01 -4.73009223e+01 
 2.60520309e+05  4.92131185e+01 -4.79516689e+01 
 2.66527837e+05  4.91028652e+01 -4.86009089e+01 
 2.72673897e+05  4.89903901e+01 -4.92483141e+01 
 2.78961683e+05  4.88757069e+01 -4.98935610e+01 
 2.85394464e+05  4.87588314e+01 -5.05363314e+01 
 2.91975583e+05  4.86397816e+01 -5.11763136e+01 
 2.98708461e+05  4.85185774e+01 -5.18132026e+01 
 3.05596598e+05  4.83952408e+01 -5.24467011e+01 
 3.12643573e+05  4.82697955e+01 -5.30765202e+01 
 3.19853049e+05  4.81422671e+01 -5.37023796e+01 
 3.27228774e+05  4.80126826e+01 -5.43240085e+01 
 3.34774581e+05  4.78810709e+01 -5.49411460e+01 
 3.42494392e+05  4.77474621e+01 -5.55535412e+01 
 3.50392221e+05  4.76118878e+01 -5.61609542e+01 
 3.58472171e+05  4.74743808e+01 -5.67631558e+01 
 3.66738442e+05  4.73349751e+01 -5.73599282e+01 
 3.75195331e+05  4.71937056e+01 -5.79510648e+01 
 3.83847234e+05  4.70506083e+01 -5.85363708e+01 
 3.92698648e+05  4.69057199e+01 -5.91156632e+01 
 4.01754173e+05  4.67590779e+01 -5.96887705e+01 
 4.11018515e+05  4.66107202e+01 -6.02555333e+01 
 4.20496491e+05  4.64606854e+01 -6.08158038e+01 
 4.30193027e+05  4.63090124e+01 -6.13694459e+01 
 4.40113162e+05  4.61557406e+01 -6.19163350e+01 
 4.50262052e+05  4.60009093e+01 -6.24563581e+01 
 4.60644974e+05  4.58445582e+01 -6.29894135e+01 
 4.71267322e+05  4.56867268e+01 -6.35154103e+01 
 4.82134619e+05  4.55274546e+01 -6.40342685e+01 
 4.93252513e+05  4.53667812e+01 -6.45459187e+01 
 5.04626783e+05  4.52047457e+01 -6.50503016e+01 
 5.16263340e+05  4.50413870e+01 -6.55473680e+01 
 5.28168234e+05  4.48767440e+01 -6.60370781e+01 
 5.40347650e+05  4.47108546e+01 -6.65194016e+01 
 5.52807921e+05  4.45437568e+01 -6.69943168e+01 
 5.65555523e+05  4.43754879e+01 -6.74618108e+01 
 5.78597080e+05  4.42060846e+01 -6.79218788e+01 
 5.91939372e+05  4.40355830e+01 -6.83745237e+01 
 6.05589334e+05  4.38640188e+01 -6.88197561e+01 
 6.19554061e+05  4.36914269e+01 -6.92575933e+01 
 6.33840810e+05  4.35178415e+01 -6.96880596e+01 
 6.48457008e+05  4.33432961e+01 -7.01111855e+01 
 6.63410251e+05  4.31678236e+01 -7.05270073e+01 
 6.78708313e+05  4.29914561e+01 -7.09355671e+01 
 6.94359143e+05  4.28142248e+01 -7.13369122e+01 
 7.10370877e+05  4.26361603e+01 -7.17310947e+01 
 7.26751838e+05  4.24572924e+01 -7.21181712e+01 
 7.43510539e+05  4.22776501e+01 -7.24982028e+01 
 7.60655691e+05  4.20972616e+01 -7.28712541e+01 
 7.78196206e+05  4.19161544e+01 -7.32373936e+01 
 7.96141200e+05  4.17343552e+01 -7.35966930e+01 
 8.14500001e+05  4.15518898e+01 -7.39492270e+01 
 8.33282151e+05  4.13687833e+01 -7.42950731e+01 
 8.52497412e+05  4.11850602e+01 -7.46343111e+01 
 8.72155772e+05  4.10007439e+01 -7.49670233e+01 
 8.92267449e+05  4.08158574e+01 -7.52932936e+01 
 9.12842895e+05  4.06304227e+01 -7.56132080e+01 
 9.33892805e+05  4.04444612e+01 -7.59268539e+01 
 9.55428121e+05  4.02579937e+01 -7.62343200e+01 
 9.77460036e+05  4.00710400e+01 -7.65356961e+01 
 1.00000000e+06  3.98836196e+01 -7.68310731e+01 
 1.02305973e+06  3.96957509e+01 -7.71205426e+01 
 1.04665121e+06  3.95074520e+01 -7.74041966e+01 
 1.07078670e+06  3.93187403e+01 -7.76821279e+01 
 1.09547876e+06  3.91296323e+01 -7.79544294e+01 
 1.12074020e+06  3.89401443e+01 -7.82211942e+01 
 1.14658417e+06  3.87502917e+01 -7.84825155e+01 
 1.17302409e+06  3.85600895e+01 -7.87384864e+01 
 1.20007371e+06  3.83695520e+01 -7.89891999e+01 
 1.22774708e+06  3.81786932e+01 -7.92347484e+01 
 1.25605860e+06  3.79875262e+01 -7.94752245e+01 
 1.28502297e+06  3.77960639e+01 -7.97107198e+01 
 1.31465525e+06  3.76043186e+01 -7.99413256e+01 
 1.34497085e+06  3.74123022e+01 -8.01671326e+01 
 1.37598551e+06  3.72200260e+01 -8.03882308e+01 
 1.40771537e+06  3.70275010e+01 -8.06047094e+01 
 1.44017690e+06  3.68347375e+01 -8.08166569e+01 
 1.47338699e+06  3.66417458e+01 -8.10241608e+01 
 1.50736290e+06  3.64485355e+01 -8.12273078e+01 
 1.54212228e+06  3.62551158e+01 -8.14261838e+01 
 1.57768320e+06  3.60614957e+01 -8.16208736e+01 
 1.61406415e+06  3.58676836e+01 -8.18114608e+01 
 1.65128404e+06  3.56736880e+01 -8.19980283e+01 
 1.68936220e+06  3.54795164e+01 -8.21806579e+01 
 1.72831844e+06  3.52851766e+01 -8.23594301e+01 
 1.76817299e+06  3.50906758e+01 -8.25344244e+01 
 1.80894658e+06  3.48960208e+01 -8.27057194e+01 
 1.85066040e+06  3.47012184e+01 -8.28733923e+01 
 1.89333613e+06  3.45062748e+01 -8.30375192e+01 
 1.93699595e+06  3.43111963e+01 -8.31981753e+01 
 1.98166255e+06  3.41159886e+01 -8.33554344e+01 
 2.02735916e+06  3.39206573e+01 -8.35093692e+01 
 2.07410951e+06  3.37252078e+01 -8.36600514e+01 
 2.12193792e+06  3.35296453e+01 -8.38075514e+01 
 2.17086923e+06  3.33339746e+01 -8.39519384e+01 
 2.22092889e+06  3.31382006e+01 -8.40932807e+01 
 2.27214291e+06  3.29423276e+01 -8.42316453e+01 
 2.32453791e+06  3.27463600e+01 -8.43670980e+01 
 2.37814113e+06  3.25503019e+01 -8.44997036e+01 
 2.43298042e+06  3.23541574e+01 -8.46295257e+01 
 2.48908429e+06  3.21579301e+01 -8.47566270e+01 
 2.54648190e+06  3.19616238e+01 -8.48810689e+01 
 2.60520309e+06  3.17652418e+01 -8.50029116e+01 
 2.66527837e+06  3.15687876e+01 -8.51222146e+01 
 2.72673897e+06  3.13722642e+01 -8.52390361e+01 
 2.78961683e+06  3.11756748e+01 -8.53534332e+01 
 2.85394464e+06  3.09790223e+01 -8.54654621e+01 
 2.91975583e+06  3.07823093e+01 -8.55751781e+01 
 2.98708461e+06  3.05855386e+01 -8.56826351e+01 
 3.05596598e+06  3.03887128e+01 -8.57878864e+01 
 3.12643573e+06  3.01918343e+01 -8.58909842e+01 
 3.19853049e+06  2.99949053e+01 -8.59919798e+01 
 3.27228774e+06  2.97979282e+01 -8.60909233e+01 
 3.34774581e+06  2.96009051e+01 -8.61878642e+01 
 3.42494392e+06  2.94038380e+01 -8.62828510e+01 
 3.50392221e+06  2.92067289e+01 -8.63759312e+01 
 3.58472171e+06  2.90095796e+01 -8.64671515e+01 
 3.66738442e+06  2.88123919e+01 -8.65565579e+01 
 3.75195331e+06  2.86151675e+01 -8.66441952e+01 
 3.83847234e+06  2.84179081e+01 -8.67301076e+01 
 3.92698648e+06  2.82206153e+01 -8.68143387e+01 
 4.01754173e+06  2.80232904e+01 -8.68969308e+01 
 4.11018515e+06  2.78259350e+01 -8.69779260e+01 
 4.20496491e+06  2.76285505e+01 -8.70573651e+01 
 4.30193027e+06  2.74311380e+01 -8.71352885e+01 
 4.40113162e+06  2.72336990e+01 -8.72117359e+01 
 4.50262052e+06  2.70362345e+01 -8.72867460e+01 
 4.60644974e+06  2.68387457e+01 -8.73603572e+01 
 4.71267322e+06  2.66412338e+01 -8.74326068e+01 
 4.82134619e+06  2.64436997e+01 -8.75035318e+01 
 4.93252513e+06  2.62461445e+01 -8.75731684e+01 
 5.04626783e+06  2.60485691e+01 -8.76415522e+01 
 5.16263340e+06  2.58509745e+01 -8.77087181e+01 
 5.28168234e+06  2.56533615e+01 -8.77747006e+01 
 5.40347650e+06  2.54557310e+01 -8.78395333e+01 
 5.52807921e+06  2.52580837e+01 -8.79032497e+01 
 5.65555523e+06  2.50604205e+01 -8.79658823e+01 
 5.78597080e+06  2.48627420e+01 -8.80274633e+01 
 5.91939372e+06  2.46650490e+01 -8.80880244e+01 
 6.05589334e+06  2.44673422e+01 -8.81475966e+01 
 6.19554061e+06  2.42696222e+01 -8.82062106e+01 
 6.33840810e+06  2.40718897e+01 -8.82638966e+01 
 6.48457008e+06  2.38741451e+01 -8.83206842e+01 
 6.63410251e+06  2.36763892e+01 -8.83766028e+01 
 6.78708313e+06  2.34786224e+01 -8.84316810e+01 
 6.94359143e+06  2.32808452e+01 -8.84859474e+01 
 7.10370877e+06  2.30830582e+01 -8.85394298e+01 
 7.26751838e+06  2.28852619e+01 -8.85921560e+01 
 7.43510539e+06  2.26874567e+01 -8.86441530e+01 
 7.60655691e+06  2.24896431e+01 -8.86954478e+01 
 7.78196206e+06  2.22918214e+01 -8.87460668e+01 
 7.96141200e+06  2.20939921e+01 -8.87960362e+01 
 8.14500001e+06  2.18961557e+01 -8.88453818e+01 
 8.33282151e+06  2.16983124e+01 -8.88941291e+01 
 8.52497412e+06  2.15004626e+01 -8.89423034e+01 
 8.72155772e+06  2.13026067e+01 -8.89899295e+01 
 8.92267449e+06  2.11047451e+01 -8.90370322e+01 
 9.12842895e+06  2.09068780e+01 -8.90836356e+01 
 9.33892805e+06  2.07090058e+01 -8.91297641e+01 
 9.55428121e+06  2.05111288e+01 -8.91754414e+01 
 9.77460036e+06  2.03132473e+01 -8.92206913e+01 
 1.00000000e+07  2.01153615e+01 -8.92655371e+01 
 1.02305973e+07  1.99174718e+01 -8.93100021e+01 
 1.04665121e+07  1.97195783e+01 -8.93541093e+01 
 1.07078670e+07  1.95216815e+01 -8.93978816e+01 
 1.09547876e+07  1.93237815e+01 -8.94413417e+01 
 1.12074020e+07  1.91258786e+01 -8.94845120e+01 
 1.14658417e+07  1.89279730e+01 -8.95274150e+01 
 1.17302409e+07  1.87300650e+01 -8.95700729e+01 
 1.20007371e+07  1.85321547e+01 -8.96125079e+01 
 1.22774708e+07  1.83342425e+01 -8.96547418e+01 
 1.25605860e+07  1.81363286e+01 -8.96967967e+01 
 1.28502297e+07  1.79384131e+01 -8.97386943e+01 
 1.31465525e+07  1.77404962e+01 -8.97804564e+01 
 1.34497085e+07  1.75425783e+01 -8.98221046e+01 
 1.37598551e+07  1.73446595e+01 -8.98636605e+01 
 1.40771537e+07  1.71467400e+01 -8.99051457e+01 
 1.44017690e+07  1.69488200e+01 -8.99465817e+01 
 1.47338699e+07  1.67508998e+01 -8.99879900e+01 
 1.50736290e+07  1.65529795e+01 -9.00293921e+01 
 1.54212228e+07  1.63550593e+01 -9.00708094e+01 
 1.57768320e+07  1.61571395e+01 -9.01122634e+01 
 1.61406415e+07  1.59592203e+01 -9.01537757e+01 
 1.65128404e+07  1.57613018e+01 -9.01953678e+01 
 1.68936220e+07  1.55633843e+01 -9.02370611e+01 
 1.72831844e+07  1.53654680e+01 -9.02788775e+01 
 1.76817299e+07  1.51675531e+01 -9.03208385e+01 
 1.80894658e+07  1.49696399e+01 -9.03629659e+01 
 1.85066040e+07  1.47717285e+01 -9.04052815e+01 
 1.89333613e+07  1.45738191e+01 -9.04478074e+01 
 1.93699595e+07  1.43759121e+01 -9.04905655e+01 
 1.98166255e+07  1.41780076e+01 -9.05335780e+01 
 2.02735916e+07  1.39801059e+01 -9.05768673e+01 
 2.07410951e+07  1.37822072e+01 -9.06204556e+01 
 2.12193792e+07  1.35843118e+01 -9.06643658e+01 
 2.17086923e+07  1.33864199e+01 -9.07086204e+01 
 2.22092889e+07  1.31885318e+01 -9.07532425e+01 
 2.27214291e+07  1.29906477e+01 -9.07982551e+01 
 2.32453791e+07  1.27927681e+01 -9.08436815e+01 
 2.37814113e+07  1.25948930e+01 -9.08895454e+01 
 2.43298042e+07  1.23970229e+01 -9.09358703e+01 
 2.48908429e+07  1.21991581e+01 -9.09826804e+01 
 2.54648190e+07  1.20012989e+01 -9.10299998e+01 
 2.60520309e+07  1.18034455e+01 -9.10778530e+01 
 2.66527837e+07  1.16055984e+01 -9.11262649e+01 
 2.72673897e+07  1.14077579e+01 -9.11752603e+01 
 2.78961683e+07  1.12099244e+01 -9.12248647e+01 
 2.85394464e+07  1.10120983e+01 -9.12751036e+01 
 2.91975583e+07  1.08142800e+01 -9.13260031e+01 
 2.98708461e+07  1.06164698e+01 -9.13775895e+01 
 3.05596598e+07  1.04186683e+01 -9.14298893e+01 
 3.12643573e+07  1.02208758e+01 -9.14829296e+01 
 3.19853049e+07  1.00230929e+01 -9.15367378e+01 
 3.27228774e+07  9.82532004e+00 -9.15913416e+01 
 3.34774581e+07  9.62755772e+00 -9.16467691e+01 
 3.42494392e+07  9.42980650e+00 -9.17030490e+01 
 3.50392221e+07  9.23206691e+00 -9.17602101e+01 
 3.58472171e+07  9.03433954e+00 -9.18182821e+01 
 3.66738442e+07  8.83662501e+00 -9.18772947e+01 
 3.75195331e+07  8.63892393e+00 -9.19372783e+01 
 3.83847234e+07  8.44123697e+00 -9.19982637e+01 
 3.92698648e+07  8.24356482e+00 -9.20602824e+01 
 4.01754173e+07  8.04590820e+00 -9.21233660e+01 
 4.11018515e+07  7.84826786e+00 -9.21875471e+01 
 4.20496491e+07  7.65064458e+00 -9.22528584e+01 
 4.30193027e+07  7.45303918e+00 -9.23193336e+01 
 4.40113162e+07  7.25545253e+00 -9.23870065e+01 
 4.50262052e+07  7.05788550e+00 -9.24559120e+01 
 4.60644974e+07  6.86033905e+00 -9.25260851e+01 
 4.71267322e+07  6.66281414e+00 -9.25975618e+01 
 4.82134619e+07  6.46531180e+00 -9.26703785e+01 
 4.93252513e+07  6.26783310e+00 -9.27445724e+01 
 5.04626783e+07  6.07037915e+00 -9.28201812e+01 
 5.16263340e+07  5.87295112e+00 -9.28972435e+01 
 5.28168234e+07  5.67555022e+00 -9.29757984e+01 
 5.40347650e+07  5.47817775e+00 -9.30558858e+01 
 5.52807921e+07  5.28083501e+00 -9.31375463e+01 
 5.65555523e+07  5.08352342e+00 -9.32208214e+01 
 5.78597080e+07  4.88624442e+00 -9.33057531e+01 
 5.91939372e+07  4.68899955e+00 -9.33923844e+01 
 6.05589334e+07  4.49179038e+00 -9.34807589e+01 
 6.19554061e+07  4.29461860e+00 -9.35709213e+01 
 6.33840810e+07  4.09748593e+00 -9.36629168e+01 
 6.48457008e+07  3.90039420e+00 -9.37567917e+01 
 6.63410251e+07  3.70334531e+00 -9.38525930e+01 
 6.78708313e+07  3.50634126e+00 -9.39503687e+01 
 6.94359143e+07  3.30938411e+00 -9.40501676e+01 
 7.10370877e+07  3.11247606e+00 -9.41520396e+01 
 7.26751838e+07  2.91561935e+00 -9.42560352e+01 
 7.43510539e+07  2.71881639e+00 -9.43622061e+01 
 7.60655691e+07  2.52206964e+00 -9.44706050e+01 
 7.78196206e+07  2.32538170e+00 -9.45812853e+01 
 7.96141200e+07  2.12875530e+00 -9.46943017e+01 
 8.14500001e+07  1.93219326e+00 -9.48097097e+01 
 8.33282151e+07  1.73569855e+00 -9.49275659e+01 
 8.52497412e+07  1.53927426e+00 -9.50479280e+01 
 8.72155772e+07  1.34292365e+00 -9.51708546e+01 
 8.92267449e+07  1.14665008e+00 -9.52964055e+01 
 9.12842895e+07  9.50457098e-01 -9.54246416e+01 
 9.33892805e+07  7.54348395e-01 -9.55556246e+01 
 9.55428121e+07  5.58327831e-01 -9.56894177e+01 
 9.77460036e+07  3.62399438e-01 -9.58260849e+01 
 1.00000000e+08  1.66567427e-01 -9.59656915e+01 
 1.02305973e+08 -2.91638006e-02 -9.61083038e+01 
 1.04665121e+08 -2.24789651e-01 -9.62539894e+01 
 1.07078670e+08 -4.20305326e-01 -9.64028168e+01 
 1.09547876e+08 -6.15705813e-01 -9.65548559e+01 
 1.12074020e+08 -8.10985882e-01 -9.67101775e+01 
 1.14658417e+08 -1.00614007e+00 -9.68688538e+01 
 1.17302409e+08 -1.20116267e+00 -9.70309580e+01 
 1.20007371e+08 -1.39604774e+00 -9.71965644e+01 
 1.22774708e+08 -1.59078906e+00 -9.73657485e+01 
 1.25605860e+08 -1.78538014e+00 -9.75385871e+01 
 1.28502297e+08 -1.97981424e+00 -9.77151579e+01 
 1.31465525e+08 -2.17408429e+00 -9.78955397e+01 
 1.34497085e+08 -2.36818292e+00 -9.80798126e+01 
 1.37598551e+08 -2.56210248e+00 -9.82680577e+01 
 1.40771537e+08 -2.75583495e+00 -9.84603571e+01 
 1.44017690e+08 -2.94937199e+00 -9.86567941e+01 
 1.47338699e+08 -3.14270490e+00 -9.88574528e+01 
 1.50736290e+08 -3.33582462e+00 -9.90624185e+01 
 1.54212228e+08 -3.52872170e+00 -9.92717773e+01 
 1.57768320e+08 -3.72138631e+00 -9.94856163e+01 
 1.61406415e+08 -3.91380819e+00 -9.97040235e+01 
 1.65128404e+08 -4.10597668e+00 -9.99270876e+01 
 1.68936220e+08 -4.29788067e+00 -1.00154898e+02 
 1.72831844e+08 -4.48950859e+00 -1.00387546e+02 
 1.76817299e+08 -4.68084842e+00 -1.00625121e+02 
 1.80894658e+08 -4.87188764e+00 -1.00867715e+02 
 1.85066040e+08 -5.06261324e+00 -1.01115421e+02 
 1.89333613e+08 -5.25301167e+00 -1.01368330e+02 
 1.93699595e+08 -5.44306889e+00 -1.01626536e+02 
 1.98166255e+08 -5.63277028e+00 -1.01890131e+02 
 2.02735916e+08 -5.82210066e+00 -1.02159209e+02 
 2.07410951e+08 -6.01104428e+00 -1.02433863e+02 
 2.12193792e+08 -6.19958477e+00 -1.02714185e+02 
 2.17086923e+08 -6.38770518e+00 -1.03000270e+02 
 2.22092889e+08 -6.57538790e+00 -1.03292208e+02 
 2.27214291e+08 -6.76261469e+00 -1.03590092e+02 
 2.32453791e+08 -6.94936664e+00 -1.03894014e+02 
 2.37814113e+08 -7.13562419e+00 -1.04204064e+02 
 2.43298042e+08 -7.32136705e+00 -1.04520331e+02 
 2.48908429e+08 -7.50657426e+00 -1.04842903e+02 
 2.54648190e+08 -7.69122412e+00 -1.05171867e+02 
 2.60520309e+08 -7.87529423e+00 -1.05507309e+02 
 2.66527837e+08 -8.05876140e+00 -1.05849311e+02 
 2.72673897e+08 -8.24160174e+00 -1.06197956e+02 
 2.78961683e+08 -8.42379058e+00 -1.06553321e+02 
 2.85394464e+08 -8.60530247e+00 -1.06915483e+02 
 2.91975583e+08 -8.78611121e+00 -1.07284515e+02 
 2.98708461e+08 -8.96618979e+00 -1.07660489e+02 
 3.05596598e+08 -9.14551046e+00 -1.08043471e+02 
 3.12643573e+08 -9.32404465e+00 -1.08433523e+02 
 3.19853049e+08 -9.50176302e+00 -1.08830706e+02 
 3.27228774e+08 -9.67863548e+00 -1.09235074e+02 
 3.34774581e+08 -9.85463114e+00 -1.09646677e+02 
 3.42494392e+08 -1.00297184e+01 -1.10065560e+02 
 3.50392221e+08 -1.02038648e+01 -1.10491764e+02 
 3.58472171e+08 -1.03770372e+01 -1.10925321e+02 
 3.66738442e+08 -1.05492019e+01 -1.11366261e+02 
 3.75195331e+08 -1.07203242e+01 -1.11814603e+02 
 3.83847234e+08 -1.08903691e+01 -1.12270364e+02 
 3.92698648e+08 -1.10593006e+01 -1.12733549e+02 
 4.01754173e+08 -1.12270824e+01 -1.13204160e+02 
 4.11018515e+08 -1.13936774e+01 -1.13682187e+02 
 4.20496491e+08 -1.15590482e+01 -1.14167615e+02 
 4.30193027e+08 -1.17231567e+01 -1.14660418e+02 
 4.40113162e+08 -1.18859645e+01 -1.15160561e+02 
 4.50262052e+08 -1.20474330e+01 -1.15668002e+02 
 4.60644974e+08 -1.22075229e+01 -1.16182686e+02 
 4.71267322e+08 -1.23661950e+01 -1.16704550e+02 
 4.82134619e+08 -1.25234098e+01 -1.17233520e+02 
 4.93252513e+08 -1.26791277e+01 -1.17769513e+02 
 5.04626783e+08 -1.28333091e+01 -1.18312431e+02 
 5.16263340e+08 -1.29859145e+01 -1.18862170e+02 
 5.28168234e+08 -1.31369045e+01 -1.19418611e+02 
 5.40347650e+08 -1.32862399e+01 -1.19981624e+02 
 5.52807921e+08 -1.34338820e+01 -1.20551069e+02 
 5.65555523e+08 -1.35797924e+01 -1.21126793e+02 
 5.78597080e+08 -1.37239334e+01 -1.21708632e+02 
 5.91939372e+08 -1.38662678e+01 -1.22296409e+02 
 6.05589334e+08 -1.40067591e+01 -1.22889936e+02 
 6.19554061e+08 -1.41453719e+01 -1.23489013e+02 
 6.33840810e+08 -1.42820716e+01 -1.24093430e+02 
 6.48457008e+08 -1.44168246e+01 -1.24702963e+02 
 6.63410251e+08 -1.45495988e+01 -1.25317379e+02 
 6.78708313e+08 -1.46803630e+01 -1.25936433e+02 
 6.94359143e+08 -1.48090877e+01 -1.26559870e+02 
 7.10370877e+08 -1.49357449e+01 -1.27187426e+02 
 7.26751838e+08 -1.50603079e+01 -1.27818824e+02 
 7.43510539e+08 -1.51827520e+01 -1.28453782e+02 
 7.60655691e+08 -1.53030543e+01 -1.29092006e+02 
 7.78196206e+08 -1.54211936e+01 -1.29733196e+02 
 7.96141200e+08 -1.55371508e+01 -1.30377045e+02 
 8.14500001e+08 -1.56509088e+01 -1.31023237e+02 
 8.33282151e+08 -1.57624527e+01 -1.31671452e+02 
 8.52497412e+08 -1.58717696e+01 -1.32321365e+02 
 8.72155772e+08 -1.59788488e+01 -1.32972645e+02 
 8.92267449e+08 -1.60836822e+01 -1.33624959e+02 
 9.12842895e+08 -1.61862637e+01 -1.34277971e+02 
 9.33892805e+08 -1.62865895e+01 -1.34931343e+02 
 9.55428121e+08 -1.63846582e+01 -1.35584735e+02 
 9.77460036e+08 -1.64804710e+01 -1.36237809e+02 
 1.00000000e+09 -1.65740310e+01 -1.36890227e+02 
 1.02305973e+09 -1.66653440e+01 -1.37541651e+02 
 1.04665121e+09 -1.67544178e+01 -1.38191747e+02 
 1.07078670e+09 -1.68412628e+01 -1.38840186e+02 
 1.09547876e+09 -1.69258913e+01 -1.39486640e+02 
 1.12074020e+09 -1.70083179e+01 -1.40130788e+02 
 1.14658417e+09 -1.70885595e+01 -1.40772314e+02 
 1.17302409e+09 -1.71666348e+01 -1.41410910e+02 
 1.20007371e+09 -1.72425646e+01 -1.42046273e+02 
 1.22774708e+09 -1.73163716e+01 -1.42678110e+02 
 1.25605860e+09 -1.73880803e+01 -1.43306135e+02 
 1.28502297e+09 -1.74577168e+01 -1.43930071e+02 
 1.31465525e+09 -1.75253091e+01 -1.44549651e+02 
 1.34497085e+09 -1.75908864e+01 -1.45164619e+02 
 1.37598551e+09 -1.76544795e+01 -1.45774728e+02 
 1.40771537e+09 -1.77161206e+01 -1.46379743e+02 
 1.44017690e+09 -1.77758430e+01 -1.46979438e+02 
 1.47338699e+09 -1.78336809e+01 -1.47573601e+02 
 1.50736290e+09 -1.78896699e+01 -1.48162029e+02 
 1.54212228e+09 -1.79438462e+01 -1.48744533e+02 
 1.57768320e+09 -1.79962468e+01 -1.49320934e+02 
 1.61406415e+09 -1.80469094e+01 -1.49891066e+02 
 1.65128404e+09 -1.80958722e+01 -1.50454773e+02 
 1.68936220e+09 -1.81431741e+01 -1.51011912e+02 
 1.72831844e+09 -1.81888541e+01 -1.51562352e+02 
 1.76817299e+09 -1.82329514e+01 -1.52105974e+02 
 1.80894658e+09 -1.82755057e+01 -1.52642668e+02 
 1.85066040e+09 -1.83165565e+01 -1.53172336e+02 
 1.89333613e+09 -1.83561434e+01 -1.53694894e+02 
 1.93699595e+09 -1.83943060e+01 -1.54210263e+02 
 1.98166255e+09 -1.84310835e+01 -1.54718380e+02 
 2.02735916e+09 -1.84665151e+01 -1.55219189e+02 
 2.07410951e+09 -1.85006397e+01 -1.55712644e+02 
 2.12193792e+09 -1.85334957e+01 -1.56198709e+02 
 2.17086923e+09 -1.85651211e+01 -1.56677357e+02 
 2.22092889e+09 -1.85955535e+01 -1.57148570e+02 
 2.27214291e+09 -1.86248302e+01 -1.57612337e+02 
 2.32453791e+09 -1.86529874e+01 -1.58068658e+02 
 2.37814113e+09 -1.86800613e+01 -1.58517538e+02 
 2.43298042e+09 -1.87060870e+01 -1.58958989e+02 
 2.48908429e+09 -1.87310993e+01 -1.59393032e+02 
 2.54648190e+09 -1.87551321e+01 -1.59819694e+02 
 2.60520309e+09 -1.87782185e+01 -1.60239006e+02 
 2.66527837e+09 -1.88003912e+01 -1.60651007e+02 
 2.72673897e+09 -1.88216819e+01 -1.61055742e+02 
 2.78961683e+09 -1.88421216e+01 -1.61453258e+02 
 2.85394464e+09 -1.88617406e+01 -1.61843610e+02 
 2.91975583e+09 -1.88805682e+01 -1.62226855e+02 
 2.98708461e+09 -1.88986332e+01 -1.62603056e+02 
 3.05596598e+09 -1.89159635e+01 -1.62972279e+02 
 3.12643573e+09 -1.89325862e+01 -1.63334592e+02 
 3.19853049e+09 -1.89485277e+01 -1.63690068e+02 
 3.27228774e+09 -1.89638135e+01 -1.64038783e+02 
 3.34774581e+09 -1.89784684e+01 -1.64380815e+02 
 3.42494392e+09 -1.89925164e+01 -1.64716243e+02 
 3.50392221e+09 -1.90059809e+01 -1.65045151e+02 
 3.58472171e+09 -1.90188844e+01 -1.65367622e+02 
 3.66738442e+09 -1.90312486e+01 -1.65683743e+02 
 3.75195331e+09 -1.90430947e+01 -1.65993601e+02 
 3.83847234e+09 -1.90544431e+01 -1.66297283e+02 
 3.92698648e+09 -1.90653134e+01 -1.66594881e+02 
 4.01754173e+09 -1.90757247e+01 -1.66886485e+02 
 4.11018515e+09 -1.90856953e+01 -1.67172185e+02 
 4.20496491e+09 -1.90952429e+01 -1.67452074e+02 
 4.30193027e+09 -1.91043847e+01 -1.67726243e+02 
 4.40113162e+09 -1.91131370e+01 -1.67994784e+02 
 4.50262052e+09 -1.91215156e+01 -1.68257791e+02 
 4.60644974e+09 -1.91295360e+01 -1.68515355e+02 
 4.71267322e+09 -1.91372127e+01 -1.68767569e+02 
 4.82134619e+09 -1.91445600e+01 -1.69014525e+02 
 4.93252513e+09 -1.91515914e+01 -1.69256314e+02 
 5.04626783e+09 -1.91583201e+01 -1.69493028e+02 
 5.16263340e+09 -1.91647586e+01 -1.69724757e+02 
 5.28168234e+09 -1.91709190e+01 -1.69951592e+02 
 5.40347650e+09 -1.91768131e+01 -1.70173622e+02 
 5.52807921e+09 -1.91824519e+01 -1.70390935e+02 
 5.65555523e+09 -1.91878462e+01 -1.70603620e+02 
 5.78597080e+09 -1.91930064e+01 -1.70811764e+02 
 5.91939372e+09 -1.91979423e+01 -1.71015453e+02 
 6.05589334e+09 -1.92026635e+01 -1.71214772e+02 
 6.19554061e+09 -1.92071790e+01 -1.71409806e+02 
 6.33840810e+09 -1.92114976e+01 -1.71600637e+02 
 6.48457008e+09 -1.92156278e+01 -1.71787349e+02 
 6.63410251e+09 -1.92195775e+01 -1.71970022e+02 
 6.78708313e+09 -1.92233546e+01 -1.72148736e+02 
 6.94359143e+09 -1.92269664e+01 -1.72323571e+02 
 7.10370877e+09 -1.92304200e+01 -1.72494604e+02 
 7.26751838e+09 -1.92337222e+01 -1.72661912e+02 
 7.43510539e+09 -1.92368796e+01 -1.72825571e+02 
 7.60655691e+09 -1.92398984e+01 -1.72985654e+02 
 7.78196206e+09 -1.92427847e+01 -1.73142236e+02 
 7.96141200e+09 -1.92455440e+01 -1.73295387e+02 
 8.14500001e+09 -1.92481820e+01 -1.73445180e+02 
 8.33282151e+09 -1.92507040e+01 -1.73591683e+02 
 8.52497412e+09 -1.92531149e+01 -1.73734966e+02 
 8.72155772e+09 -1.92554196e+01 -1.73875094e+02 
 8.92267449e+09 -1.92576227e+01 -1.74012136e+02 
 9.12842895e+09 -1.92597286e+01 -1.74146155e+02 
 9.33892805e+09 -1.92617417e+01 -1.74277215e+02 
 9.55428121e+09 -1.92636659e+01 -1.74405380e+02 
 9.77460036e+09 -1.92655051e+01 -1.74530709e+02 
 1.00000000e+10 -1.92672631e+01 -1.74653265e+02 
