 time            v(inp)          v(out)         
 0.00000000e+00  9.00000000e-01  8.99926232e-01 
 1.10000000e-11  9.00000000e-01  8.99926232e-01 
 2.20000000e-11  9.00000000e-01  8.99926232e-01 
 4.40000000e-11  9.00000000e-01  8.99926232e-01 
 8.80000000e-11  9.00000000e-01  8.99926232e-01 
 1.76000000e-10  9.00000000e-01  8.99926232e-01 
 3.52000000e-10  9.00000000e-01  8.99926232e-01 
 7.04000000e-10  9.00000000e-01  8.99926232e-01 
 1.40800000e-09  9.00000000e-01  8.99926232e-01 
 2.50800000e-09  9.00000000e-01  8.99926232e-01 
 3.60800000e-09  9.00000000e-01  8.99926232e-01 
 4.70800000e-09  9.00000000e-01  8.99926232e-01 
 5.80800000e-09  9.00000000e-01  8.99926232e-01 
 6.90800000e-09  9.00000000e-01  8.99926232e-01 
 8.00800000e-09  9.00000000e-01  8.99926232e-01 
 9.10800000e-09  9.00000000e-01  8.99926232e-01 
 1.02080000e-08  9.00000000e-01  8.99926232e-01 
 1.13080000e-08  9.00000000e-01  8.99926232e-01 
 1.24080000e-08  9.00000000e-01  8.99926232e-01 
 1.35080000e-08  9.00000000e-01  8.99926232e-01 
 1.46080000e-08  9.00000000e-01  8.99926232e-01 
 1.57080000e-08  9.00000000e-01  8.99926232e-01 
 1.68080000e-08  9.00000000e-01  8.99926232e-01 
 1.79080000e-08  9.00000000e-01  8.99926232e-01 
 1.90080000e-08  9.00000000e-01  8.99926232e-01 
 2.01080000e-08  9.00000000e-01  8.99926232e-01 
 2.12080000e-08  9.00000000e-01  8.99926232e-01 
 2.23080000e-08  9.00000000e-01  8.99926232e-01 
 2.34080000e-08  9.00000000e-01  8.99926232e-01 
 2.45080000e-08  9.00000000e-01  8.99926232e-01 
 2.56080000e-08  9.00000000e-01  8.99926232e-01 
 2.67080000e-08  9.00000000e-01  8.99926232e-01 
 2.78080000e-08  9.00000000e-01  8.99926232e-01 
 2.89080000e-08  9.00000000e-01  8.99926232e-01 
 3.00080000e-08  9.00000000e-01  8.99926232e-01 
 3.11080000e-08  9.00000000e-01  8.99926232e-01 
 3.22080000e-08  9.00000000e-01  8.99926232e-01 
 3.33080000e-08  9.00000000e-01  8.99926232e-01 
 3.44080000e-08  9.00000000e-01  8.99926232e-01 
 3.55080000e-08  9.00000000e-01  8.99926232e-01 
 3.66080000e-08  9.00000000e-01  8.99926232e-01 
 3.77080000e-08  9.00000000e-01  8.99926232e-01 
 3.88080000e-08  9.00000000e-01  8.99926232e-01 
 3.99080000e-08  9.00000000e-01  8.99926232e-01 
 4.10080000e-08  9.00000000e-01  8.99926232e-01 
 4.21080000e-08  9.00000000e-01  8.99926232e-01 
 4.32080000e-08  9.00000000e-01  8.99926232e-01 
 4.43080000e-08  9.00000000e-01  8.99926232e-01 
 4.54080000e-08  9.00000000e-01  8.99926232e-01 
 4.65080000e-08  9.00000000e-01  8.99926232e-01 
 4.76080000e-08  9.00000000e-01  8.99926232e-01 
 4.87080000e-08  9.00000000e-01  8.99926232e-01 
 4.98080000e-08  9.00000000e-01  8.99926232e-01 
 5.09080000e-08  9.00000000e-01  8.99926232e-01 
 5.20080000e-08  9.00000000e-01  8.99926232e-01 
 5.31080000e-08  9.00000000e-01  8.99926232e-01 
 5.42080000e-08  9.00000000e-01  8.99926232e-01 
 5.53080000e-08  9.00000000e-01  8.99926232e-01 
 5.64080000e-08  9.00000000e-01  8.99926232e-01 
 5.75080000e-08  9.00000000e-01  8.99926232e-01 
 5.86080000e-08  9.00000000e-01  8.99926232e-01 
 5.97080000e-08  9.00000000e-01  8.99926232e-01 
 6.08080000e-08  9.00000000e-01  8.99926232e-01 
 6.19080000e-08  9.00000000e-01  8.99926232e-01 
 6.30080000e-08  9.00000000e-01  8.99926232e-01 
 6.41080000e-08  9.00000000e-01  8.99926232e-01 
 6.52080000e-08  9.00000000e-01  8.99926232e-01 
 6.63080000e-08  9.00000000e-01  8.99926232e-01 
 6.74080000e-08  9.00000000e-01  8.99926232e-01 
 6.85080000e-08  9.00000000e-01  8.99926232e-01 
 6.96080000e-08  9.00000000e-01  8.99926232e-01 
 7.07080000e-08  9.00000000e-01  8.99926232e-01 
 7.18080000e-08  9.00000000e-01  8.99926232e-01 
 7.29080000e-08  9.00000000e-01  8.99926232e-01 
 7.40080000e-08  9.00000000e-01  8.99926232e-01 
 7.51080000e-08  9.00000000e-01  8.99926232e-01 
 7.62080000e-08  9.00000000e-01  8.99926232e-01 
 7.73080000e-08  9.00000000e-01  8.99926232e-01 
 7.84080000e-08  9.00000000e-01  8.99926232e-01 
 7.95080000e-08  9.00000000e-01  8.99926232e-01 
 8.06080000e-08  9.00000000e-01  8.99926232e-01 
 8.17080000e-08  9.00000000e-01  8.99926232e-01 
 8.28080000e-08  9.00000000e-01  8.99926232e-01 
 8.39080000e-08  9.00000000e-01  8.99926232e-01 
 8.50080000e-08  9.00000000e-01  8.99926232e-01 
 8.61080000e-08  9.00000000e-01  8.99926232e-01 
 8.72080000e-08  9.00000000e-01  8.99926232e-01 
 8.83080000e-08  9.00000000e-01  8.99926232e-01 
 8.94080000e-08  9.00000000e-01  8.99926232e-01 
 9.05080000e-08  9.00000000e-01  8.99926232e-01 
 9.16080000e-08  9.00000000e-01  8.99926232e-01 
 9.27080000e-08  9.00000000e-01  8.99926232e-01 
 9.38080000e-08  9.00000000e-01  8.99926232e-01 
 9.49080000e-08  9.00000000e-01  8.99926232e-01 
 9.60080000e-08  9.00000000e-01  8.99926232e-01 
 9.71080000e-08  9.00000000e-01  8.99926232e-01 
 9.82080000e-08  9.00000000e-01  8.99926232e-01 
 9.93080000e-08  9.00000000e-01  8.99926232e-01 
 1.00000000e-07  9.00000000e-01  8.99926232e-01 
 1.00001000e-07  9.01000000e-01  8.99928928e-01 
 1.00003000e-07  9.03000000e-01  8.99934325e-01 
 1.00007000e-07  9.07000000e-01  8.99945153e-01 
 1.00010000e-07  9.10000000e-01  8.99953305e-01 
 1.00010800e-07  9.10000000e-01  8.99953338e-01 
 1.00012400e-07  9.10000000e-01  8.99953403e-01 
 1.00015600e-07  9.10000000e-01  8.99953530e-01 
 1.00022000e-07  9.10000000e-01  8.99953777e-01 
 1.00034800e-07  9.10000000e-01  8.99954236e-01 
 1.00060400e-07  9.10000000e-01  8.99955039e-01 
 1.00111600e-07  9.10000000e-01  8.99956266e-01 
 1.00214000e-07  9.10000000e-01  8.99957698e-01 
 1.00418800e-07  9.10000000e-01  8.99958527e-01 
 1.00828400e-07  9.10000000e-01  8.99957861e-01 
 1.01647600e-07  9.10000000e-01  8.99956213e-01 
 1.02747600e-07  9.10000000e-01  8.99955998e-01 
 1.03847600e-07  9.10000000e-01  8.99958127e-01 
 1.04947600e-07  9.10000000e-01  8.99962789e-01 
 1.06047600e-07  9.10000000e-01  8.99969966e-01 
 1.07147600e-07  9.10000000e-01  8.99979660e-01 
 1.08247600e-07  9.10000000e-01  8.99991820e-01 
 1.09347600e-07  9.10000000e-01  9.00006401e-01 
 1.10447600e-07  9.10000000e-01  9.00023342e-01 
 1.11547600e-07  9.10000000e-01  9.00042580e-01 
 1.12647600e-07  9.10000000e-01  9.00064047e-01 
 1.13747600e-07  9.10000000e-01  9.00087670e-01 
 1.14847600e-07  9.10000000e-01  9.00113377e-01 
 1.15947600e-07  9.10000000e-01  9.00141092e-01 
 1.17047600e-07  9.10000000e-01  9.00170740e-01 
 1.18147600e-07  9.10000000e-01  9.00202246e-01 
 1.19247600e-07  9.10000000e-01  9.00235534e-01 
 1.20347600e-07  9.10000000e-01  9.00270528e-01 
 1.21447600e-07  9.10000000e-01  9.00307156e-01 
 1.22547600e-07  9.10000000e-01  9.00345343e-01 
 1.23647600e-07  9.10000000e-01  9.00385019e-01 
 1.24747600e-07  9.10000000e-01  9.00426112e-01 
 1.25847600e-07  9.10000000e-01  9.00468554e-01 
 1.26947600e-07  9.10000000e-01  9.00512278e-01 
 1.28047600e-07  9.10000000e-01  9.00557218e-01 
 1.29147600e-07  9.10000000e-01  9.00603310e-01 
 1.30247600e-07  9.10000000e-01  9.00650492e-01 
 1.31347600e-07  9.10000000e-01  9.00698705e-01 
 1.32447600e-07  9.10000000e-01  9.00747889e-01 
 1.33547600e-07  9.10000000e-01  9.00797989e-01 
 1.34647600e-07  9.10000000e-01  9.00848949e-01 
 1.35747600e-07  9.10000000e-01  9.00900716e-01 
 1.36847600e-07  9.10000000e-01  9.00953240e-01 
 1.37947600e-07  9.10000000e-01  9.01006470e-01 
 1.39047600e-07  9.10000000e-01  9.01060359e-01 
 1.40147600e-07  9.10000000e-01  9.01114861e-01 
 1.41247600e-07  9.10000000e-01  9.01169931e-01 
 1.42347600e-07  9.10000000e-01  9.01225527e-01 
 1.43447600e-07  9.10000000e-01  9.01281607e-01 
 1.44547600e-07  9.10000000e-01  9.01338132e-01 
 1.45647600e-07  9.10000000e-01  9.01395063e-01 
 1.46747600e-07  9.10000000e-01  9.01452364e-01 
 1.47847600e-07  9.10000000e-01  9.01509999e-01 
 1.48947600e-07  9.10000000e-01  9.01567934e-01 
 1.50047600e-07  9.10000000e-01  9.01626137e-01 
 1.51147600e-07  9.10000000e-01  9.01684575e-01 
 1.52247600e-07  9.10000000e-01  9.01743220e-01 
 1.53347600e-07  9.10000000e-01  9.01802041e-01 
 1.54447600e-07  9.10000000e-01  9.01861012e-01 
 1.55547600e-07  9.10000000e-01  9.01920105e-01 
 1.56647600e-07  9.10000000e-01  9.01979296e-01 
 1.57747600e-07  9.10000000e-01  9.02038558e-01 
 1.58847600e-07  9.10000000e-01  9.02097870e-01 
 1.59947600e-07  9.10000000e-01  9.02157209e-01 
 1.61047600e-07  9.10000000e-01  9.02216553e-01 
 1.62147600e-07  9.10000000e-01  9.02275881e-01 
 1.63247600e-07  9.10000000e-01  9.02335174e-01 
 1.64347600e-07  9.10000000e-01  9.02394413e-01 
 1.65447600e-07  9.10000000e-01  9.02453581e-01 
 1.66547600e-07  9.10000000e-01  9.02512659e-01 
 1.67647600e-07  9.10000000e-01  9.02571632e-01 
 1.68747600e-07  9.10000000e-01  9.02630484e-01 
 1.69847600e-07  9.10000000e-01  9.02689200e-01 
 1.70947600e-07  9.10000000e-01  9.02747766e-01 
 1.72047600e-07  9.10000000e-01  9.02806168e-01 
 1.73147600e-07  9.10000000e-01  9.02864394e-01 
 1.74247600e-07  9.10000000e-01  9.02922431e-01 
 1.75347600e-07  9.10000000e-01  9.02980267e-01 
 1.76447600e-07  9.10000000e-01  9.03037892e-01 
 1.77547600e-07  9.10000000e-01  9.03095294e-01 
 1.78647600e-07  9.10000000e-01  9.03152465e-01 
 1.79747600e-07  9.10000000e-01  9.03209394e-01 
 1.80847600e-07  9.10000000e-01  9.03266073e-01 
 1.81947600e-07  9.10000000e-01  9.03322493e-01 
 1.83047600e-07  9.10000000e-01  9.03378646e-01 
 1.84147600e-07  9.10000000e-01  9.03434525e-01 
 1.85247600e-07  9.10000000e-01  9.03490122e-01 
 1.86347600e-07  9.10000000e-01  9.03545431e-01 
 1.87447600e-07  9.10000000e-01  9.03600446e-01 
 1.88547600e-07  9.10000000e-01  9.03655160e-01 
 1.89647600e-07  9.10000000e-01  9.03709569e-01 
 1.90747600e-07  9.10000000e-01  9.03763666e-01 
 1.91847600e-07  9.10000000e-01  9.03817447e-01 
 1.92947600e-07  9.10000000e-01  9.03870908e-01 
 1.94047600e-07  9.10000000e-01  9.03924044e-01 
 1.95147600e-07  9.10000000e-01  9.03976851e-01 
 1.96247600e-07  9.10000000e-01  9.04029326e-01 
 1.97347600e-07  9.10000000e-01  9.04081466e-01 
 1.98447600e-07  9.10000000e-01  9.04133267e-01 
 1.99547600e-07  9.10000000e-01  9.04184726e-01 
 2.00647600e-07  9.10000000e-01  9.04235842e-01 
 2.01747600e-07  9.10000000e-01  9.04286612e-01 
 2.02847600e-07  9.10000000e-01  9.04337033e-01 
 2.03947600e-07  9.10000000e-01  9.04387103e-01 
 2.05047600e-07  9.10000000e-01  9.04436822e-01 
 2.06147600e-07  9.10000000e-01  9.04486188e-01 
 2.07247600e-07  9.10000000e-01  9.04535199e-01 
 2.08347600e-07  9.10000000e-01  9.04583854e-01 
 2.09447600e-07  9.10000000e-01  9.04632152e-01 
 2.10547600e-07  9.10000000e-01  9.04680093e-01 
 2.11647600e-07  9.10000000e-01  9.04727676e-01 
 2.12747600e-07  9.10000000e-01  9.04774901e-01 
 2.13847600e-07  9.10000000e-01  9.04821767e-01 
 2.14947600e-07  9.10000000e-01  9.04868274e-01 
 2.16047600e-07  9.10000000e-01  9.04914423e-01 
 2.17147600e-07  9.10000000e-01  9.04960212e-01 
 2.18247600e-07  9.10000000e-01  9.05005643e-01 
 2.19347600e-07  9.10000000e-01  9.05050716e-01 
 2.20447600e-07  9.10000000e-01  9.05095432e-01 
 2.21547600e-07  9.10000000e-01  9.05139790e-01 
 2.22647600e-07  9.10000000e-01  9.05183792e-01 
 2.23747600e-07  9.10000000e-01  9.05227439e-01 
 2.24847600e-07  9.10000000e-01  9.05270730e-01 
 2.25947600e-07  9.10000000e-01  9.05313668e-01 
 2.27047600e-07  9.10000000e-01  9.05356253e-01 
 2.28147600e-07  9.10000000e-01  9.05398487e-01 
 2.29247600e-07  9.10000000e-01  9.05440370e-01 
 2.30347600e-07  9.10000000e-01  9.05481904e-01 
 2.31447600e-07  9.10000000e-01  9.05523090e-01 
 2.32547600e-07  9.10000000e-01  9.05563930e-01 
 2.33647600e-07  9.10000000e-01  9.05604425e-01 
 2.34747600e-07  9.10000000e-01  9.05644576e-01 
 2.35847600e-07  9.10000000e-01  9.05684386e-01 
 2.36947600e-07  9.10000000e-01  9.05723855e-01 
 2.38047600e-07  9.10000000e-01  9.05762986e-01 
 2.39147600e-07  9.10000000e-01  9.05801780e-01 
 2.40247600e-07  9.10000000e-01  9.05840238e-01 
 2.41347600e-07  9.10000000e-01  9.05878364e-01 
 2.42447600e-07  9.10000000e-01  9.05916157e-01 
 2.43547600e-07  9.10000000e-01  9.05953622e-01 
 2.44647600e-07  9.10000000e-01  9.05990758e-01 
 2.45747600e-07  9.10000000e-01  9.06027569e-01 
 2.46847600e-07  9.10000000e-01  9.06064056e-01 
 2.47947600e-07  9.10000000e-01  9.06100220e-01 
 2.49047600e-07  9.10000000e-01  9.06136066e-01 
 2.50147600e-07  9.10000000e-01  9.06171593e-01 
 2.51247600e-07  9.10000000e-01  9.06206804e-01 
 2.52347600e-07  9.10000000e-01  9.06241702e-01 
 2.53447600e-07  9.10000000e-01  9.06276289e-01 
 2.54547600e-07  9.10000000e-01  9.06310565e-01 
 2.55647600e-07  9.10000000e-01  9.06344535e-01 
 2.56747600e-07  9.10000000e-01  9.06378199e-01 
 2.57847600e-07  9.10000000e-01  9.06411560e-01 
 2.58947600e-07  9.10000000e-01  9.06444620e-01 
 2.60047600e-07  9.10000000e-01  9.06477381e-01 
 2.61147600e-07  9.10000000e-01  9.06509846e-01 
 2.62247600e-07  9.10000000e-01  9.06542016e-01 
 2.63347600e-07  9.10000000e-01  9.06573894e-01 
 2.64447600e-07  9.10000000e-01  9.06605482e-01 
 2.65547600e-07  9.10000000e-01  9.06636782e-01 
 2.66647600e-07  9.10000000e-01  9.06667797e-01 
 2.67747600e-07  9.10000000e-01  9.06698528e-01 
 2.68847600e-07  9.10000000e-01  9.06728977e-01 
 2.69947600e-07  9.10000000e-01  9.06759148e-01 
 2.71047600e-07  9.10000000e-01  9.06789041e-01 
 2.72147600e-07  9.10000000e-01  9.06818660e-01 
 2.73247600e-07  9.10000000e-01  9.06848007e-01 
 2.74347600e-07  9.10000000e-01  9.06877083e-01 
 2.75447600e-07  9.10000000e-01  9.06905890e-01 
 2.76547600e-07  9.10000000e-01  9.06934432e-01 
 2.77647600e-07  9.10000000e-01  9.06962710e-01 
 2.78747600e-07  9.10000000e-01  9.06990727e-01 
 2.79847600e-07  9.10000000e-01  9.07018484e-01 
 2.80947600e-07  9.10000000e-01  9.07045983e-01 
 2.82047600e-07  9.10000000e-01  9.07073227e-01 
 2.83147600e-07  9.10000000e-01  9.07100219e-01 
 2.84247600e-07  9.10000000e-01  9.07126959e-01 
 2.85347600e-07  9.10000000e-01  9.07153451e-01 
 2.86447600e-07  9.10000000e-01  9.07179696e-01 
 2.87547600e-07  9.10000000e-01  9.07205696e-01 
 2.88647600e-07  9.10000000e-01  9.07231454e-01 
 2.89747600e-07  9.10000000e-01  9.07256971e-01 
 2.90847600e-07  9.10000000e-01  9.07282251e-01 
 2.91947600e-07  9.10000000e-01  9.07307293e-01 
 2.93047600e-07  9.10000000e-01  9.07332102e-01 
 2.94147600e-07  9.10000000e-01  9.07356679e-01 
 2.95247600e-07  9.10000000e-01  9.07381025e-01 
 2.96347600e-07  9.10000000e-01  9.07405143e-01 
 2.97447600e-07  9.10000000e-01  9.07429035e-01 
 2.98547600e-07  9.10000000e-01  9.07452703e-01 
 2.99647600e-07  9.10000000e-01  9.07476149e-01 
 3.00747600e-07  9.10000000e-01  9.07499375e-01 
 3.01847600e-07  9.10000000e-01  9.07522382e-01 
 3.02947600e-07  9.10000000e-01  9.07545173e-01 
 3.04047600e-07  9.10000000e-01  9.07567750e-01 
 3.05147600e-07  9.10000000e-01  9.07590115e-01 
 3.06247600e-07  9.10000000e-01  9.07612268e-01 
 3.07347600e-07  9.10000000e-01  9.07634214e-01 
 3.08447600e-07  9.10000000e-01  9.07655952e-01 
 3.09547600e-07  9.10000000e-01  9.07677486e-01 
 3.10647600e-07  9.10000000e-01  9.07698817e-01 
 3.11747600e-07  9.10000000e-01  9.07719946e-01 
 3.12847600e-07  9.10000000e-01  9.07740876e-01 
 3.13947600e-07  9.10000000e-01  9.07761609e-01 
 3.15047600e-07  9.10000000e-01  9.07782146e-01 
 3.16147600e-07  9.10000000e-01  9.07802489e-01 
 3.17247600e-07  9.10000000e-01  9.07822640e-01 
 3.18347600e-07  9.10000000e-01  9.07842600e-01 
 3.19447600e-07  9.10000000e-01  9.07862372e-01 
 3.20547600e-07  9.10000000e-01  9.07881957e-01 
 3.21647600e-07  9.10000000e-01  9.07901356e-01 
 3.22747600e-07  9.10000000e-01  9.07920573e-01 
 3.23847600e-07  9.10000000e-01  9.07939607e-01 
 3.24947600e-07  9.10000000e-01  9.07958461e-01 
 3.26047600e-07  9.10000000e-01  9.07977137e-01 
 3.27147600e-07  9.10000000e-01  9.07995636e-01 
 3.28247600e-07  9.10000000e-01  9.08013959e-01 
 3.29347600e-07  9.10000000e-01  9.08032110e-01 
 3.30447600e-07  9.10000000e-01  9.08050088e-01 
 3.31547600e-07  9.10000000e-01  9.08067896e-01 
 3.32647600e-07  9.10000000e-01  9.08085535e-01 
 3.33747600e-07  9.10000000e-01  9.08103007e-01 
 3.34847600e-07  9.10000000e-01  9.08120313e-01 
 3.35947600e-07  9.10000000e-01  9.08137456e-01 
 3.37047600e-07  9.10000000e-01  9.08154435e-01 
 3.38147600e-07  9.10000000e-01  9.08171254e-01 
 3.39247600e-07  9.10000000e-01  9.08187913e-01 
 3.40347600e-07  9.10000000e-01  9.08204414e-01 
 3.41447600e-07  9.10000000e-01  9.08220759e-01 
 3.42547600e-07  9.10000000e-01  9.08236948e-01 
 3.43647600e-07  9.10000000e-01  9.08252984e-01 
 3.44747600e-07  9.10000000e-01  9.08268868e-01 
 3.45847600e-07  9.10000000e-01  9.08284601e-01 
 3.46947600e-07  9.10000000e-01  9.08300185e-01 
 3.48047600e-07  9.10000000e-01  9.08315620e-01 
 3.49147600e-07  9.10000000e-01  9.08330909e-01 
 3.50247600e-07  9.10000000e-01  9.08346053e-01 
 3.51347600e-07  9.10000000e-01  9.08361053e-01 
 3.52447600e-07  9.10000000e-01  9.08375911e-01 
 3.53547600e-07  9.10000000e-01  9.08390628e-01 
 3.54647600e-07  9.10000000e-01  9.08405205e-01 
 3.55747600e-07  9.10000000e-01  9.08419643e-01 
 3.56847600e-07  9.10000000e-01  9.08433944e-01 
 3.57947600e-07  9.10000000e-01  9.08448110e-01 
 3.59047600e-07  9.10000000e-01  9.08462140e-01 
 3.60147600e-07  9.10000000e-01  9.08476038e-01 
 3.61247600e-07  9.10000000e-01  9.08489803e-01 
 3.62347600e-07  9.10000000e-01  9.08503438e-01 
 3.63447600e-07  9.10000000e-01  9.08516943e-01 
 3.64547600e-07  9.10000000e-01  9.08530320e-01 
 3.65647600e-07  9.10000000e-01  9.08543570e-01 
 3.66747600e-07  9.10000000e-01  9.08556694e-01 
 3.67847600e-07  9.10000000e-01  9.08569693e-01 
 3.68947600e-07  9.10000000e-01  9.08582568e-01 
 3.70047600e-07  9.10000000e-01  9.08595322e-01 
 3.71147600e-07  9.10000000e-01  9.08607954e-01 
 3.72247600e-07  9.10000000e-01  9.08620466e-01 
 3.73347600e-07  9.10000000e-01  9.08632859e-01 
 3.74447600e-07  9.10000000e-01  9.08645134e-01 
 3.75547600e-07  9.10000000e-01  9.08657292e-01 
 3.76647600e-07  9.10000000e-01  9.08669335e-01 
 3.77747600e-07  9.10000000e-01  9.08681264e-01 
 3.78847600e-07  9.10000000e-01  9.08693079e-01 
 3.79947600e-07  9.10000000e-01  9.08704782e-01 
 3.81047600e-07  9.10000000e-01  9.08716374e-01 
 3.82147600e-07  9.10000000e-01  9.08727855e-01 
 3.83247600e-07  9.10000000e-01  9.08739228e-01 
 3.84347600e-07  9.10000000e-01  9.08750492e-01 
 3.85447600e-07  9.10000000e-01  9.08761649e-01 
 3.86547600e-07  9.10000000e-01  9.08772700e-01 
 3.87647600e-07  9.10000000e-01  9.08783646e-01 
 3.88747600e-07  9.10000000e-01  9.08794488e-01 
 3.89847600e-07  9.10000000e-01  9.08805227e-01 
 3.90947600e-07  9.10000000e-01  9.08815864e-01 
 3.92047600e-07  9.10000000e-01  9.08826400e-01 
 3.93147600e-07  9.10000000e-01  9.08836836e-01 
 3.94247600e-07  9.10000000e-01  9.08847172e-01 
 3.95347600e-07  9.10000000e-01  9.08857411e-01 
 3.96447600e-07  9.10000000e-01  9.08867552e-01 
 3.97547600e-07  9.10000000e-01  9.08877596e-01 
 3.98647600e-07  9.10000000e-01  9.08887545e-01 
 3.99747600e-07  9.10000000e-01  9.08897400e-01 
 4.00847600e-07  9.10000000e-01  9.08907161e-01 
 4.01947600e-07  9.10000000e-01  9.08916829e-01 
 4.03047600e-07  9.10000000e-01  9.08926405e-01 
 4.04147600e-07  9.10000000e-01  9.08935890e-01 
 4.05247600e-07  9.10000000e-01  9.08945285e-01 
 4.06347600e-07  9.10000000e-01  9.08954591e-01 
 4.07447600e-07  9.10000000e-01  9.08963808e-01 
 4.08547600e-07  9.10000000e-01  9.08972938e-01 
 4.09647600e-07  9.10000000e-01  9.08981981e-01 
 4.10747600e-07  9.10000000e-01  9.08990938e-01 
 4.11847600e-07  9.10000000e-01  9.08999810e-01 
 4.12947600e-07  9.10000000e-01  9.09008598e-01 
 4.14047600e-07  9.10000000e-01  9.09017302e-01 
 4.15147600e-07  9.10000000e-01  9.09025923e-01 
 4.16247600e-07  9.10000000e-01  9.09034463e-01 
 4.17347600e-07  9.10000000e-01  9.09042921e-01 
 4.18447600e-07  9.10000000e-01  9.09051299e-01 
 4.19547600e-07  9.10000000e-01  9.09059597e-01 
 4.20647600e-07  9.10000000e-01  9.09067817e-01 
 4.21747600e-07  9.10000000e-01  9.09075958e-01 
 4.22847600e-07  9.10000000e-01  9.09084022e-01 
 4.23947600e-07  9.10000000e-01  9.09092010e-01 
 4.25047600e-07  9.10000000e-01  9.09099922e-01 
 4.26147600e-07  9.10000000e-01  9.09107758e-01 
 4.27247600e-07  9.10000000e-01  9.09115520e-01 
 4.28347600e-07  9.10000000e-01  9.09123208e-01 
 4.29447600e-07  9.10000000e-01  9.09130823e-01 
 4.30547600e-07  9.10000000e-01  9.09138366e-01 
 4.31647600e-07  9.10000000e-01  9.09145837e-01 
 4.32747600e-07  9.10000000e-01  9.09153238e-01 
 4.33847600e-07  9.10000000e-01  9.09160568e-01 
 4.34947600e-07  9.10000000e-01  9.09167828e-01 
 4.36047600e-07  9.10000000e-01  9.09175019e-01 
 4.37147600e-07  9.10000000e-01  9.09182142e-01 
 4.38247600e-07  9.10000000e-01  9.09189198e-01 
 4.39347600e-07  9.10000000e-01  9.09196186e-01 
 4.40447600e-07  9.10000000e-01  9.09203108e-01 
 4.41547600e-07  9.10000000e-01  9.09209964e-01 
 4.42647600e-07  9.10000000e-01  9.09216756e-01 
 4.43747600e-07  9.10000000e-01  9.09223482e-01 
 4.44847600e-07  9.10000000e-01  9.09230145e-01 
 4.45947600e-07  9.10000000e-01  9.09236744e-01 
 4.47047600e-07  9.10000000e-01  9.09243281e-01 
 4.48147600e-07  9.10000000e-01  9.09249756e-01 
 4.49247600e-07  9.10000000e-01  9.09256169e-01 
 4.50347600e-07  9.10000000e-01  9.09262522e-01 
 4.51447600e-07  9.10000000e-01  9.09268814e-01 
 4.52547600e-07  9.10000000e-01  9.09275046e-01 
 4.53647600e-07  9.10000000e-01  9.09281219e-01 
 4.54747600e-07  9.10000000e-01  9.09287334e-01 
 4.55847600e-07  9.10000000e-01  9.09293390e-01 
 4.56947600e-07  9.10000000e-01  9.09299389e-01 
 4.58047600e-07  9.10000000e-01  9.09305331e-01 
 4.59147600e-07  9.10000000e-01  9.09311217e-01 
 4.60247600e-07  9.10000000e-01  9.09317047e-01 
 4.61347600e-07  9.10000000e-01  9.09322821e-01 
 4.62447600e-07  9.10000000e-01  9.09328541e-01 
 4.63547600e-07  9.10000000e-01  9.09334206e-01 
 4.64647600e-07  9.10000000e-01  9.09339817e-01 
 4.65747600e-07  9.10000000e-01  9.09345376e-01 
 4.66847600e-07  9.10000000e-01  9.09350881e-01 
 4.67947600e-07  9.10000000e-01  9.09356334e-01 
 4.69047600e-07  9.10000000e-01  9.09361736e-01 
 4.70147600e-07  9.10000000e-01  9.09367086e-01 
 4.71247600e-07  9.10000000e-01  9.09372385e-01 
 4.72347600e-07  9.10000000e-01  9.09377634e-01 
 4.73447600e-07  9.10000000e-01  9.09382834e-01 
 4.74547600e-07  9.10000000e-01  9.09387983e-01 
 4.75647600e-07  9.10000000e-01  9.09393085e-01 
 4.76747600e-07  9.10000000e-01  9.09398137e-01 
 4.77847600e-07  9.10000000e-01  9.09403142e-01 
 4.78947600e-07  9.10000000e-01  9.09408099e-01 
 4.80047600e-07  9.10000000e-01  9.09413009e-01 
 4.81147600e-07  9.10000000e-01  9.09417873e-01 
 4.82247600e-07  9.10000000e-01  9.09422690e-01 
 4.83347600e-07  9.10000000e-01  9.09427462e-01 
 4.84447600e-07  9.10000000e-01  9.09432188e-01 
 4.85547600e-07  9.10000000e-01  9.09436870e-01 
 4.86647600e-07  9.10000000e-01  9.09441507e-01 
 4.87747600e-07  9.10000000e-01  9.09446100e-01 
 4.88847600e-07  9.10000000e-01  9.09450650e-01 
 4.89947600e-07  9.10000000e-01  9.09455156e-01 
 4.91047600e-07  9.10000000e-01  9.09459620e-01 
 4.92147600e-07  9.10000000e-01  9.09464041e-01 
 4.93247600e-07  9.10000000e-01  9.09468420e-01 
 4.94347600e-07  9.10000000e-01  9.09472758e-01 
 4.95447600e-07  9.10000000e-01  9.09477055e-01 
 4.96547600e-07  9.10000000e-01  9.09481311e-01 
 4.97647600e-07  9.10000000e-01  9.09485526e-01 
 4.98747600e-07  9.10000000e-01  9.09489702e-01 
 4.99847600e-07  9.10000000e-01  9.09493838e-01 
 5.00947600e-07  9.10000000e-01  9.09497934e-01 
 5.02047600e-07  9.10000000e-01  9.09501992e-01 
 5.03147600e-07  9.10000000e-01  9.09506011e-01 
 5.04247600e-07  9.10000000e-01  9.09509993e-01 
 5.05347600e-07  9.10000000e-01  9.09513936e-01 
 5.06447600e-07  9.10000000e-01  9.09517842e-01 
 5.07547600e-07  9.10000000e-01  9.09521711e-01 
 5.08647600e-07  9.10000000e-01  9.09525543e-01 
 5.09747600e-07  9.10000000e-01  9.09529339e-01 
 5.10847600e-07  9.10000000e-01  9.09533099e-01 
 5.11947600e-07  9.10000000e-01  9.09536823e-01 
 5.13047600e-07  9.10000000e-01  9.09540512e-01 
 5.14147600e-07  9.10000000e-01  9.09544166e-01 
 5.15247600e-07  9.10000000e-01  9.09547786e-01 
 5.16347600e-07  9.10000000e-01  9.09551370e-01 
 5.17447600e-07  9.10000000e-01  9.09554921e-01 
 5.18547600e-07  9.10000000e-01  9.09558439e-01 
 5.19647600e-07  9.10000000e-01  9.09561923e-01 
 5.20747600e-07  9.10000000e-01  9.09565374e-01 
 5.21847600e-07  9.10000000e-01  9.09568792e-01 
 5.22947600e-07  9.10000000e-01  9.09572178e-01 
 5.24047600e-07  9.10000000e-01  9.09575531e-01 
 5.25147600e-07  9.10000000e-01  9.09578853e-01 
 5.26247600e-07  9.10000000e-01  9.09582143e-01 
 5.27347600e-07  9.10000000e-01  9.09585403e-01 
 5.28447600e-07  9.10000000e-01  9.09588631e-01 
 5.29547600e-07  9.10000000e-01  9.09591828e-01 
 5.30647600e-07  9.10000000e-01  9.09594996e-01 
 5.31747600e-07  9.10000000e-01  9.09598133e-01 
 5.32847600e-07  9.10000000e-01  9.09601241e-01 
 5.33947600e-07  9.10000000e-01  9.09604319e-01 
 5.35047600e-07  9.10000000e-01  9.09607367e-01 
 5.36147600e-07  9.10000000e-01  9.09610387e-01 
 5.37247600e-07  9.10000000e-01  9.09613379e-01 
 5.38347600e-07  9.10000000e-01  9.09616342e-01 
 5.39447600e-07  9.10000000e-01  9.09619277e-01 
 5.40547600e-07  9.10000000e-01  9.09622184e-01 
 5.41647600e-07  9.10000000e-01  9.09625063e-01 
 5.42747600e-07  9.10000000e-01  9.09627916e-01 
 5.43847600e-07  9.10000000e-01  9.09630741e-01 
 5.44947600e-07  9.10000000e-01  9.09633539e-01 
 5.46047600e-07  9.10000000e-01  9.09636311e-01 
 5.47147600e-07  9.10000000e-01  9.09639057e-01 
 5.48247600e-07  9.10000000e-01  9.09641776e-01 
 5.49347600e-07  9.10000000e-01  9.09644470e-01 
 5.50447600e-07  9.10000000e-01  9.09647138e-01 
 5.51547600e-07  9.10000000e-01  9.09649781e-01 
 5.52647600e-07  9.10000000e-01  9.09652399e-01 
 5.53747600e-07  9.10000000e-01  9.09654992e-01 
 5.54847600e-07  9.10000000e-01  9.09657561e-01 
 5.55947600e-07  9.10000000e-01  9.09660105e-01 
 5.57047600e-07  9.10000000e-01  9.09662625e-01 
 5.58147600e-07  9.10000000e-01  9.09665121e-01 
 5.59247600e-07  9.10000000e-01  9.09667593e-01 
 5.60347600e-07  9.10000000e-01  9.09670042e-01 
 5.61447600e-07  9.10000000e-01  9.09672468e-01 
 5.62547600e-07  9.10000000e-01  9.09674871e-01 
 5.63647600e-07  9.10000000e-01  9.09677251e-01 
 5.64747600e-07  9.10000000e-01  9.09679609e-01 
 5.65847600e-07  9.10000000e-01  9.09681944e-01 
 5.66947600e-07  9.10000000e-01  9.09684257e-01 
 5.68047600e-07  9.10000000e-01  9.09686548e-01 
 5.69147600e-07  9.10000000e-01  9.09688817e-01 
 5.70247600e-07  9.10000000e-01  9.09691065e-01 
 5.71347600e-07  9.10000000e-01  9.09693292e-01 
 5.72447600e-07  9.10000000e-01  9.09695497e-01 
 5.73547600e-07  9.10000000e-01  9.09697682e-01 
 5.74647600e-07  9.10000000e-01  9.09699846e-01 
 5.75747600e-07  9.10000000e-01  9.09701989e-01 
 5.76847600e-07  9.10000000e-01  9.09704112e-01 
 5.77947600e-07  9.10000000e-01  9.09706215e-01 
 5.79047600e-07  9.10000000e-01  9.09708298e-01 
 5.80147600e-07  9.10000000e-01  9.09710362e-01 
 5.81247600e-07  9.10000000e-01  9.09712405e-01 
 5.82347600e-07  9.10000000e-01  9.09714430e-01 
 5.83447600e-07  9.10000000e-01  9.09716435e-01 
 5.84547600e-07  9.10000000e-01  9.09718421e-01 
 5.85647600e-07  9.10000000e-01  9.09720388e-01 
 5.86747600e-07  9.10000000e-01  9.09722337e-01 
 5.87847600e-07  9.10000000e-01  9.09724267e-01 
 5.88947600e-07  9.10000000e-01  9.09726179e-01 
 5.90047600e-07  9.10000000e-01  9.09728073e-01 
 5.91147600e-07  9.10000000e-01  9.09729949e-01 
 5.92247600e-07  9.10000000e-01  9.09731807e-01 
 5.93347600e-07  9.10000000e-01  9.09733648e-01 
 5.94447600e-07  9.10000000e-01  9.09735471e-01 
 5.95547600e-07  9.10000000e-01  9.09737277e-01 
 5.96647600e-07  9.10000000e-01  9.09739065e-01 
 5.97747600e-07  9.10000000e-01  9.09740837e-01 
 5.98847600e-07  9.10000000e-01  9.09742592e-01 
 5.99947600e-07  9.10000000e-01  9.09744330e-01 
 6.01047600e-07  9.10000000e-01  9.09746052e-01 
 6.02147600e-07  9.10000000e-01  9.09747758e-01 
 6.03247600e-07  9.10000000e-01  9.09749447e-01 
 6.04347600e-07  9.10000000e-01  9.09751120e-01 
 6.05447600e-07  9.10000000e-01  9.09752778e-01 
 6.06547600e-07  9.10000000e-01  9.09754420e-01 
 6.07647600e-07  9.10000000e-01  9.09756046e-01 
 6.08747600e-07  9.10000000e-01  9.09757657e-01 
 6.09847600e-07  9.10000000e-01  9.09759252e-01 
 6.10947600e-07  9.10000000e-01  9.09760833e-01 
 6.12047600e-07  9.10000000e-01  9.09762398e-01 
 6.13147600e-07  9.10000000e-01  9.09763949e-01 
 6.14247600e-07  9.10000000e-01  9.09765485e-01 
 6.15347600e-07  9.10000000e-01  9.09767006e-01 
 6.16447600e-07  9.10000000e-01  9.09768513e-01 
 6.17547600e-07  9.10000000e-01  9.09770006e-01 
 6.18647600e-07  9.10000000e-01  9.09771485e-01 
 6.19747600e-07  9.10000000e-01  9.09772949e-01 
 6.20847600e-07  9.10000000e-01  9.09774400e-01 
 6.21947600e-07  9.10000000e-01  9.09775837e-01 
 6.23047600e-07  9.10000000e-01  9.09777260e-01 
 6.24147600e-07  9.10000000e-01  9.09778670e-01 
 6.25247600e-07  9.10000000e-01  9.09780067e-01 
 6.26347600e-07  9.10000000e-01  9.09781450e-01 
 6.27447600e-07  9.10000000e-01  9.09782820e-01 
 6.28547600e-07  9.10000000e-01  9.09784177e-01 
 6.29647600e-07  9.10000000e-01  9.09785522e-01 
 6.30747600e-07  9.10000000e-01  9.09786853e-01 
 6.31847600e-07  9.10000000e-01  9.09788172e-01 
 6.32947600e-07  9.10000000e-01  9.09789479e-01 
 6.34047600e-07  9.10000000e-01  9.09790773e-01 
 6.35147600e-07  9.10000000e-01  9.09792055e-01 
 6.36247600e-07  9.10000000e-01  9.09793325e-01 
 6.37347600e-07  9.10000000e-01  9.09794582e-01 
 6.38447600e-07  9.10000000e-01  9.09795828e-01 
 6.39547600e-07  9.10000000e-01  9.09797062e-01 
 6.40647600e-07  9.10000000e-01  9.09798284e-01 
 6.41747600e-07  9.10000000e-01  9.09799495e-01 
 6.42847600e-07  9.10000000e-01  9.09800694e-01 
 6.43947600e-07  9.10000000e-01  9.09801882e-01 
 6.45047600e-07  9.10000000e-01  9.09803059e-01 
 6.46147600e-07  9.10000000e-01  9.09804224e-01 
 6.47247600e-07  9.10000000e-01  9.09805379e-01 
 6.48347600e-07  9.10000000e-01  9.09806522e-01 
 6.49447600e-07  9.10000000e-01  9.09807655e-01 
 6.50547600e-07  9.10000000e-01  9.09808777e-01 
 6.51647600e-07  9.10000000e-01  9.09809888e-01 
 6.52747600e-07  9.10000000e-01  9.09810989e-01 
 6.53847600e-07  9.10000000e-01  9.09812080e-01 
 6.54947600e-07  9.10000000e-01  9.09813160e-01 
 6.56047600e-07  9.10000000e-01  9.09814229e-01 
 6.57147600e-07  9.10000000e-01  9.09815289e-01 
 6.58247600e-07  9.10000000e-01  9.09816339e-01 
 6.59347600e-07  9.10000000e-01  9.09817379e-01 
 6.60447600e-07  9.10000000e-01  9.09818408e-01 
 6.61547600e-07  9.10000000e-01  9.09819429e-01 
 6.62647600e-07  9.10000000e-01  9.09820439e-01 
 6.63747600e-07  9.10000000e-01  9.09821440e-01 
 6.64847600e-07  9.10000000e-01  9.09822431e-01 
 6.65947600e-07  9.10000000e-01  9.09823413e-01 
 6.67047600e-07  9.10000000e-01  9.09824386e-01 
 6.68147600e-07  9.10000000e-01  9.09825349e-01 
 6.69247600e-07  9.10000000e-01  9.09826304e-01 
 6.70347600e-07  9.10000000e-01  9.09827249e-01 
 6.71447600e-07  9.10000000e-01  9.09828186e-01 
 6.72547600e-07  9.10000000e-01  9.09829113e-01 
 6.73647600e-07  9.10000000e-01  9.09830032e-01 
 6.74747600e-07  9.10000000e-01  9.09830942e-01 
 6.75847600e-07  9.10000000e-01  9.09831843e-01 
 6.76947600e-07  9.10000000e-01  9.09832736e-01 
 6.78047600e-07  9.10000000e-01  9.09833621e-01 
 6.79147600e-07  9.10000000e-01  9.09834497e-01 
 6.80247600e-07  9.10000000e-01  9.09835364e-01 
 6.81347600e-07  9.10000000e-01  9.09836224e-01 
 6.82447600e-07  9.10000000e-01  9.09837075e-01 
 6.83547600e-07  9.10000000e-01  9.09837919e-01 
 6.84647600e-07  9.10000000e-01  9.09838754e-01 
 6.85747600e-07  9.10000000e-01  9.09839581e-01 
 6.86847600e-07  9.10000000e-01  9.09840401e-01 
 6.87947600e-07  9.10000000e-01  9.09841213e-01 
 6.89047600e-07  9.10000000e-01  9.09842017e-01 
 6.90147600e-07  9.10000000e-01  9.09842813e-01 
 6.91247600e-07  9.10000000e-01  9.09843602e-01 
 6.92347600e-07  9.10000000e-01  9.09844384e-01 
 6.93447600e-07  9.10000000e-01  9.09845158e-01 
 6.94547600e-07  9.10000000e-01  9.09845925e-01 
 6.95647600e-07  9.10000000e-01  9.09846684e-01 
 6.96747600e-07  9.10000000e-01  9.09847437e-01 
 6.97847600e-07  9.10000000e-01  9.09848182e-01 
 6.98947600e-07  9.10000000e-01  9.09848920e-01 
 7.00047600e-07  9.10000000e-01  9.09849651e-01 
 7.01147600e-07  9.10000000e-01  9.09850375e-01 
 7.02247600e-07  9.10000000e-01  9.09851093e-01 
 7.03347600e-07  9.10000000e-01  9.09851803e-01 
 7.04447600e-07  9.10000000e-01  9.09852507e-01 
 7.05547600e-07  9.10000000e-01  9.09853204e-01 
 7.06647600e-07  9.10000000e-01  9.09853895e-01 
 7.07747600e-07  9.10000000e-01  9.09854579e-01 
 7.08847600e-07  9.10000000e-01  9.09855257e-01 
 7.09947600e-07  9.10000000e-01  9.09855928e-01 
 7.11047600e-07  9.10000000e-01  9.09856592e-01 
 7.12147600e-07  9.10000000e-01  9.09857251e-01 
 7.13247600e-07  9.10000000e-01  9.09857903e-01 
 7.14347600e-07  9.10000000e-01  9.09858549e-01 
 7.15447600e-07  9.10000000e-01  9.09859189e-01 
 7.16547600e-07  9.10000000e-01  9.09859823e-01 
 7.17647600e-07  9.10000000e-01  9.09860451e-01 
 7.18747600e-07  9.10000000e-01  9.09861073e-01 
 7.19847600e-07  9.10000000e-01  9.09861689e-01 
 7.20947600e-07  9.10000000e-01  9.09862299e-01 
 7.22047600e-07  9.10000000e-01  9.09862904e-01 
 7.23147600e-07  9.10000000e-01  9.09863503e-01 
 7.24247600e-07  9.10000000e-01  9.09864096e-01 
 7.25347600e-07  9.10000000e-01  9.09864683e-01 
 7.26447600e-07  9.10000000e-01  9.09865265e-01 
 7.27547600e-07  9.10000000e-01  9.09865841e-01 
 7.28647600e-07  9.10000000e-01  9.09866412e-01 
 7.29747600e-07  9.10000000e-01  9.09866978e-01 
 7.30847600e-07  9.10000000e-01  9.09867538e-01 
 7.31947600e-07  9.10000000e-01  9.09868093e-01 
 7.33047600e-07  9.10000000e-01  9.09868642e-01 
 7.34147600e-07  9.10000000e-01  9.09869187e-01 
 7.35247600e-07  9.10000000e-01  9.09869726e-01 
 7.36347600e-07  9.10000000e-01  9.09870260e-01 
 7.37447600e-07  9.10000000e-01  9.09870789e-01 
 7.38547600e-07  9.10000000e-01  9.09871313e-01 
 7.39647600e-07  9.10000000e-01  9.09871832e-01 
 7.40747600e-07  9.10000000e-01  9.09872347e-01 
 7.41847600e-07  9.10000000e-01  9.09872856e-01 
 7.42947600e-07  9.10000000e-01  9.09873360e-01 
 7.44047600e-07  9.10000000e-01  9.09873860e-01 
 7.45147600e-07  9.10000000e-01  9.09874355e-01 
 7.46247600e-07  9.10000000e-01  9.09874845e-01 
 7.47347600e-07  9.10000000e-01  9.09875331e-01 
 7.48447600e-07  9.10000000e-01  9.09875812e-01 
 7.49547600e-07  9.10000000e-01  9.09876289e-01 
 7.50647600e-07  9.10000000e-01  9.09876761e-01 
 7.51747600e-07  9.10000000e-01  9.09877228e-01 
 7.52847600e-07  9.10000000e-01  9.09877691e-01 
 7.53947600e-07  9.10000000e-01  9.09878150e-01 
 7.55047600e-07  9.10000000e-01  9.09878604e-01 
 7.56147600e-07  9.10000000e-01  9.09879054e-01 
 7.57247600e-07  9.10000000e-01  9.09879500e-01 
 7.58347600e-07  9.10000000e-01  9.09879942e-01 
 7.59447600e-07  9.10000000e-01  9.09880379e-01 
 7.60547600e-07  9.10000000e-01  9.09880812e-01 
 7.61647600e-07  9.10000000e-01  9.09881242e-01 
 7.62747600e-07  9.10000000e-01  9.09881667e-01 
 7.63847600e-07  9.10000000e-01  9.09882088e-01 
 7.64947600e-07  9.10000000e-01  9.09882505e-01 
 7.66047600e-07  9.10000000e-01  9.09882918e-01 
 7.67147600e-07  9.10000000e-01  9.09883327e-01 
 7.68247600e-07  9.10000000e-01  9.09883733e-01 
 7.69347600e-07  9.10000000e-01  9.09884134e-01 
 7.70447600e-07  9.10000000e-01  9.09884532e-01 
 7.71547600e-07  9.10000000e-01  9.09884926e-01 
 7.72647600e-07  9.10000000e-01  9.09885316e-01 
 7.73747600e-07  9.10000000e-01  9.09885703e-01 
 7.74847600e-07  9.10000000e-01  9.09886085e-01 
 7.75947600e-07  9.10000000e-01  9.09886465e-01 
 7.77047600e-07  9.10000000e-01  9.09886840e-01 
 7.78147600e-07  9.10000000e-01  9.09887212e-01 
 7.79247600e-07  9.10000000e-01  9.09887581e-01 
 7.80347600e-07  9.10000000e-01  9.09887946e-01 
 7.81447600e-07  9.10000000e-01  9.09888308e-01 
 7.82547600e-07  9.10000000e-01  9.09888666e-01 
 7.83647600e-07  9.10000000e-01  9.09889021e-01 
 7.84747600e-07  9.10000000e-01  9.09889372e-01 
 7.85847600e-07  9.10000000e-01  9.09889720e-01 
 7.86947600e-07  9.10000000e-01  9.09890065e-01 
 7.88047600e-07  9.10000000e-01  9.09890407e-01 
 7.89147600e-07  9.10000000e-01  9.09890745e-01 
 7.90247600e-07  9.10000000e-01  9.09891080e-01 
 7.91347600e-07  9.10000000e-01  9.09891412e-01 
 7.92447600e-07  9.10000000e-01  9.09891741e-01 
 7.93547600e-07  9.10000000e-01  9.09892067e-01 
 7.94647600e-07  9.10000000e-01  9.09892389e-01 
 7.95747600e-07  9.10000000e-01  9.09892709e-01 
 7.96847600e-07  9.10000000e-01  9.09893025e-01 
 7.97947600e-07  9.10000000e-01  9.09893339e-01 
 7.99047600e-07  9.10000000e-01  9.09893649e-01 
 8.00147600e-07  9.10000000e-01  9.09893957e-01 
 8.01247600e-07  9.10000000e-01  9.09894262e-01 
 8.02347600e-07  9.10000000e-01  9.09894563e-01 
 8.03447600e-07  9.10000000e-01  9.09894862e-01 
 8.04547600e-07  9.10000000e-01  9.09895159e-01 
 8.05647600e-07  9.10000000e-01  9.09895452e-01 
 8.06747600e-07  9.10000000e-01  9.09895742e-01 
 8.07847600e-07  9.10000000e-01  9.09896030e-01 
 8.08947600e-07  9.10000000e-01  9.09896315e-01 
 8.10047600e-07  9.10000000e-01  9.09896598e-01 
 8.11147600e-07  9.10000000e-01  9.09896877e-01 
 8.12247600e-07  9.10000000e-01  9.09897155e-01 
 8.13347600e-07  9.10000000e-01  9.09897429e-01 
 8.14447600e-07  9.10000000e-01  9.09897701e-01 
 8.15547600e-07  9.10000000e-01  9.09897970e-01 
 8.16647600e-07  9.10000000e-01  9.09898237e-01 
 8.17747600e-07  9.10000000e-01  9.09898501e-01 
 8.18847600e-07  9.10000000e-01  9.09898763e-01 
 8.19947600e-07  9.10000000e-01  9.09899022e-01 
 8.21047600e-07  9.10000000e-01  9.09899279e-01 
 8.22147600e-07  9.10000000e-01  9.09899533e-01 
 8.23247600e-07  9.10000000e-01  9.09899785e-01 
 8.24347600e-07  9.10000000e-01  9.09900034e-01 
 8.25447600e-07  9.10000000e-01  9.09900282e-01 
 8.26547600e-07  9.10000000e-01  9.09900526e-01 
 8.27647600e-07  9.10000000e-01  9.09900769e-01 
 8.28747600e-07  9.10000000e-01  9.09901009e-01 
 8.29847600e-07  9.10000000e-01  9.09901247e-01 
 8.30947600e-07  9.10000000e-01  9.09901483e-01 
 8.32047600e-07  9.10000000e-01  9.09901716e-01 
 8.33147600e-07  9.10000000e-01  9.09901948e-01 
 8.34247600e-07  9.10000000e-01  9.09902177e-01 
 8.35347600e-07  9.10000000e-01  9.09902404e-01 
 8.36447600e-07  9.10000000e-01  9.09902628e-01 
 8.37547600e-07  9.10000000e-01  9.09902851e-01 
 8.38647600e-07  9.10000000e-01  9.09903071e-01 
 8.39747600e-07  9.10000000e-01  9.09903290e-01 
 8.40847600e-07  9.10000000e-01  9.09903506e-01 
 8.41947600e-07  9.10000000e-01  9.09903720e-01 
 8.43047600e-07  9.10000000e-01  9.09903933e-01 
 8.44147600e-07  9.10000000e-01  9.09904143e-01 
 8.45247600e-07  9.10000000e-01  9.09904351e-01 
 8.46347600e-07  9.10000000e-01  9.09904558e-01 
 8.47447600e-07  9.10000000e-01  9.09904762e-01 
 8.48547600e-07  9.10000000e-01  9.09904964e-01 
 8.49647600e-07  9.10000000e-01  9.09905165e-01 
 8.50747600e-07  9.10000000e-01  9.09905363e-01 
 8.51847600e-07  9.10000000e-01  9.09905560e-01 
 8.52947600e-07  9.10000000e-01  9.09905755e-01 
 8.54047600e-07  9.10000000e-01  9.09905948e-01 
 8.55147600e-07  9.10000000e-01  9.09906139e-01 
 8.56247600e-07  9.10000000e-01  9.09906329e-01 
 8.57347600e-07  9.10000000e-01  9.09906516e-01 
 8.58447600e-07  9.10000000e-01  9.09906702e-01 
 8.59547600e-07  9.10000000e-01  9.09906886e-01 
 8.60647600e-07  9.10000000e-01  9.09907068e-01 
 8.61747600e-07  9.10000000e-01  9.09907249e-01 
 8.62847600e-07  9.10000000e-01  9.09907428e-01 
 8.63947600e-07  9.10000000e-01  9.09907605e-01 
 8.65047600e-07  9.10000000e-01  9.09907781e-01 
 8.66147600e-07  9.10000000e-01  9.09907954e-01 
 8.67247600e-07  9.10000000e-01  9.09908127e-01 
 8.68347600e-07  9.10000000e-01  9.09908297e-01 
 8.69447600e-07  9.10000000e-01  9.09908466e-01 
 8.70547600e-07  9.10000000e-01  9.09908633e-01 
 8.71647600e-07  9.10000000e-01  9.09908799e-01 
 8.72747600e-07  9.10000000e-01  9.09908963e-01 
 8.73847600e-07  9.10000000e-01  9.09909126e-01 
 8.74947600e-07  9.10000000e-01  9.09909287e-01 
 8.76047600e-07  9.10000000e-01  9.09909447e-01 
 8.77147600e-07  9.10000000e-01  9.09909605e-01 
 8.78247600e-07  9.10000000e-01  9.09909761e-01 
 8.79347600e-07  9.10000000e-01  9.09909916e-01 
 8.80447600e-07  9.10000000e-01  9.09910070e-01 
 8.81547600e-07  9.10000000e-01  9.09910222e-01 
 8.82647600e-07  9.10000000e-01  9.09910373e-01 
 8.83747600e-07  9.10000000e-01  9.09910522e-01 
 8.84847600e-07  9.10000000e-01  9.09910670e-01 
 8.85947600e-07  9.10000000e-01  9.09910817e-01 
 8.87047600e-07  9.10000000e-01  9.09910962e-01 
 8.88147600e-07  9.10000000e-01  9.09911105e-01 
 8.89247600e-07  9.10000000e-01  9.09911248e-01 
 8.90347600e-07  9.10000000e-01  9.09911389e-01 
 8.91447600e-07  9.10000000e-01  9.09911529e-01 
 8.92547600e-07  9.10000000e-01  9.09911667e-01 
 8.93647600e-07  9.10000000e-01  9.09911804e-01 
 8.94747600e-07  9.10000000e-01  9.09911940e-01 
 8.95847600e-07  9.10000000e-01  9.09912074e-01 
 8.96947600e-07  9.10000000e-01  9.09912207e-01 
 8.98047600e-07  9.10000000e-01  9.09912339e-01 
 8.99147600e-07  9.10000000e-01  9.09912470e-01 
 9.00247600e-07  9.10000000e-01  9.09912599e-01 
 9.01347600e-07  9.10000000e-01  9.09912728e-01 
 9.02447600e-07  9.10000000e-01  9.09912855e-01 
 9.03547600e-07  9.10000000e-01  9.09912980e-01 
 9.04647600e-07  9.10000000e-01  9.09913105e-01 
 9.05747600e-07  9.10000000e-01  9.09913229e-01 
 9.06847600e-07  9.10000000e-01  9.09913351e-01 
 9.07947600e-07  9.10000000e-01  9.09913472e-01 
 9.09047600e-07  9.10000000e-01  9.09913592e-01 
 9.10147600e-07  9.10000000e-01  9.09913711e-01 
 9.11247600e-07  9.10000000e-01  9.09913828e-01 
 9.12347600e-07  9.10000000e-01  9.09913945e-01 
 9.13447600e-07  9.10000000e-01  9.09914060e-01 
 9.14547600e-07  9.10000000e-01  9.09914175e-01 
 9.15647600e-07  9.10000000e-01  9.09914288e-01 
 9.16747600e-07  9.10000000e-01  9.09914400e-01 
 9.17847600e-07  9.10000000e-01  9.09914512e-01 
 9.18947600e-07  9.10000000e-01  9.09914622e-01 
 9.20047600e-07  9.10000000e-01  9.09914731e-01 
 9.21147600e-07  9.10000000e-01  9.09914839e-01 
 9.22247600e-07  9.10000000e-01  9.09914946e-01 
 9.23347600e-07  9.10000000e-01  9.09915052e-01 
 9.24447600e-07  9.10000000e-01  9.09915157e-01 
 9.25547600e-07  9.10000000e-01  9.09915261e-01 
 9.26647600e-07  9.10000000e-01  9.09915364e-01 
 9.27747600e-07  9.10000000e-01  9.09915466e-01 
 9.28847600e-07  9.10000000e-01  9.09915567e-01 
 9.29947600e-07  9.10000000e-01  9.09915667e-01 
 9.31047600e-07  9.10000000e-01  9.09915766e-01 
 9.32147600e-07  9.10000000e-01  9.09915865e-01 
 9.33247600e-07  9.10000000e-01  9.09915962e-01 
 9.34347600e-07  9.10000000e-01  9.09916058e-01 
 9.35447600e-07  9.10000000e-01  9.09916154e-01 
 9.36547600e-07  9.10000000e-01  9.09916248e-01 
 9.37647600e-07  9.10000000e-01  9.09916342e-01 
 9.38747600e-07  9.10000000e-01  9.09916435e-01 
 9.39847600e-07  9.10000000e-01  9.09916527e-01 
 9.40947600e-07  9.10000000e-01  9.09916618e-01 
 9.42047600e-07  9.10000000e-01  9.09916708e-01 
 9.43147600e-07  9.10000000e-01  9.09916797e-01 
 9.44247600e-07  9.10000000e-01  9.09916886e-01 
 9.45347600e-07  9.10000000e-01  9.09916973e-01 
 9.46447600e-07  9.10000000e-01  9.09917060e-01 
 9.47547600e-07  9.10000000e-01  9.09917146e-01 
 9.48647600e-07  9.10000000e-01  9.09917231e-01 
 9.49747600e-07  9.10000000e-01  9.09917316e-01 
 9.50847600e-07  9.10000000e-01  9.09917399e-01 
 9.51947600e-07  9.10000000e-01  9.09917482e-01 
 9.53047600e-07  9.10000000e-01  9.09917564e-01 
 9.54147600e-07  9.10000000e-01  9.09917645e-01 
 9.55247600e-07  9.10000000e-01  9.09917726e-01 
 9.56347600e-07  9.10000000e-01  9.09917805e-01 
 9.57447600e-07  9.10000000e-01  9.09917884e-01 
 9.58547600e-07  9.10000000e-01  9.09917963e-01 
 9.59647600e-07  9.10000000e-01  9.09918040e-01 
 9.60747600e-07  9.10000000e-01  9.09918117e-01 
 9.61847600e-07  9.10000000e-01  9.09918193e-01 
 9.62947600e-07  9.10000000e-01  9.09918268e-01 
 9.64047600e-07  9.10000000e-01  9.09918343e-01 
 9.65147600e-07  9.10000000e-01  9.09918416e-01 
 9.66247600e-07  9.10000000e-01  9.09918490e-01 
 9.67347600e-07  9.10000000e-01  9.09918562e-01 
 9.68447600e-07  9.10000000e-01  9.09918634e-01 
 9.69547600e-07  9.10000000e-01  9.09918705e-01 
 9.70647600e-07  9.10000000e-01  9.09918775e-01 
 9.71747600e-07  9.10000000e-01  9.09918845e-01 
 9.72847600e-07  9.10000000e-01  9.09918914e-01 
 9.73947600e-07  9.10000000e-01  9.09918983e-01 
 9.75047600e-07  9.10000000e-01  9.09919050e-01 
 9.76147600e-07  9.10000000e-01  9.09919118e-01 
 9.77247600e-07  9.10000000e-01  9.09919184e-01 
 9.78347600e-07  9.10000000e-01  9.09919250e-01 
 9.79447600e-07  9.10000000e-01  9.09919315e-01 
 9.80547600e-07  9.10000000e-01  9.09919380e-01 
 9.81647600e-07  9.10000000e-01  9.09919444e-01 
 9.82747600e-07  9.10000000e-01  9.09919507e-01 
 9.83847600e-07  9.10000000e-01  9.09919570e-01 
 9.84947600e-07  9.10000000e-01  9.09919632e-01 
 9.86047600e-07  9.10000000e-01  9.09919694e-01 
 9.87147600e-07  9.10000000e-01  9.09919755e-01 
 9.88247600e-07  9.10000000e-01  9.09919816e-01 
 9.89347600e-07  9.10000000e-01  9.09919876e-01 
 9.90447600e-07  9.10000000e-01  9.09919935e-01 
 9.91547600e-07  9.10000000e-01  9.09919994e-01 
 9.92647600e-07  9.10000000e-01  9.09920052e-01 
 9.93747600e-07  9.10000000e-01  9.09920110e-01 
 9.94847600e-07  9.10000000e-01  9.09920167e-01 
 9.95947600e-07  9.10000000e-01  9.09920223e-01 
 9.97047600e-07  9.10000000e-01  9.09920279e-01 
 9.98147600e-07  9.10000000e-01  9.09920335e-01 
 9.99247600e-07  9.10000000e-01  9.09920390e-01 
 1.00034760e-06  9.10000000e-01  9.09920444e-01 
 1.00144760e-06  9.10000000e-01  9.09920498e-01 
 1.00254760e-06  9.10000000e-01  9.09920552e-01 
 1.00364760e-06  9.10000000e-01  9.09920605e-01 
 1.00474760e-06  9.10000000e-01  9.09920657e-01 
 1.00584760e-06  9.10000000e-01  9.09920709e-01 
 1.00694760e-06  9.10000000e-01  9.09920761e-01 
 1.00804760e-06  9.10000000e-01  9.09920811e-01 
 1.00914760e-06  9.10000000e-01  9.09920862e-01 
 1.01024760e-06  9.10000000e-01  9.09920912e-01 
 1.01134760e-06  9.10000000e-01  9.09920962e-01 
 1.01244760e-06  9.10000000e-01  9.09921011e-01 
 1.01354760e-06  9.10000000e-01  9.09921059e-01 
 1.01464760e-06  9.10000000e-01  9.09921107e-01 
 1.01574760e-06  9.10000000e-01  9.09921155e-01 
 1.01684760e-06  9.10000000e-01  9.09921202e-01 
 1.01794760e-06  9.10000000e-01  9.09921249e-01 
 1.01904760e-06  9.10000000e-01  9.09921295e-01 
 1.02014760e-06  9.10000000e-01  9.09921341e-01 
 1.02124760e-06  9.10000000e-01  9.09921387e-01 
 1.02234760e-06  9.10000000e-01  9.09921432e-01 
 1.02344760e-06  9.10000000e-01  9.09921476e-01 
 1.02454760e-06  9.10000000e-01  9.09921521e-01 
 1.02564760e-06  9.10000000e-01  9.09921564e-01 
 1.02674760e-06  9.10000000e-01  9.09921608e-01 
 1.02784760e-06  9.10000000e-01  9.09921651e-01 
 1.02894760e-06  9.10000000e-01  9.09921693e-01 
 1.03004760e-06  9.10000000e-01  9.09921735e-01 
 1.03114760e-06  9.10000000e-01  9.09921777e-01 
 1.03224760e-06  9.10000000e-01  9.09921818e-01 
 1.03334760e-06  9.10000000e-01  9.09921859e-01 
 1.03444760e-06  9.10000000e-01  9.09921900e-01 
 1.03554760e-06  9.10000000e-01  9.09921940e-01 
 1.03664760e-06  9.10000000e-01  9.09921980e-01 
 1.03774760e-06  9.10000000e-01  9.09922019e-01 
 1.03884760e-06  9.10000000e-01  9.09922058e-01 
 1.03994760e-06  9.10000000e-01  9.09922097e-01 
 1.04104760e-06  9.10000000e-01  9.09922135e-01 
 1.04214760e-06  9.10000000e-01  9.09922173e-01 
 1.04324760e-06  9.10000000e-01  9.09922211e-01 
 1.04434760e-06  9.10000000e-01  9.09922248e-01 
 1.04544760e-06  9.10000000e-01  9.09922285e-01 
 1.04654760e-06  9.10000000e-01  9.09922322e-01 
 1.04764760e-06  9.10000000e-01  9.09922358e-01 
 1.04874760e-06  9.10000000e-01  9.09922394e-01 
 1.04984760e-06  9.10000000e-01  9.09922429e-01 
 1.05094760e-06  9.10000000e-01  9.09922464e-01 
 1.05204760e-06  9.10000000e-01  9.09922499e-01 
 1.05314760e-06  9.10000000e-01  9.09922534e-01 
 1.05424760e-06  9.10000000e-01  9.09922568e-01 
 1.05534760e-06  9.10000000e-01  9.09922602e-01 
 1.05644760e-06  9.10000000e-01  9.09922635e-01 
 1.05754760e-06  9.10000000e-01  9.09922668e-01 
 1.05864760e-06  9.10000000e-01  9.09922701e-01 
 1.05974760e-06  9.10000000e-01  9.09922734e-01 
 1.06084760e-06  9.10000000e-01  9.09922766e-01 
 1.06194760e-06  9.10000000e-01  9.09922798e-01 
 1.06304760e-06  9.10000000e-01  9.09922830e-01 
 1.06414760e-06  9.10000000e-01  9.09922861e-01 
 1.06524760e-06  9.10000000e-01  9.09922892e-01 
 1.06634760e-06  9.10000000e-01  9.09922923e-01 
 1.06744760e-06  9.10000000e-01  9.09922954e-01 
 1.06854760e-06  9.10000000e-01  9.09922984e-01 
 1.06964760e-06  9.10000000e-01  9.09923014e-01 
 1.07074760e-06  9.10000000e-01  9.09923043e-01 
 1.07184760e-06  9.10000000e-01  9.09923073e-01 
 1.07294760e-06  9.10000000e-01  9.09923102e-01 
 1.07404760e-06  9.10000000e-01  9.09923131e-01 
 1.07514760e-06  9.10000000e-01  9.09923159e-01 
 1.07624760e-06  9.10000000e-01  9.09923187e-01 
 1.07734760e-06  9.10000000e-01  9.09923215e-01 
 1.07844760e-06  9.10000000e-01  9.09923243e-01 
 1.07954760e-06  9.10000000e-01  9.09923271e-01 
 1.08064760e-06  9.10000000e-01  9.09923298e-01 
 1.08174760e-06  9.10000000e-01  9.09923325e-01 
 1.08284760e-06  9.10000000e-01  9.09923351e-01 
 1.08394760e-06  9.10000000e-01  9.09923378e-01 
 1.08504760e-06  9.10000000e-01  9.09923404e-01 
 1.08614760e-06  9.10000000e-01  9.09923430e-01 
 1.08724760e-06  9.10000000e-01  9.09923456e-01 
 1.08834760e-06  9.10000000e-01  9.09923481e-01 
 1.08944760e-06  9.10000000e-01  9.09923506e-01 
 1.09054760e-06  9.10000000e-01  9.09923531e-01 
 1.09164760e-06  9.10000000e-01  9.09923556e-01 
 1.09274760e-06  9.10000000e-01  9.09923581e-01 
 1.09384760e-06  9.10000000e-01  9.09923605e-01 
 1.09494760e-06  9.10000000e-01  9.09923629e-01 
 1.09604760e-06  9.10000000e-01  9.09923653e-01 
 1.09714760e-06  9.10000000e-01  9.09923676e-01 
 1.09824760e-06  9.10000000e-01  9.09923700e-01 
 1.09934760e-06  9.10000000e-01  9.09923723e-01 
 1.10000000e-06  9.10000000e-01  9.09923736e-01 
