 frequency       vr(out)         vi(out)        
 1.00000000e-01  9.99991244e-01 -9.31258335e-08 
 1.05776756e-01  9.99991244e-01 -9.85054857e-08 
 1.11887221e-01  9.99991244e-01 -1.04195907e-07 
 1.18350673e-01  9.99991244e-01 -1.10215051e-07 
 1.25187503e-01  9.99991244e-01 -1.16581905e-07 
 1.32419279e-01  9.99991244e-01 -1.23316557e-07 
 1.40068818e-01  9.99991244e-01 -1.30440254e-07 
 1.48160252e-01  9.99991244e-01 -1.37975469e-07 
 1.56719108e-01  9.99991244e-01 -1.45945976e-07 
 1.65772389e-01  9.99991244e-01 -1.54376919e-07 
 1.75348655e-01  9.99991244e-01 -1.63294896e-07 
 1.85478119e-01  9.99991244e-01 -1.72728044e-07 
 1.96192737e-01  9.99991244e-01 -1.82706122e-07 
 2.07526313e-01  9.99991244e-01 -1.93260609e-07 
 2.19514602e-01  9.99991244e-01 -2.04424803e-07 
 2.32195425e-01  9.99991244e-01 -2.16233925e-07 
 2.45608788e-01  9.99991244e-01 -2.28725231e-07 
 2.59797009e-01  9.99991244e-01 -2.41938130e-07 
 2.74804848e-01  9.99991244e-01 -2.55914305e-07 
 2.90679654e-01  9.99991244e-01 -2.70697850e-07 
 3.07471508e-01  9.99991244e-01 -2.86335405e-07 
 3.25233387e-01  9.99991244e-01 -3.02876302e-07 
 3.44021326e-01  9.99991244e-01 -3.20372727e-07 
 3.63894599e-01  9.99991244e-01 -3.38879878e-07 
 3.84915902e-01  9.99991244e-01 -3.58456142e-07 
 4.07151555e-01  9.99991244e-01 -3.79163279e-07 
 4.30671707e-01  9.99991244e-01 -4.01066617e-07 
 4.55550561e-01  9.99991244e-01 -4.24235256e-07 
 4.81866605e-01  9.99991244e-01 -4.48742292e-07 
 5.09702863e-01  9.99991244e-01 -4.74665040e-07 
 5.39147154e-01  9.99991244e-01 -5.02085281e-07 
 5.70292370e-01  9.99991244e-01 -5.31089523e-07 
 6.03236769e-01  9.99991244e-01 -5.61769269e-07 
 6.38084285e-01  9.99991244e-01 -5.94221309e-07 
 6.74944857e-01  9.99991244e-01 -6.28548024e-07 
 7.13934775e-01  9.99991244e-01 -6.64857710e-07 
 7.55177045e-01  9.99991244e-01 -7.03264918e-07 
 7.98801781e-01  9.99991244e-01 -7.43890816e-07 
 8.44946611e-01  9.99991244e-01 -7.86863574e-07 
 8.93757115e-01  9.99991244e-01 -8.32318763e-07 
 9.45387283e-01  9.99991244e-01 -8.80399787e-07 
 1.00000000e+00  9.99991244e-01 -9.31258335e-07 
 1.05776756e+00  9.99991244e-01 -9.85054857e-07 
 1.11887221e+00  9.99991244e-01 -1.04195907e-06 
 1.18350673e+00  9.99991244e-01 -1.10215051e-06 
 1.25187503e+00  9.99991244e-01 -1.16581905e-06 
 1.32419279e+00  9.99991244e-01 -1.23316557e-06 
 1.40068818e+00  9.99991244e-01 -1.30440254e-06 
 1.48160252e+00  9.99991244e-01 -1.37975469e-06 
 1.56719108e+00  9.99991244e-01 -1.45945976e-06 
 1.65772389e+00  9.99991244e-01 -1.54376919e-06 
 1.75348655e+00  9.99991244e-01 -1.63294896e-06 
 1.85478119e+00  9.99991244e-01 -1.72728044e-06 
 1.96192737e+00  9.99991244e-01 -1.82706122e-06 
 2.07526313e+00  9.99991244e-01 -1.93260609e-06 
 2.19514602e+00  9.99991244e-01 -2.04424803e-06 
 2.32195425e+00  9.99991244e-01 -2.16233925e-06 
 2.45608788e+00  9.99991244e-01 -2.28725231e-06 
 2.59797009e+00  9.99991244e-01 -2.41938130e-06 
 2.74804848e+00  9.99991244e-01 -2.55914305e-06 
 2.90679654e+00  9.99991244e-01 -2.70697850e-06 
 3.07471508e+00  9.99991244e-01 -2.86335405e-06 
 3.25233387e+00  9.99991244e-01 -3.02876302e-06 
 3.44021326e+00  9.99991244e-01 -3.20372727e-06 
 3.63894599e+00  9.99991244e-01 -3.38879878e-06 
 3.84915902e+00  9.99991244e-01 -3.58456142e-06 
 4.07151555e+00  9.99991244e-01 -3.79163279e-06 
 4.30671707e+00  9.99991244e-01 -4.01066617e-06 
 4.55550561e+00  9.99991244e-01 -4.24235256e-06 
 4.81866605e+00  9.99991244e-01 -4.48742292e-06 
 5.09702863e+00  9.99991244e-01 -4.74665040e-06 
 5.39147154e+00  9.99991244e-01 -5.02085281e-06 
 5.70292370e+00  9.99991244e-01 -5.31089523e-06 
 6.03236769e+00  9.99991244e-01 -5.61769269e-06 
 6.38084285e+00  9.99991244e-01 -5.94221309e-06 
 6.74944857e+00  9.99991244e-01 -6.28548024e-06 
 7.13934775e+00  9.99991244e-01 -6.64857710e-06 
 7.55177045e+00  9.99991244e-01 -7.03264918e-06 
 7.98801781e+00  9.99991244e-01 -7.43890816e-06 
 8.44946611e+00  9.99991244e-01 -7.86863574e-06 
 8.93757115e+00  9.99991244e-01 -8.32318763e-06 
 9.45387283e+00  9.99991244e-01 -8.80399787e-06 
 1.00000000e+01  9.99991244e-01 -9.31258335e-06 
 1.05776756e+01  9.99991244e-01 -9.85054857e-06 
 1.11887221e+01  9.99991244e-01 -1.04195907e-05 
 1.18350673e+01  9.99991244e-01 -1.10215051e-05 
 1.25187503e+01  9.99991244e-01 -1.16581905e-05 
 1.32419279e+01  9.99991244e-01 -1.23316557e-05 
 1.40068818e+01  9.99991244e-01 -1.30440254e-05 
 1.48160252e+01  9.99991244e-01 -1.37975469e-05 
 1.56719108e+01  9.99991244e-01 -1.45945976e-05 
 1.65772389e+01  9.99991244e-01 -1.54376919e-05 
 1.75348655e+01  9.99991244e-01 -1.63294896e-05 
 1.85478119e+01  9.99991244e-01 -1.72728044e-05 
 1.96192737e+01  9.99991244e-01 -1.82706122e-05 
 2.07526313e+01  9.99991244e-01 -1.93260609e-05 
 2.19514602e+01  9.99991244e-01 -2.04424803e-05 
 2.32195425e+01  9.99991244e-01 -2.16233925e-05 
 2.45608788e+01  9.99991244e-01 -2.28725231e-05 
 2.59797009e+01  9.99991244e-01 -2.41938130e-05 
 2.74804848e+01  9.99991244e-01 -2.55914305e-05 
 2.90679654e+01  9.99991244e-01 -2.70697850e-05 
 3.07471508e+01  9.99991244e-01 -2.86335405e-05 
 3.25233387e+01  9.99991244e-01 -3.02876302e-05 
 3.44021326e+01  9.99991243e-01 -3.20372727e-05 
 3.63894599e+01  9.99991243e-01 -3.38879878e-05 
 3.84915902e+01  9.99991243e-01 -3.58456142e-05 
 4.07151555e+01  9.99991243e-01 -3.79163279e-05 
 4.30671707e+01  9.99991243e-01 -4.01066616e-05 
 4.55550561e+01  9.99991243e-01 -4.24235256e-05 
 4.81866605e+01  9.99991243e-01 -4.48742292e-05 
 5.09702863e+01  9.99991242e-01 -4.74665039e-05 
 5.39147154e+01  9.99991242e-01 -5.02085280e-05 
 5.70292370e+01  9.99991242e-01 -5.31089522e-05 
 6.03236769e+01  9.99991242e-01 -5.61769268e-05 
 6.38084285e+01  9.99991241e-01 -5.94221307e-05 
 6.74944857e+01  9.99991241e-01 -6.28548022e-05 
 7.13934775e+01  9.99991241e-01 -6.64857708e-05 
 7.55177045e+01  9.99991240e-01 -7.03264915e-05 
 7.98801781e+01  9.99991240e-01 -7.43890814e-05 
 8.44946611e+01  9.99991239e-01 -7.86863571e-05 
 8.93757115e+01  9.99991239e-01 -8.32318759e-05 
 9.45387283e+01  9.99991238e-01 -8.80399783e-05 
 1.00000000e+02  9.99991237e-01 -9.31258330e-05 
 1.05776756e+02  9.99991236e-01 -9.85054851e-05 
 1.11887221e+02  9.99991235e-01 -1.04195907e-04 
 1.18350673e+02  9.99991234e-01 -1.10215050e-04 
 1.25187503e+02  9.99991233e-01 -1.16581904e-04 
 1.32419279e+02  9.99991232e-01 -1.23316556e-04 
 1.40068818e+02  9.99991230e-01 -1.30440253e-04 
 1.48160252e+02  9.99991229e-01 -1.37975468e-04 
 1.56719108e+02  9.99991227e-01 -1.45945974e-04 
 1.65772389e+02  9.99991225e-01 -1.54376916e-04 
 1.75348655e+02  9.99991222e-01 -1.63294894e-04 
 1.85478119e+02  9.99991220e-01 -1.72728041e-04 
 1.96192737e+02  9.99991217e-01 -1.82706118e-04 
 2.07526313e+02  9.99991214e-01 -1.93260604e-04 
 2.19514602e+02  9.99991210e-01 -2.04424797e-04 
 2.32195425e+02  9.99991206e-01 -2.16233918e-04 
 2.45608788e+02  9.99991201e-01 -2.28725223e-04 
 2.59797009e+02  9.99991196e-01 -2.41938121e-04 
 2.74804848e+02  9.99991190e-01 -2.55914294e-04 
 2.90679654e+02  9.99991184e-01 -2.70697837e-04 
 3.07471508e+02  9.99991177e-01 -2.86335389e-04 
 3.25233387e+02  9.99991169e-01 -3.02876284e-04 
 3.44021326e+02  9.99991160e-01 -3.20372706e-04 
 3.63894599e+02  9.99991150e-01 -3.38879853e-04 
 3.84915902e+02  9.99991139e-01 -3.58456112e-04 
 4.07151555e+02  9.99991126e-01 -3.79163244e-04 
 4.30671707e+02  9.99991112e-01 -4.01066575e-04 
 4.55550561e+02  9.99991096e-01 -4.24235207e-04 
 4.81866605e+02  9.99991079e-01 -4.48742234e-04 
 5.09702863e+02  9.99991059e-01 -4.74664970e-04 
 5.39147154e+02  9.99991037e-01 -5.02085199e-04 
 5.70292370e+02  9.99991012e-01 -5.31089425e-04 
 6.03236769e+02  9.99990985e-01 -5.61769154e-04 
 6.38084285e+02  9.99990954e-01 -5.94221172e-04 
 6.74944857e+02  9.99990919e-01 -6.28547863e-04 
 7.13934775e+02  9.99990881e-01 -6.64857519e-04 
 7.55177045e+02  9.99990838e-01 -7.03264692e-04 
 7.98801781e+02  9.99990789e-01 -7.43890549e-04 
 8.44946611e+02  9.99990735e-01 -7.86863257e-04 
 8.93757115e+02  9.99990675e-01 -8.32318388e-04 
 9.45387283e+02  9.99990607e-01 -8.80399344e-04 
 1.00000000e+03  9.99990531e-01 -9.31257810e-04 
 1.05776756e+03  9.99990446e-01 -9.85054236e-04 
 1.11887221e+03  9.99990351e-01 -1.04195834e-03 
 1.18350673e+03  9.99990245e-01 -1.10214964e-03 
 1.25187503e+03  9.99990126e-01 -1.16581802e-03 
 1.32419279e+03  9.99989994e-01 -1.23316436e-03 
 1.40068818e+03  9.99989845e-01 -1.30440110e-03 
 1.48160252e+03  9.99989679e-01 -1.37975299e-03 
 1.56719108e+03  9.99989492e-01 -1.45945774e-03 
 1.65772389e+03  9.99989284e-01 -1.54376680e-03 
 1.75348655e+03  9.99989051e-01 -1.63294614e-03 
 1.85478119e+03  9.99988790e-01 -1.72727710e-03 
 1.96192737e+03  9.99988499e-01 -1.82705726e-03 
 2.07526313e+03  9.99988172e-01 -1.93260140e-03 
 2.19514602e+03  9.99987807e-01 -2.04424248e-03 
 2.32195425e+03  9.99987399e-01 -2.16233268e-03 
 2.45608788e+03  9.99986942e-01 -2.28724454e-03 
 2.59797009e+03  9.99986430e-01 -2.41937210e-03 
 2.74804848e+03  9.99985858e-01 -2.55913217e-03 
 2.90679654e+03  9.99985217e-01 -2.70696562e-03 
 3.07471508e+03  9.99984501e-01 -2.86333880e-03 
 3.25233387e+03  9.99983699e-01 -3.02874498e-03 
 3.44021326e+03  9.99982803e-01 -3.20370592e-03 
 3.63894599e+03  9.99981799e-01 -3.38877351e-03 
 3.84915902e+03  9.99980676e-01 -3.58453151e-03 
 4.07151555e+03  9.99979420e-01 -3.79159739e-03 
 4.30671707e+03  9.99978015e-01 -4.01062427e-03 
 4.55550561e+03  9.99976442e-01 -4.24230298e-03 
 4.81866605e+03  9.99974682e-01 -4.48736424e-03 
 5.09702863e+03  9.99972714e-01 -4.74658094e-03 
 5.39147154e+03  9.99970511e-01 -5.02077061e-03 
 5.70292370e+03  9.99968046e-01 -5.31079794e-03 
 6.03236769e+03  9.99965289e-01 -5.61757755e-03 
 6.38084285e+03  9.99962203e-01 -5.94207682e-03 
 6.74944857e+03  9.99958751e-01 -6.28531897e-03 
 7.13934775e+03  9.99954889e-01 -6.64838624e-03 
 7.55177045e+03  9.99950567e-01 -7.03242329e-03 
 7.98801781e+03  9.99945732e-01 -7.43864083e-03 
 8.44946611e+03  9.99940322e-01 -7.86831934e-03 
 8.93757115e+03  9.99934269e-01 -8.32281318e-03 
 9.45387283e+03  9.99927497e-01 -8.80355471e-03 
 1.00000000e+04  9.99919919e-01 -9.31205886e-03 
 1.05776756e+04  9.99911441e-01 -9.84992784e-03 
 1.11887221e+04  9.99901956e-01 -1.04188561e-02 
 1.18350673e+04  9.99891343e-01 -1.10206356e-02 
 1.25187503e+04  9.99879468e-01 -1.16571615e-02 
 1.32419279e+04  9.99866182e-01 -1.23304380e-02 
 1.40068818e+04  9.99851317e-01 -1.30425842e-02 
 1.48160252e+04  9.99834686e-01 -1.37958412e-02 
 1.56719108e+04  9.99816078e-01 -1.45925789e-02 
 1.65772389e+04  9.99795258e-01 -1.54353028e-02 
 1.75348655e+04  9.99771965e-01 -1.63266622e-02 
 1.85478119e+04  9.99745904e-01 -1.72694582e-02 
 1.96192737e+04  9.99716745e-01 -1.82666520e-02 
 2.07526313e+04  9.99684123e-01 -1.93213741e-02 
 2.19514602e+04  9.99647624e-01 -2.04369336e-02 
 2.32195425e+04  9.99606789e-01 -2.16168281e-02 
 2.45608788e+04  9.99561102e-01 -2.28647544e-02 
 2.59797009e+04  9.99509989e-01 -2.41846190e-02 
 2.74804848e+04  9.99452804e-01 -2.55805498e-02 
 2.90679654e+04  9.99388828e-01 -2.70569083e-02 
 3.07471508e+04  9.99317253e-01 -2.86183016e-02 
 3.25233387e+04  9.99237180e-01 -3.02695960e-02 
 3.44021326e+04  9.99147599e-01 -3.20159305e-02 
 3.63894599e+04  9.99047385e-01 -3.38627310e-02 
 3.84915902e+04  9.98935275e-01 -3.58157251e-02 
 4.07151555e+04  9.98809861e-01 -3.78809572e-02 
 4.30671707e+04  9.98669567e-01 -4.00648046e-02 
 4.55550561e+04  9.98512630e-01 -4.23739933e-02 
 4.81866605e+04  9.98337083e-01 -4.48156150e-02 
 5.09702863e+04  9.98140722e-01 -4.73971437e-02 
 5.39147154e+04  9.97921088e-01 -5.01264532e-02 
 5.70292370e+04  9.97675433e-01 -5.30118338e-02 
 6.03236769e+04  9.97400683e-01 -5.60620101e-02 
 6.38084285e+04  9.97093407e-01 -5.92861572e-02 
 6.74944857e+04  9.96749774e-01 -6.26939178e-02 
 7.13934775e+04  9.96365502e-01 -6.62954174e-02 
 7.55177045e+04  9.95935815e-01 -7.01012791e-02 
 7.98801781e+04  9.95455380e-01 -7.41226363e-02 
 8.44946611e+04  9.94918247e-01 -7.83711438e-02 
 8.93757115e+04  9.94317778e-01 -8.28589859e-02 
 9.45387283e+04  9.93646576e-01 -8.75988814e-02 
 1.00000000e+05  9.92896391e-01 -9.26040842e-02 
 1.05776756e+05  9.92058036e-01 -9.78883785e-02 
 1.11887221e+05  9.91121282e-01 -1.03466068e-01 
 1.18350673e+05  9.90074746e-01 -1.09351957e-01 
 1.25187503e+05  9.88905767e-01 -1.15561322e-01 
 1.32419279e+05  9.87600280e-01 -1.22109871e-01 
 1.40068818e+05  9.86142665e-01 -1.29013693e-01 
 1.48160252e+05  9.84515596e-01 -1.36289187e-01 
 1.56719108e+05  9.82699873e-01 -1.43952973e-01 
 1.65772389e+05  9.80674246e-01 -1.52021783e-01 
 1.75348655e+05  9.78415223e-01 -1.60512324e-01 
 1.85478119e+05  9.75896874e-01 -1.69441114e-01 
 1.96192737e+05  9.73090628e-01 -1.78824279e-01 
 2.07526313e+05  9.69965057e-01 -1.88677311e-01 
 2.19514602e+05  9.66485669e-01 -1.99014786e-01 
 2.32195425e+05  9.62614692e-01 -2.09850026e-01 
 2.45608788e+05  9.58310878e-01 -2.21194707e-01 
 2.59797009e+05  9.53529319e-01 -2.33058399e-01 
 2.74804848e+05  9.48221286e-01 -2.45448044e-01 
 2.90679654e+05  9.42334115e-01 -2.58367358e-01 
 3.07471508e+05  9.35811134e-01 -2.71816152e-01 
 3.25233387e+05  9.28591673e-01 -2.85789575e-01 
 3.44021326e+05  9.20611154e-01 -3.00277274e-01 
 3.63894599e+05  9.11801301e-01 -3.15262477e-01 
 3.84915902e+05  9.02090479e-01 -3.30721009e-01 
 4.07151555e+05  8.91404212e-01 -3.46620241e-01 
 4.30671707e+05  8.79665890e-01 -3.62918014e-01 
 4.55550561e+05  8.66797696e-01 -3.79561544e-01 
 4.81866605e+05  8.52721795e-01 -3.96486359e-01 
 5.09702863e+05  8.37361798e-01 -4.13615313e-01 
 5.39147154e+05  8.20644514e-01 -4.30857735e-01 
 5.70292370e+05  8.02502003e-01 -4.48108788e-01 
 6.03236769e+05  7.82873927e-01 -4.65249107e-01 
 6.38084285e+05  7.61710144e-01 -4.82144816e-01 
 6.74944857e+05  7.38973536e-01 -4.98648003e-01 
 7.13934775e+05  7.14642941e-01 -5.14597745e-01 
 7.55177045e+05  6.88716130e-01 -5.29821753e-01 
 7.98801781e+05  6.61212658e-01 -5.44138689e-01 
 8.44946611e+05  6.32176444e-01 -5.57361186e-01 
 8.93757115e+05  6.01677900e-01 -5.69299539e-01 
 9.45387283e+05  5.69815428e-01 -5.79766012e-01 
 1.00000000e+06  5.36716096e-01 -5.88579626e-01 
 1.05776756e+06  5.02535359e-01 -5.95571266e-01 
 1.11887221e+06  4.67455713e-01 -6.00588870e-01 
 1.18350673e+06  4.31684235e-01 -6.03502446e-01 
 1.25187503e+06  3.95449036e-01 -6.04208639e-01 
 1.32419279e+06  3.58994747e-01 -6.02634577e-01 
 1.40068818e+06  3.22577201e-01 -5.98740761e-01 
 1.48160252e+06  2.86457582e-01 -5.92522815e-01 
 1.56719108e+06  2.50896317e-01 -5.84011991e-01 
 1.65772389e+06  2.16147036e-01 -5.73274412e-01 
 1.75348655e+06  1.82450889e-01 -5.60409123e-01 
 1.85478119e+06  1.50031502e-01 -5.45545095e-01 
 1.96192737e+06  1.19090764e-01 -5.28837403e-01 
 2.07526313e+06  8.98055795e-02 -5.10462818e-01 
 2.19514602e+06  6.23256527e-02 -4.90615096e-01 
 2.32195425e+06  3.67722630e-02 -4.69500198e-01 
 2.45608788e+06  1.32379595e-02 -4.47331677e-01 
 2.59797009e+06 -8.21296344e-03 -4.24326398e-01 
 2.74804848e+06 -2.75433694e-02 -4.00700715e-01 
 2.90679654e+06 -4.47417308e-02 -3.76667165e-01 
 3.07471508e+06 -5.98202878e-02 -3.52431688e-01 
 3.25233387e+06 -7.28130530e-02 -3.28191345e-01 
 3.44021326e+06 -8.37737692e-02 -3.04132475e-01 
 3.63894599e+06 -9.27738927e-02 -2.80429203e-01 
 3.84915902e+06 -9.99006360e-02 -2.57242239e-01 
 4.07151555e+06 -1.05255077e-01 -2.34717866e-01 
 4.30671707e+06 -1.08950316e-01 -2.12987093e-01 
 4.55550561e+06 -1.11109642e-01 -1.92164911e-01 
 4.81866605e+06 -1.11864671e-01 -1.72349662e-01 
 5.09702863e+06 -1.11353425e-01 -1.53622526e-01 
 5.39147154e+06 -1.09718316e-01 -1.36047161e-01 
 5.70292370e+06 -1.07104055e-01 -1.19669550e-01 
 6.03236769e+06 -1.03655470e-01 -1.04518096e-01 
 6.38084285e+06 -9.95153188e-02 -9.06040112e-02 
 6.74944857e+06 -9.48221146e-02 -7.79220376e-02 
 7.13934775e+06 -8.97080685e-02 -6.64515032e-02 
 7.55177045e+06 -8.42972110e-02 -5.61577048e-02 
 7.98801781e+06 -7.87037718e-02 -4.69935794e-02 
 8.44946611e+06 -7.30308803e-02 -3.89016081e-02 
 8.93757115e+06 -6.73696313e-02 -3.18158761e-02 
 9.45387283e+06 -6.17985377e-02 -2.56642093e-02 
 1.00000000e+07 -5.63833730e-02 -2.03702990e-02 
 1.05776756e+07 -5.11773795e-02 -1.58557369e-02 
 1.11887221e+07 -4.62218041e-02 -1.20418903e-02 
 1.18350673e+07 -4.15467091e-02 -8.85156193e-03 
 1.25187503e+07 -3.71719942e-02 -6.21039636e-03 
 1.32419279e+07 -3.31085668e-02 -4.04801193e-03 
 1.40068818e+07 -2.93595952e-02 -2.29885275e-03 
 1.48160252e+07 -2.59217863e-02 -9.02770135e-04 
 1.56719108e+07 -2.27866366e-02  1.94646180e-04 
 1.65772389e+07 -1.99416132e-02  1.04195786e-03 
 1.75348655e+07 -1.73712354e-02  1.68195448e-03 
 1.85478119e+07 -1.50580328e-02  2.15187979e-03 
 1.96192737e+07 -1.29833706e-02  2.48377063e-03 
 2.07526313e+07 -1.11281358e-02  2.70487367e-03 
 2.19514602e+07 -9.47329144e-03  2.83810854e-03 
 2.32195425e+07 -8.00030375e-03  2.90255043e-03 
 2.45608788e+07 -6.69145822e-03  2.91391053e-03 
 2.59797009e+07 -5.53007722e-03  2.88499751e-03 
 2.74804848e+07 -4.50065574e-03  2.82614819e-03 
 2.90679654e+07 -3.58893033e-03  2.74561988e-03 
 3.07471508e+07 -2.78189575e-03  2.64994041e-03 
 3.25233387e+07 -2.06778235e-03  2.54421471e-03 
 3.44021326e+07 -1.43600521e-03  2.43238907e-03 
 3.63894599e+07 -8.77094433e-04  2.31747563e-03 
 3.84915902e+07 -3.82614005e-04  2.20174052e-03 
 4.07151555e+07  5.49248535e-05  2.08685980e-03 
 4.30671707e+07  4.42151611e-04  1.97404715e-03 
 4.55550561e+07  7.84922407e-04  1.86415750e-03 
 4.81866605e+07  1.08840200e-03  1.75777025e-03 
 5.09702863e+07  1.35714037e-03  1.65525551e-03 
 5.39147154e+07  1.59514316e-03  1.55682641e-03 
 5.70292370e+07  1.80593579e-03  1.46257995e-03 
 6.03236769e+07  1.99262120e-03  1.37252873e-03 
 6.38084285e+07  2.15793141e-03  1.28662521e-03 
 6.74944857e+07  2.30427336e-03  1.20478023e-03 
 7.13934775e+07  2.43376942e-03  1.12687674e-03 
 7.55177045e+07  2.54829306e-03  1.05278008e-03 
 7.98801781e+07  2.64950005e-03  9.82345238e-04 
 8.44946611e+07  2.73885581e-03  9.15422082e-04 
 8.93757115e+07  2.81765920e-03  8.51858804e-04 
 9.45387283e+07  2.88706316e-03  7.91504155e-04 
 1.00000000e+08  2.94809262e-03  7.34208737e-04 
