 time            v(inp)          v(out)         
 0.00000000e+00  9.00000000e-01  9.00001094e-01 
 1.10000000e-11  9.00000000e-01  9.00001094e-01 
 2.20000000e-11  9.00000000e-01  9.00001094e-01 
 4.40000000e-11  9.00000000e-01  9.00001094e-01 
 8.80000000e-11  9.00000000e-01  9.00001094e-01 
 1.76000000e-10  9.00000000e-01  9.00001094e-01 
 3.52000000e-10  9.00000000e-01  9.00001094e-01 
 7.04000000e-10  9.00000000e-01  9.00001094e-01 
 1.40800000e-09  9.00000000e-01  9.00001094e-01 
 2.50800000e-09  9.00000000e-01  9.00001094e-01 
 3.60800000e-09  9.00000000e-01  9.00001094e-01 
 4.70800000e-09  9.00000000e-01  9.00001094e-01 
 5.80800000e-09  9.00000000e-01  9.00001094e-01 
 6.90800000e-09  9.00000000e-01  9.00001094e-01 
 8.00800000e-09  9.00000000e-01  9.00001094e-01 
 9.10800000e-09  9.00000000e-01  9.00001094e-01 
 1.02080000e-08  9.00000000e-01  9.00001094e-01 
 1.13080000e-08  9.00000000e-01  9.00001094e-01 
 1.24080000e-08  9.00000000e-01  9.00001094e-01 
 1.35080000e-08  9.00000000e-01  9.00001094e-01 
 1.46080000e-08  9.00000000e-01  9.00001094e-01 
 1.57080000e-08  9.00000000e-01  9.00001094e-01 
 1.68080000e-08  9.00000000e-01  9.00001094e-01 
 1.79080000e-08  9.00000000e-01  9.00001094e-01 
 1.90080000e-08  9.00000000e-01  9.00001094e-01 
 2.01080000e-08  9.00000000e-01  9.00001094e-01 
 2.12080000e-08  9.00000000e-01  9.00001094e-01 
 2.23080000e-08  9.00000000e-01  9.00001094e-01 
 2.34080000e-08  9.00000000e-01  9.00001094e-01 
 2.45080000e-08  9.00000000e-01  9.00001094e-01 
 2.56080000e-08  9.00000000e-01  9.00001094e-01 
 2.67080000e-08  9.00000000e-01  9.00001094e-01 
 2.78080000e-08  9.00000000e-01  9.00001094e-01 
 2.89080000e-08  9.00000000e-01  9.00001094e-01 
 3.00080000e-08  9.00000000e-01  9.00001094e-01 
 3.11080000e-08  9.00000000e-01  9.00001094e-01 
 3.22080000e-08  9.00000000e-01  9.00001094e-01 
 3.33080000e-08  9.00000000e-01  9.00001094e-01 
 3.44080000e-08  9.00000000e-01  9.00001094e-01 
 3.55080000e-08  9.00000000e-01  9.00001094e-01 
 3.66080000e-08  9.00000000e-01  9.00001094e-01 
 3.77080000e-08  9.00000000e-01  9.00001094e-01 
 3.88080000e-08  9.00000000e-01  9.00001094e-01 
 3.99080000e-08  9.00000000e-01  9.00001094e-01 
 4.10080000e-08  9.00000000e-01  9.00001094e-01 
 4.21080000e-08  9.00000000e-01  9.00001094e-01 
 4.32080000e-08  9.00000000e-01  9.00001094e-01 
 4.43080000e-08  9.00000000e-01  9.00001094e-01 
 4.54080000e-08  9.00000000e-01  9.00001094e-01 
 4.65080000e-08  9.00000000e-01  9.00001094e-01 
 4.76080000e-08  9.00000000e-01  9.00001094e-01 
 4.87080000e-08  9.00000000e-01  9.00001094e-01 
 4.98080000e-08  9.00000000e-01  9.00001094e-01 
 5.09080000e-08  9.00000000e-01  9.00001094e-01 
 5.20080000e-08  9.00000000e-01  9.00001094e-01 
 5.31080000e-08  9.00000000e-01  9.00001094e-01 
 5.42080000e-08  9.00000000e-01  9.00001094e-01 
 5.53080000e-08  9.00000000e-01  9.00001094e-01 
 5.64080000e-08  9.00000000e-01  9.00001094e-01 
 5.75080000e-08  9.00000000e-01  9.00001094e-01 
 5.86080000e-08  9.00000000e-01  9.00001094e-01 
 5.97080000e-08  9.00000000e-01  9.00001094e-01 
 6.08080000e-08  9.00000000e-01  9.00001094e-01 
 6.19080000e-08  9.00000000e-01  9.00001094e-01 
 6.30080000e-08  9.00000000e-01  9.00001094e-01 
 6.41080000e-08  9.00000000e-01  9.00001094e-01 
 6.52080000e-08  9.00000000e-01  9.00001094e-01 
 6.63080000e-08  9.00000000e-01  9.00001094e-01 
 6.74080000e-08  9.00000000e-01  9.00001094e-01 
 6.85080000e-08  9.00000000e-01  9.00001094e-01 
 6.96080000e-08  9.00000000e-01  9.00001094e-01 
 7.07080000e-08  9.00000000e-01  9.00001094e-01 
 7.18080000e-08  9.00000000e-01  9.00001094e-01 
 7.29080000e-08  9.00000000e-01  9.00001094e-01 
 7.40080000e-08  9.00000000e-01  9.00001094e-01 
 7.51080000e-08  9.00000000e-01  9.00001094e-01 
 7.62080000e-08  9.00000000e-01  9.00001094e-01 
 7.73080000e-08  9.00000000e-01  9.00001094e-01 
 7.84080000e-08  9.00000000e-01  9.00001094e-01 
 7.95080000e-08  9.00000000e-01  9.00001094e-01 
 8.06080000e-08  9.00000000e-01  9.00001094e-01 
 8.17080000e-08  9.00000000e-01  9.00001094e-01 
 8.28080000e-08  9.00000000e-01  9.00001094e-01 
 8.39080000e-08  9.00000000e-01  9.00001094e-01 
 8.50080000e-08  9.00000000e-01  9.00001094e-01 
 8.61080000e-08  9.00000000e-01  9.00001094e-01 
 8.72080000e-08  9.00000000e-01  9.00001094e-01 
 8.83080000e-08  9.00000000e-01  9.00001094e-01 
 8.94080000e-08  9.00000000e-01  9.00001094e-01 
 9.05080000e-08  9.00000000e-01  9.00001094e-01 
 9.16080000e-08  9.00000000e-01  9.00001094e-01 
 9.27080000e-08  9.00000000e-01  9.00001094e-01 
 9.38080000e-08  9.00000000e-01  9.00001094e-01 
 9.49080000e-08  9.00000000e-01  9.00001094e-01 
 9.60080000e-08  9.00000000e-01  9.00001094e-01 
 9.71080000e-08  9.00000000e-01  9.00001094e-01 
 9.82080000e-08  9.00000000e-01  9.00001094e-01 
 9.93080000e-08  9.00000000e-01  9.00001094e-01 
 1.00000000e-07  9.00000000e-01  9.00001094e-01 
 1.00001000e-07  9.01000000e-01  9.00052676e-01 
 1.00003000e-07  9.03000000e-01  9.00155898e-01 
 1.00007000e-07  9.07000000e-01  9.00362590e-01 
 1.00010000e-07  9.10000000e-01  9.00517834e-01 
 1.00010800e-07  9.10000000e-01  9.00517845e-01 
 1.00012400e-07  9.10000000e-01  9.00517868e-01 
 1.00015600e-07  9.10000000e-01  9.00517913e-01 
 1.00022000e-07  9.10000000e-01  9.00518005e-01 
 1.00034800e-07  9.10000000e-01  9.00518188e-01 
 1.00060400e-07  9.10000000e-01  9.00518554e-01 
 1.00111600e-07  9.10000000e-01  9.00519292e-01 
 1.00214000e-07  9.10000000e-01  9.00520785e-01 
 1.00418800e-07  9.10000000e-01  9.00523836e-01 
 1.00828400e-07  9.10000000e-01  9.00530203e-01 
 1.01647600e-07  9.10000000e-01  9.00543973e-01 
 1.02747600e-07  9.10000000e-01  9.00564570e-01 
 1.03847600e-07  9.10000000e-01  9.00587491e-01 
 1.04947600e-07  9.10000000e-01  9.00612629e-01 
 1.06047600e-07  9.10000000e-01  9.00639881e-01 
 1.07147600e-07  9.10000000e-01  9.00669145e-01 
 1.08247600e-07  9.10000000e-01  9.00700322e-01 
 1.09347600e-07  9.10000000e-01  9.00733313e-01 
 1.10447600e-07  9.10000000e-01  9.00768022e-01 
 1.11547600e-07  9.10000000e-01  9.00804358e-01 
 1.12647600e-07  9.10000000e-01  9.00842230e-01 
 1.13747600e-07  9.10000000e-01  9.00881549e-01 
 1.14847600e-07  9.10000000e-01  9.00922231e-01 
 1.15947600e-07  9.10000000e-01  9.00964192e-01 
 1.17047600e-07  9.10000000e-01  9.01007353e-01 
 1.18147600e-07  9.10000000e-01  9.01051636e-01 
 1.19247600e-07  9.10000000e-01  9.01096967e-01 
 1.20347600e-07  9.10000000e-01  9.01143273e-01 
 1.21447600e-07  9.10000000e-01  9.01190486e-01 
 1.22547600e-07  9.10000000e-01  9.01238538e-01 
 1.23647600e-07  9.10000000e-01  9.01287366e-01 
 1.24747600e-07  9.10000000e-01  9.01336908e-01 
 1.25847600e-07  9.10000000e-01  9.01387105e-01 
 1.26947600e-07  9.10000000e-01  9.01437900e-01 
 1.28047600e-07  9.10000000e-01  9.01489239e-01 
 1.29147600e-07  9.10000000e-01  9.01541072e-01 
 1.30247600e-07  9.10000000e-01  9.01593347e-01 
 1.31347600e-07  9.10000000e-01  9.01646019e-01 
 1.32447600e-07  9.10000000e-01  9.01699042e-01 
 1.33547600e-07  9.10000000e-01  9.01752373e-01 
 1.34647600e-07  9.10000000e-01  9.01805972e-01 
 1.35747600e-07  9.10000000e-01  9.01859800e-01 
 1.36847600e-07  9.10000000e-01  9.01913821e-01 
 1.37947600e-07  9.10000000e-01  9.01967998e-01 
 1.39047600e-07  9.10000000e-01  9.02022300e-01 
 1.40147600e-07  9.10000000e-01  9.02076695e-01 
 1.41247600e-07  9.10000000e-01  9.02131154e-01 
 1.42347600e-07  9.10000000e-01  9.02185647e-01 
 1.43447600e-07  9.10000000e-01  9.02240149e-01 
 1.44547600e-07  9.10000000e-01  9.02294636e-01 
 1.45647600e-07  9.10000000e-01  9.02349082e-01 
 1.46747600e-07  9.10000000e-01  9.02403467e-01 
 1.47847600e-07  9.10000000e-01  9.02457768e-01 
 1.48947600e-07  9.10000000e-01  9.02511968e-01 
 1.50047600e-07  9.10000000e-01  9.02566046e-01 
 1.51147600e-07  9.10000000e-01  9.02619987e-01 
 1.52247600e-07  9.10000000e-01  9.02673773e-01 
 1.53347600e-07  9.10000000e-01  9.02727391e-01 
 1.54447600e-07  9.10000000e-01  9.02780824e-01 
 1.55547600e-07  9.10000000e-01  9.02834062e-01 
 1.56647600e-07  9.10000000e-01  9.02887090e-01 
 1.57747600e-07  9.10000000e-01  9.02939899e-01 
 1.58847600e-07  9.10000000e-01  9.02992476e-01 
 1.59947600e-07  9.10000000e-01  9.03044813e-01 
 1.61047600e-07  9.10000000e-01  9.03096901e-01 
 1.62147600e-07  9.10000000e-01  9.03148730e-01 
 1.63247600e-07  9.10000000e-01  9.03200294e-01 
 1.64347600e-07  9.10000000e-01  9.03251585e-01 
 1.65447600e-07  9.10000000e-01  9.03302596e-01 
 1.66547600e-07  9.10000000e-01  9.03353323e-01 
 1.67647600e-07  9.10000000e-01  9.03403759e-01 
 1.68747600e-07  9.10000000e-01  9.03453900e-01 
 1.69847600e-07  9.10000000e-01  9.03503740e-01 
 1.70947600e-07  9.10000000e-01  9.03553277e-01 
 1.72047600e-07  9.10000000e-01  9.03602507e-01 
 1.73147600e-07  9.10000000e-01  9.03651426e-01 
 1.74247600e-07  9.10000000e-01  9.03700031e-01 
 1.75347600e-07  9.10000000e-01  9.03748321e-01 
 1.76447600e-07  9.10000000e-01  9.03796294e-01 
 1.77547600e-07  9.10000000e-01  9.03843946e-01 
 1.78647600e-07  9.10000000e-01  9.03891278e-01 
 1.79747600e-07  9.10000000e-01  9.03938287e-01 
 1.80847600e-07  9.10000000e-01  9.03984973e-01 
 1.81947600e-07  9.10000000e-01  9.04031335e-01 
 1.83047600e-07  9.10000000e-01  9.04077372e-01 
 1.84147600e-07  9.10000000e-01  9.04123085e-01 
 1.85247600e-07  9.10000000e-01  9.04168473e-01 
 1.86347600e-07  9.10000000e-01  9.04213536e-01 
 1.87447600e-07  9.10000000e-01  9.04258274e-01 
 1.88547600e-07  9.10000000e-01  9.04302689e-01 
 1.89647600e-07  9.10000000e-01  9.04346780e-01 
 1.90747600e-07  9.10000000e-01  9.04390548e-01 
 1.91847600e-07  9.10000000e-01  9.04433994e-01 
 1.92947600e-07  9.10000000e-01  9.04477119e-01 
 1.94047600e-07  9.10000000e-01  9.04519924e-01 
 1.95147600e-07  9.10000000e-01  9.04562410e-01 
 1.96247600e-07  9.10000000e-01  9.04604578e-01 
 1.97347600e-07  9.10000000e-01  9.04646430e-01 
 1.98447600e-07  9.10000000e-01  9.04687968e-01 
 1.99547600e-07  9.10000000e-01  9.04729192e-01 
 2.00647600e-07  9.10000000e-01  9.04770104e-01 
 2.01747600e-07  9.10000000e-01  9.04810706e-01 
 2.02847600e-07  9.10000000e-01  9.04850999e-01 
 2.03947600e-07  9.10000000e-01  9.04890986e-01 
 2.05047600e-07  9.10000000e-01  9.04930668e-01 
 2.06147600e-07  9.10000000e-01  9.04970046e-01 
 2.07247600e-07  9.10000000e-01  9.05009123e-01 
 2.08347600e-07  9.10000000e-01  9.05047900e-01 
 2.09447600e-07  9.10000000e-01  9.05086379e-01 
 2.10547600e-07  9.10000000e-01  9.05124563e-01 
 2.11647600e-07  9.10000000e-01  9.05162453e-01 
 2.12747600e-07  9.10000000e-01  9.05200051e-01 
 2.13847600e-07  9.10000000e-01  9.05237359e-01 
 2.14947600e-07  9.10000000e-01  9.05274379e-01 
 2.16047600e-07  9.10000000e-01  9.05311114e-01 
 2.17147600e-07  9.10000000e-01  9.05347564e-01 
 2.18247600e-07  9.10000000e-01  9.05383733e-01 
 2.19347600e-07  9.10000000e-01  9.05419621e-01 
 2.20447600e-07  9.10000000e-01  9.05455232e-01 
 2.21547600e-07  9.10000000e-01  9.05490567e-01 
 2.22647600e-07  9.10000000e-01  9.05525629e-01 
 2.23747600e-07  9.10000000e-01  9.05560418e-01 
 2.24847600e-07  9.10000000e-01  9.05594938e-01 
 2.25947600e-07  9.10000000e-01  9.05629190e-01 
 2.27047600e-07  9.10000000e-01  9.05663177e-01 
 2.28147600e-07  9.10000000e-01  9.05696899e-01 
 2.29247600e-07  9.10000000e-01  9.05730361e-01 
 2.30347600e-07  9.10000000e-01  9.05763562e-01 
 2.31447600e-07  9.10000000e-01  9.05796506e-01 
 2.32547600e-07  9.10000000e-01  9.05829194e-01 
 2.33647600e-07  9.10000000e-01  9.05861628e-01 
 2.34747600e-07  9.10000000e-01  9.05893810e-01 
 2.35847600e-07  9.10000000e-01  9.05925743e-01 
 2.36947600e-07  9.10000000e-01  9.05957428e-01 
 2.38047600e-07  9.10000000e-01  9.05988866e-01 
 2.39147600e-07  9.10000000e-01  9.06020061e-01 
 2.40247600e-07  9.10000000e-01  9.06051013e-01 
 2.41347600e-07  9.10000000e-01  9.06081725e-01 
 2.42447600e-07  9.10000000e-01  9.06112199e-01 
 2.43547600e-07  9.10000000e-01  9.06142436e-01 
 2.44647600e-07  9.10000000e-01  9.06172439e-01 
 2.45747600e-07  9.10000000e-01  9.06202208e-01 
 2.46847600e-07  9.10000000e-01  9.06231747e-01 
 2.47947600e-07  9.10000000e-01  9.06261056e-01 
 2.49047600e-07  9.10000000e-01  9.06290138e-01 
 2.50147600e-07  9.10000000e-01  9.06318994e-01 
 2.51247600e-07  9.10000000e-01  9.06347626e-01 
 2.52347600e-07  9.10000000e-01  9.06376036e-01 
 2.53447600e-07  9.10000000e-01  9.06404226e-01 
 2.54547600e-07  9.10000000e-01  9.06432197e-01 
 2.55647600e-07  9.10000000e-01  9.06459951e-01 
 2.56747600e-07  9.10000000e-01  9.06487490e-01 
 2.57847600e-07  9.10000000e-01  9.06514815e-01 
 2.58947600e-07  9.10000000e-01  9.06541928e-01 
 2.60047600e-07  9.10000000e-01  9.06568831e-01 
 2.61147600e-07  9.10000000e-01  9.06595525e-01 
 2.62247600e-07  9.10000000e-01  9.06622013e-01 
 2.63347600e-07  9.10000000e-01  9.06648295e-01 
 2.64447600e-07  9.10000000e-01  9.06674373e-01 
 2.65547600e-07  9.10000000e-01  9.06700249e-01 
 2.66647600e-07  9.10000000e-01  9.06725924e-01 
 2.67747600e-07  9.10000000e-01  9.06751400e-01 
 2.68847600e-07  9.10000000e-01  9.06776679e-01 
 2.69947600e-07  9.10000000e-01  9.06801762e-01 
 2.71047600e-07  9.10000000e-01  9.06826650e-01 
 2.72147600e-07  9.10000000e-01  9.06851345e-01 
 2.73247600e-07  9.10000000e-01  9.06875849e-01 
 2.74347600e-07  9.10000000e-01  9.06900164e-01 
 2.75447600e-07  9.10000000e-01  9.06924289e-01 
 2.76547600e-07  9.10000000e-01  9.06948228e-01 
 2.77647600e-07  9.10000000e-01  9.06971981e-01 
 2.78747600e-07  9.10000000e-01  9.06995550e-01 
 2.79847600e-07  9.10000000e-01  9.07018936e-01 
 2.80947600e-07  9.10000000e-01  9.07042141e-01 
 2.82047600e-07  9.10000000e-01  9.07065166e-01 
 2.83147600e-07  9.10000000e-01  9.07088012e-01 
 2.84247600e-07  9.10000000e-01  9.07110682e-01 
 2.85347600e-07  9.10000000e-01  9.07133176e-01 
 2.86447600e-07  9.10000000e-01  9.07155495e-01 
 2.87547600e-07  9.10000000e-01  9.07177641e-01 
 2.88647600e-07  9.10000000e-01  9.07199616e-01 
 2.89747600e-07  9.10000000e-01  9.07221420e-01 
 2.90847600e-07  9.10000000e-01  9.07243055e-01 
 2.91947600e-07  9.10000000e-01  9.07264523e-01 
 2.93047600e-07  9.10000000e-01  9.07285824e-01 
 2.94147600e-07  9.10000000e-01  9.07306960e-01 
 2.95247600e-07  9.10000000e-01  9.07327932e-01 
 2.96347600e-07  9.10000000e-01  9.07348741e-01 
 2.97447600e-07  9.10000000e-01  9.07369389e-01 
 2.98547600e-07  9.10000000e-01  9.07389877e-01 
 2.99647600e-07  9.10000000e-01  9.07410206e-01 
 3.00747600e-07  9.10000000e-01  9.07430377e-01 
 3.01847600e-07  9.10000000e-01  9.07450392e-01 
 3.02947600e-07  9.10000000e-01  9.07470252e-01 
 3.04047600e-07  9.10000000e-01  9.07489957e-01 
 3.05147600e-07  9.10000000e-01  9.07509510e-01 
 3.06247600e-07  9.10000000e-01  9.07528911e-01 
 3.07347600e-07  9.10000000e-01  9.07548161e-01 
 3.08447600e-07  9.10000000e-01  9.07567263e-01 
 3.09547600e-07  9.10000000e-01  9.07586215e-01 
 3.10647600e-07  9.10000000e-01  9.07605021e-01 
 3.11747600e-07  9.10000000e-01  9.07623681e-01 
 3.12847600e-07  9.10000000e-01  9.07642196e-01 
 3.13947600e-07  9.10000000e-01  9.07660567e-01 
 3.15047600e-07  9.10000000e-01  9.07678796e-01 
 3.16147600e-07  9.10000000e-01  9.07696883e-01 
 3.17247600e-07  9.10000000e-01  9.07714830e-01 
 3.18347600e-07  9.10000000e-01  9.07732637e-01 
 3.19447600e-07  9.10000000e-01  9.07750306e-01 
 3.20547600e-07  9.10000000e-01  9.07767838e-01 
 3.21647600e-07  9.10000000e-01  9.07785233e-01 
 3.22747600e-07  9.10000000e-01  9.07802494e-01 
 3.23847600e-07  9.10000000e-01  9.07819621e-01 
 3.24947600e-07  9.10000000e-01  9.07836614e-01 
 3.26047600e-07  9.10000000e-01  9.07853476e-01 
 3.27147600e-07  9.10000000e-01  9.07870206e-01 
 3.28247600e-07  9.10000000e-01  9.07886806e-01 
 3.29347600e-07  9.10000000e-01  9.07903278e-01 
 3.30447600e-07  9.10000000e-01  9.07919621e-01 
 3.31547600e-07  9.10000000e-01  9.07935838e-01 
 3.32647600e-07  9.10000000e-01  9.07951928e-01 
 3.33747600e-07  9.10000000e-01  9.07967893e-01 
 3.34847600e-07  9.10000000e-01  9.07983735e-01 
 3.35947600e-07  9.10000000e-01  9.07999453e-01 
 3.37047600e-07  9.10000000e-01  9.08015048e-01 
 3.38147600e-07  9.10000000e-01  9.08030523e-01 
 3.39247600e-07  9.10000000e-01  9.08045877e-01 
 3.40347600e-07  9.10000000e-01  9.08061112e-01 
 3.41447600e-07  9.10000000e-01  9.08076228e-01 
 3.42547600e-07  9.10000000e-01  9.08091227e-01 
 3.43647600e-07  9.10000000e-01  9.08106109e-01 
 3.44747600e-07  9.10000000e-01  9.08120875e-01 
 3.45847600e-07  9.10000000e-01  9.08135527e-01 
 3.46947600e-07  9.10000000e-01  9.08150064e-01 
 3.48047600e-07  9.10000000e-01  9.08164488e-01 
 3.49147600e-07  9.10000000e-01  9.08178800e-01 
 3.50247600e-07  9.10000000e-01  9.08193001e-01 
 3.51347600e-07  9.10000000e-01  9.08207091e-01 
 3.52447600e-07  9.10000000e-01  9.08221072e-01 
 3.53547600e-07  9.10000000e-01  9.08234943e-01 
 3.54647600e-07  9.10000000e-01  9.08248707e-01 
 3.55747600e-07  9.10000000e-01  9.08262363e-01 
 3.56847600e-07  9.10000000e-01  9.08275913e-01 
 3.57947600e-07  9.10000000e-01  9.08289358e-01 
 3.59047600e-07  9.10000000e-01  9.08302698e-01 
 3.60147600e-07  9.10000000e-01  9.08315934e-01 
 3.61247600e-07  9.10000000e-01  9.08329067e-01 
 3.62347600e-07  9.10000000e-01  9.08342097e-01 
 3.63447600e-07  9.10000000e-01  9.08355026e-01 
 3.64547600e-07  9.10000000e-01  9.08367855e-01 
 3.65647600e-07  9.10000000e-01  9.08380583e-01 
 3.66747600e-07  9.10000000e-01  9.08393212e-01 
 3.67847600e-07  9.10000000e-01  9.08405743e-01 
 3.68947600e-07  9.10000000e-01  9.08418176e-01 
 3.70047600e-07  9.10000000e-01  9.08430513e-01 
 3.71147600e-07  9.10000000e-01  9.08442753e-01 
 3.72247600e-07  9.10000000e-01  9.08454898e-01 
 3.73347600e-07  9.10000000e-01  9.08466948e-01 
 3.74447600e-07  9.10000000e-01  9.08478904e-01 
 3.75547600e-07  9.10000000e-01  9.08490767e-01 
 3.76647600e-07  9.10000000e-01  9.08502537e-01 
 3.77747600e-07  9.10000000e-01  9.08514216e-01 
 3.78847600e-07  9.10000000e-01  9.08525803e-01 
 3.79947600e-07  9.10000000e-01  9.08537300e-01 
 3.81047600e-07  9.10000000e-01  9.08548708e-01 
 3.82147600e-07  9.10000000e-01  9.08560026e-01 
 3.83247600e-07  9.10000000e-01  9.08571257e-01 
 3.84347600e-07  9.10000000e-01  9.08582399e-01 
 3.85447600e-07  9.10000000e-01  9.08593455e-01 
 3.86547600e-07  9.10000000e-01  9.08604425e-01 
 3.87647600e-07  9.10000000e-01  9.08615309e-01 
 3.88747600e-07  9.10000000e-01  9.08626108e-01 
 3.89847600e-07  9.10000000e-01  9.08636822e-01 
 3.90947600e-07  9.10000000e-01  9.08647453e-01 
 3.92047600e-07  9.10000000e-01  9.08658001e-01 
 3.93147600e-07  9.10000000e-01  9.08668467e-01 
 3.94247600e-07  9.10000000e-01  9.08678851e-01 
 3.95347600e-07  9.10000000e-01  9.08689155e-01 
 3.96447600e-07  9.10000000e-01  9.08699377e-01 
 3.97547600e-07  9.10000000e-01  9.08709520e-01 
 3.98647600e-07  9.10000000e-01  9.08719584e-01 
 3.99747600e-07  9.10000000e-01  9.08729569e-01 
 4.00847600e-07  9.10000000e-01  9.08739476e-01 
 4.01947600e-07  9.10000000e-01  9.08749306e-01 
 4.03047600e-07  9.10000000e-01  9.08759059e-01 
 4.04147600e-07  9.10000000e-01  9.08768736e-01 
 4.05247600e-07  9.10000000e-01  9.08778337e-01 
 4.06347600e-07  9.10000000e-01  9.08787863e-01 
 4.07447600e-07  9.10000000e-01  9.08797315e-01 
 4.08547600e-07  9.10000000e-01  9.08806693e-01 
 4.09647600e-07  9.10000000e-01  9.08815998e-01 
 4.10747600e-07  9.10000000e-01  9.08825230e-01 
 4.11847600e-07  9.10000000e-01  9.08834390e-01 
 4.12947600e-07  9.10000000e-01  9.08843478e-01 
 4.14047600e-07  9.10000000e-01  9.08852496e-01 
 4.15147600e-07  9.10000000e-01  9.08861443e-01 
 4.16247600e-07  9.10000000e-01  9.08870320e-01 
 4.17347600e-07  9.10000000e-01  9.08879127e-01 
 4.18447600e-07  9.10000000e-01  9.08887866e-01 
 4.19547600e-07  9.10000000e-01  9.08896537e-01 
 4.20647600e-07  9.10000000e-01  9.08905140e-01 
 4.21747600e-07  9.10000000e-01  9.08913675e-01 
 4.22847600e-07  9.10000000e-01  9.08922144e-01 
 4.23947600e-07  9.10000000e-01  9.08930547e-01 
 4.25047600e-07  9.10000000e-01  9.08938884e-01 
 4.26147600e-07  9.10000000e-01  9.08947155e-01 
 4.27247600e-07  9.10000000e-01  9.08955363e-01 
 4.28347600e-07  9.10000000e-01  9.08963506e-01 
 4.29447600e-07  9.10000000e-01  9.08971585e-01 
 4.30547600e-07  9.10000000e-01  9.08979601e-01 
 4.31647600e-07  9.10000000e-01  9.08987554e-01 
 4.32747600e-07  9.10000000e-01  9.08995446e-01 
 4.33847600e-07  9.10000000e-01  9.09003275e-01 
 4.34947600e-07  9.10000000e-01  9.09011043e-01 
 4.36047600e-07  9.10000000e-01  9.09018751e-01 
 4.37147600e-07  9.10000000e-01  9.09026398e-01 
 4.38247600e-07  9.10000000e-01  9.09033986e-01 
 4.39347600e-07  9.10000000e-01  9.09041514e-01 
 4.40447600e-07  9.10000000e-01  9.09048983e-01 
 4.41547600e-07  9.10000000e-01  9.09056394e-01 
 4.42647600e-07  9.10000000e-01  9.09063747e-01 
 4.43747600e-07  9.10000000e-01  9.09071042e-01 
 4.44847600e-07  9.10000000e-01  9.09078280e-01 
 4.45947600e-07  9.10000000e-01  9.09085462e-01 
 4.47047600e-07  9.10000000e-01  9.09092587e-01 
 4.48147600e-07  9.10000000e-01  9.09099657e-01 
 4.49247600e-07  9.10000000e-01  9.09106671e-01 
 4.50347600e-07  9.10000000e-01  9.09113631e-01 
 4.51447600e-07  9.10000000e-01  9.09120536e-01 
 4.52547600e-07  9.10000000e-01  9.09127387e-01 
 4.53647600e-07  9.10000000e-01  9.09134184e-01 
 4.54747600e-07  9.10000000e-01  9.09140928e-01 
 4.55847600e-07  9.10000000e-01  9.09147619e-01 
 4.56947600e-07  9.10000000e-01  9.09154258e-01 
 4.58047600e-07  9.10000000e-01  9.09160845e-01 
 4.59147600e-07  9.10000000e-01  9.09167381e-01 
 4.60247600e-07  9.10000000e-01  9.09173865e-01 
 4.61347600e-07  9.10000000e-01  9.09180299e-01 
 4.62447600e-07  9.10000000e-01  9.09186682e-01 
 4.63547600e-07  9.10000000e-01  9.09193015e-01 
 4.64647600e-07  9.10000000e-01  9.09199299e-01 
 4.65747600e-07  9.10000000e-01  9.09205533e-01 
 4.66847600e-07  9.10000000e-01  9.09211719e-01 
 4.67947600e-07  9.10000000e-01  9.09217856e-01 
 4.69047600e-07  9.10000000e-01  9.09223945e-01 
 4.70147600e-07  9.10000000e-01  9.09229986e-01 
 4.71247600e-07  9.10000000e-01  9.09235981e-01 
 4.72347600e-07  9.10000000e-01  9.09241928e-01 
 4.73447600e-07  9.10000000e-01  9.09247828e-01 
 4.74547600e-07  9.10000000e-01  9.09253683e-01 
 4.75647600e-07  9.10000000e-01  9.09259491e-01 
 4.76747600e-07  9.10000000e-01  9.09265255e-01 
 4.77847600e-07  9.10000000e-01  9.09270972e-01 
 4.78947600e-07  9.10000000e-01  9.09276646e-01 
 4.80047600e-07  9.10000000e-01  9.09282274e-01 
 4.81147600e-07  9.10000000e-01  9.09287859e-01 
 4.82247600e-07  9.10000000e-01  9.09293400e-01 
 4.83347600e-07  9.10000000e-01  9.09298897e-01 
 4.84447600e-07  9.10000000e-01  9.09304352e-01 
 4.85547600e-07  9.10000000e-01  9.09309763e-01 
 4.86647600e-07  9.10000000e-01  9.09315133e-01 
 4.87747600e-07  9.10000000e-01  9.09320460e-01 
 4.88847600e-07  9.10000000e-01  9.09325746e-01 
 4.89947600e-07  9.10000000e-01  9.09330990e-01 
 4.91047600e-07  9.10000000e-01  9.09336193e-01 
 4.92147600e-07  9.10000000e-01  9.09341355e-01 
 4.93247600e-07  9.10000000e-01  9.09346477e-01 
 4.94347600e-07  9.10000000e-01  9.09351558e-01 
 4.95447600e-07  9.10000000e-01  9.09356600e-01 
 4.96547600e-07  9.10000000e-01  9.09361602e-01 
 4.97647600e-07  9.10000000e-01  9.09366566e-01 
 4.98747600e-07  9.10000000e-01  9.09371490e-01 
 4.99847600e-07  9.10000000e-01  9.09376375e-01 
 5.00947600e-07  9.10000000e-01  9.09381223e-01 
 5.02047600e-07  9.10000000e-01  9.09386032e-01 
 5.03147600e-07  9.10000000e-01  9.09390804e-01 
 5.04247600e-07  9.10000000e-01  9.09395538e-01 
 5.05347600e-07  9.10000000e-01  9.09400235e-01 
 5.06447600e-07  9.10000000e-01  9.09404896e-01 
 5.07547600e-07  9.10000000e-01  9.09409519e-01 
 5.08647600e-07  9.10000000e-01  9.09414107e-01 
 5.09747600e-07  9.10000000e-01  9.09418659e-01 
 5.10847600e-07  9.10000000e-01  9.09423174e-01 
 5.11947600e-07  9.10000000e-01  9.09427655e-01 
 5.13047600e-07  9.10000000e-01  9.09432100e-01 
 5.14147600e-07  9.10000000e-01  9.09436511e-01 
 5.15247600e-07  9.10000000e-01  9.09440887e-01 
 5.16347600e-07  9.10000000e-01  9.09445229e-01 
 5.17447600e-07  9.10000000e-01  9.09449536e-01 
 5.18547600e-07  9.10000000e-01  9.09453810e-01 
 5.19647600e-07  9.10000000e-01  9.09458051e-01 
 5.20747600e-07  9.10000000e-01  9.09462258e-01 
 5.21847600e-07  9.10000000e-01  9.09466432e-01 
 5.22947600e-07  9.10000000e-01  9.09470573e-01 
 5.24047600e-07  9.10000000e-01  9.09474682e-01 
 5.25147600e-07  9.10000000e-01  9.09478759e-01 
 5.26247600e-07  9.10000000e-01  9.09482803e-01 
 5.27347600e-07  9.10000000e-01  9.09486816e-01 
 5.28447600e-07  9.10000000e-01  9.09490798e-01 
 5.29547600e-07  9.10000000e-01  9.09494748e-01 
 5.30647600e-07  9.10000000e-01  9.09498668e-01 
 5.31747600e-07  9.10000000e-01  9.09502556e-01 
 5.32847600e-07  9.10000000e-01  9.09506414e-01 
 5.33947600e-07  9.10000000e-01  9.09510242e-01 
 5.35047600e-07  9.10000000e-01  9.09514040e-01 
 5.36147600e-07  9.10000000e-01  9.09517808e-01 
 5.37247600e-07  9.10000000e-01  9.09521547e-01 
 5.38347600e-07  9.10000000e-01  9.09525256e-01 
 5.39447600e-07  9.10000000e-01  9.09528936e-01 
 5.40547600e-07  9.10000000e-01  9.09532587e-01 
 5.41647600e-07  9.10000000e-01  9.09536210e-01 
 5.42747600e-07  9.10000000e-01  9.09539804e-01 
 5.43847600e-07  9.10000000e-01  9.09543370e-01 
 5.44947600e-07  9.10000000e-01  9.09546908e-01 
 5.46047600e-07  9.10000000e-01  9.09550418e-01 
 5.47147600e-07  9.10000000e-01  9.09553901e-01 
 5.48247600e-07  9.10000000e-01  9.09557356e-01 
 5.49347600e-07  9.10000000e-01  9.09560784e-01 
 5.50447600e-07  9.10000000e-01  9.09564186e-01 
 5.51547600e-07  9.10000000e-01  9.09567560e-01 
 5.52647600e-07  9.10000000e-01  9.09570909e-01 
 5.53747600e-07  9.10000000e-01  9.09574231e-01 
 5.54847600e-07  9.10000000e-01  9.09577526e-01 
 5.55947600e-07  9.10000000e-01  9.09580796e-01 
 5.57047600e-07  9.10000000e-01  9.09584041e-01 
 5.58147600e-07  9.10000000e-01  9.09587260e-01 
 5.59247600e-07  9.10000000e-01  9.09590453e-01 
 5.60347600e-07  9.10000000e-01  9.09593622e-01 
 5.61447600e-07  9.10000000e-01  9.09596766e-01 
 5.62547600e-07  9.10000000e-01  9.09599885e-01 
 5.63647600e-07  9.10000000e-01  9.09602979e-01 
 5.64747600e-07  9.10000000e-01  9.09606050e-01 
 5.65847600e-07  9.10000000e-01  9.09609096e-01 
 5.66947600e-07  9.10000000e-01  9.09612118e-01 
 5.68047600e-07  9.10000000e-01  9.09615117e-01 
 5.69147600e-07  9.10000000e-01  9.09618092e-01 
 5.70247600e-07  9.10000000e-01  9.09621044e-01 
 5.71347600e-07  9.10000000e-01  9.09623972e-01 
 5.72447600e-07  9.10000000e-01  9.09626878e-01 
 5.73547600e-07  9.10000000e-01  9.09629761e-01 
 5.74647600e-07  9.10000000e-01  9.09632621e-01 
 5.75747600e-07  9.10000000e-01  9.09635458e-01 
 5.76847600e-07  9.10000000e-01  9.09638274e-01 
 5.77947600e-07  9.10000000e-01  9.09641067e-01 
 5.79047600e-07  9.10000000e-01  9.09643839e-01 
 5.80147600e-07  9.10000000e-01  9.09646588e-01 
 5.81247600e-07  9.10000000e-01  9.09649316e-01 
 5.82347600e-07  9.10000000e-01  9.09652023e-01 
 5.83447600e-07  9.10000000e-01  9.09654708e-01 
 5.84547600e-07  9.10000000e-01  9.09657373e-01 
 5.85647600e-07  9.10000000e-01  9.09660016e-01 
 5.86747600e-07  9.10000000e-01  9.09662639e-01 
 5.87847600e-07  9.10000000e-01  9.09665241e-01 
 5.88947600e-07  9.10000000e-01  9.09667823e-01 
 5.90047600e-07  9.10000000e-01  9.09670384e-01 
 5.91147600e-07  9.10000000e-01  9.09672925e-01 
 5.92247600e-07  9.10000000e-01  9.09675447e-01 
 5.93347600e-07  9.10000000e-01  9.09677948e-01 
 5.94447600e-07  9.10000000e-01  9.09680430e-01 
 5.95547600e-07  9.10000000e-01  9.09682893e-01 
 5.96647600e-07  9.10000000e-01  9.09685336e-01 
 5.97747600e-07  9.10000000e-01  9.09687760e-01 
 5.98847600e-07  9.10000000e-01  9.09690164e-01 
 5.99947600e-07  9.10000000e-01  9.09692550e-01 
 6.01047600e-07  9.10000000e-01  9.09694918e-01 
 6.02147600e-07  9.10000000e-01  9.09697266e-01 
 6.03247600e-07  9.10000000e-01  9.09699597e-01 
 6.04347600e-07  9.10000000e-01  9.09701909e-01 
 6.05447600e-07  9.10000000e-01  9.09704203e-01 
 6.06547600e-07  9.10000000e-01  9.09706478e-01 
 6.07647600e-07  9.10000000e-01  9.09708736e-01 
 6.08747600e-07  9.10000000e-01  9.09710976e-01 
 6.09847600e-07  9.10000000e-01  9.09713199e-01 
 6.10947600e-07  9.10000000e-01  9.09715404e-01 
 6.12047600e-07  9.10000000e-01  9.09717592e-01 
 6.13147600e-07  9.10000000e-01  9.09719763e-01 
 6.14247600e-07  9.10000000e-01  9.09721916e-01 
 6.15347600e-07  9.10000000e-01  9.09724053e-01 
 6.16447600e-07  9.10000000e-01  9.09726173e-01 
 6.17547600e-07  9.10000000e-01  9.09728276e-01 
 6.18647600e-07  9.10000000e-01  9.09730363e-01 
 6.19747600e-07  9.10000000e-01  9.09732433e-01 
 6.20847600e-07  9.10000000e-01  9.09734488e-01 
 6.21947600e-07  9.10000000e-01  9.09736526e-01 
 6.23047600e-07  9.10000000e-01  9.09738548e-01 
 6.24147600e-07  9.10000000e-01  9.09740554e-01 
 6.25247600e-07  9.10000000e-01  9.09742544e-01 
 6.26347600e-07  9.10000000e-01  9.09744519e-01 
 6.27447600e-07  9.10000000e-01  9.09746478e-01 
 6.28547600e-07  9.10000000e-01  9.09748422e-01 
 6.29647600e-07  9.10000000e-01  9.09750351e-01 
 6.30747600e-07  9.10000000e-01  9.09752264e-01 
 6.31847600e-07  9.10000000e-01  9.09754162e-01 
 6.32947600e-07  9.10000000e-01  9.09756046e-01 
 6.34047600e-07  9.10000000e-01  9.09757915e-01 
 6.35147600e-07  9.10000000e-01  9.09759769e-01 
 6.36247600e-07  9.10000000e-01  9.09761608e-01 
 6.37347600e-07  9.10000000e-01  9.09763433e-01 
 6.38447600e-07  9.10000000e-01  9.09765244e-01 
 6.39547600e-07  9.10000000e-01  9.09767040e-01 
 6.40647600e-07  9.10000000e-01  9.09768823e-01 
 6.41747600e-07  9.10000000e-01  9.09770591e-01 
 6.42847600e-07  9.10000000e-01  9.09772345e-01 
 6.43947600e-07  9.10000000e-01  9.09774086e-01 
 6.45047600e-07  9.10000000e-01  9.09775813e-01 
 6.46147600e-07  9.10000000e-01  9.09777527e-01 
 6.47247600e-07  9.10000000e-01  9.09779227e-01 
 6.48347600e-07  9.10000000e-01  9.09780913e-01 
 6.49447600e-07  9.10000000e-01  9.09782587e-01 
 6.50547600e-07  9.10000000e-01  9.09784247e-01 
 6.51647600e-07  9.10000000e-01  9.09785894e-01 
 6.52747600e-07  9.10000000e-01  9.09787528e-01 
 6.53847600e-07  9.10000000e-01  9.09789150e-01 
 6.54947600e-07  9.10000000e-01  9.09790759e-01 
 6.56047600e-07  9.10000000e-01  9.09792355e-01 
 6.57147600e-07  9.10000000e-01  9.09793938e-01 
 6.58247600e-07  9.10000000e-01  9.09795509e-01 
 6.59347600e-07  9.10000000e-01  9.09797068e-01 
 6.60447600e-07  9.10000000e-01  9.09798614e-01 
 6.61547600e-07  9.10000000e-01  9.09800149e-01 
 6.62647600e-07  9.10000000e-01  9.09801671e-01 
 6.63747600e-07  9.10000000e-01  9.09803181e-01 
 6.64847600e-07  9.10000000e-01  9.09804680e-01 
 6.65947600e-07  9.10000000e-01  9.09806167e-01 
 6.67047600e-07  9.10000000e-01  9.09807642e-01 
 6.68147600e-07  9.10000000e-01  9.09809105e-01 
 6.69247600e-07  9.10000000e-01  9.09810557e-01 
 6.70347600e-07  9.10000000e-01  9.09811998e-01 
 6.71447600e-07  9.10000000e-01  9.09813427e-01 
 6.72547600e-07  9.10000000e-01  9.09814845e-01 
 6.73647600e-07  9.10000000e-01  9.09816252e-01 
 6.74747600e-07  9.10000000e-01  9.09817648e-01 
 6.75847600e-07  9.10000000e-01  9.09819032e-01 
 6.76947600e-07  9.10000000e-01  9.09820406e-01 
 6.78047600e-07  9.10000000e-01  9.09821769e-01 
 6.79147600e-07  9.10000000e-01  9.09823122e-01 
 6.80247600e-07  9.10000000e-01  9.09824464e-01 
 6.81347600e-07  9.10000000e-01  9.09825795e-01 
 6.82447600e-07  9.10000000e-01  9.09827116e-01 
 6.83547600e-07  9.10000000e-01  9.09828426e-01 
 6.84647600e-07  9.10000000e-01  9.09829727e-01 
 6.85747600e-07  9.10000000e-01  9.09831016e-01 
 6.86847600e-07  9.10000000e-01  9.09832296e-01 
 6.87947600e-07  9.10000000e-01  9.09833566e-01 
 6.89047600e-07  9.10000000e-01  9.09834826e-01 
 6.90147600e-07  9.10000000e-01  9.09836076e-01 
 6.91247600e-07  9.10000000e-01  9.09837316e-01 
 6.92347600e-07  9.10000000e-01  9.09838546e-01 
 6.93447600e-07  9.10000000e-01  9.09839767e-01 
 6.94547600e-07  9.10000000e-01  9.09840978e-01 
 6.95647600e-07  9.10000000e-01  9.09842179e-01 
 6.96747600e-07  9.10000000e-01  9.09843371e-01 
 6.97847600e-07  9.10000000e-01  9.09844554e-01 
 6.98947600e-07  9.10000000e-01  9.09845728e-01 
 7.00047600e-07  9.10000000e-01  9.09846892e-01 
 7.01147600e-07  9.10000000e-01  9.09848047e-01 
 7.02247600e-07  9.10000000e-01  9.09849193e-01 
 7.03347600e-07  9.10000000e-01  9.09850330e-01 
 7.04447600e-07  9.10000000e-01  9.09851458e-01 
 7.05547600e-07  9.10000000e-01  9.09852577e-01 
 7.06647600e-07  9.10000000e-01  9.09853688e-01 
 7.07747600e-07  9.10000000e-01  9.09854789e-01 
 7.08847600e-07  9.10000000e-01  9.09855882e-01 
 7.09947600e-07  9.10000000e-01  9.09856967e-01 
 7.11047600e-07  9.10000000e-01  9.09858043e-01 
 7.12147600e-07  9.10000000e-01  9.09859110e-01 
 7.13247600e-07  9.10000000e-01  9.09860169e-01 
 7.14347600e-07  9.10000000e-01  9.09861220e-01 
 7.15447600e-07  9.10000000e-01  9.09862262e-01 
 7.16547600e-07  9.10000000e-01  9.09863297e-01 
 7.17647600e-07  9.10000000e-01  9.09864323e-01 
 7.18747600e-07  9.10000000e-01  9.09865341e-01 
 7.19847600e-07  9.10000000e-01  9.09866351e-01 
 7.20947600e-07  9.10000000e-01  9.09867353e-01 
 7.22047600e-07  9.10000000e-01  9.09868347e-01 
 7.23147600e-07  9.10000000e-01  9.09869334e-01 
 7.24247600e-07  9.10000000e-01  9.09870313e-01 
 7.25347600e-07  9.10000000e-01  9.09871284e-01 
 7.26447600e-07  9.10000000e-01  9.09872247e-01 
 7.27547600e-07  9.10000000e-01  9.09873203e-01 
 7.28647600e-07  9.10000000e-01  9.09874151e-01 
 7.29747600e-07  9.10000000e-01  9.09875092e-01 
 7.30847600e-07  9.10000000e-01  9.09876026e-01 
 7.31947600e-07  9.10000000e-01  9.09876952e-01 
 7.33047600e-07  9.10000000e-01  9.09877871e-01 
 7.34147600e-07  9.10000000e-01  9.09878782e-01 
 7.35247600e-07  9.10000000e-01  9.09879687e-01 
 7.36347600e-07  9.10000000e-01  9.09880584e-01 
 7.37447600e-07  9.10000000e-01  9.09881474e-01 
 7.38547600e-07  9.10000000e-01  9.09882358e-01 
 7.39647600e-07  9.10000000e-01  9.09883234e-01 
 7.40747600e-07  9.10000000e-01  9.09884104e-01 
 7.41847600e-07  9.10000000e-01  9.09884966e-01 
 7.42947600e-07  9.10000000e-01  9.09885822e-01 
 7.44047600e-07  9.10000000e-01  9.09886671e-01 
 7.45147600e-07  9.10000000e-01  9.09887514e-01 
 7.46247600e-07  9.10000000e-01  9.09888350e-01 
 7.47347600e-07  9.10000000e-01  9.09889179e-01 
 7.48447600e-07  9.10000000e-01  9.09890002e-01 
 7.49547600e-07  9.10000000e-01  9.09890818e-01 
 7.50647600e-07  9.10000000e-01  9.09891628e-01 
 7.51747600e-07  9.10000000e-01  9.09892431e-01 
 7.52847600e-07  9.10000000e-01  9.09893229e-01 
 7.53947600e-07  9.10000000e-01  9.09894020e-01 
 7.55047600e-07  9.10000000e-01  9.09894804e-01 
 7.56147600e-07  9.10000000e-01  9.09895583e-01 
 7.57247600e-07  9.10000000e-01  9.09896355e-01 
 7.58347600e-07  9.10000000e-01  9.09897122e-01 
 7.59447600e-07  9.10000000e-01  9.09897882e-01 
 7.60547600e-07  9.10000000e-01  9.09898636e-01 
 7.61647600e-07  9.10000000e-01  9.09899385e-01 
 7.62747600e-07  9.10000000e-01  9.09900127e-01 
 7.63847600e-07  9.10000000e-01  9.09900864e-01 
 7.64947600e-07  9.10000000e-01  9.09901595e-01 
 7.66047600e-07  9.10000000e-01  9.09902320e-01 
 7.67147600e-07  9.10000000e-01  9.09903040e-01 
 7.68247600e-07  9.10000000e-01  9.09903754e-01 
 7.69347600e-07  9.10000000e-01  9.09904462e-01 
 7.70447600e-07  9.10000000e-01  9.09905164e-01 
 7.71547600e-07  9.10000000e-01  9.09905862e-01 
 7.72647600e-07  9.10000000e-01  9.09906553e-01 
 7.73747600e-07  9.10000000e-01  9.09907239e-01 
 7.74847600e-07  9.10000000e-01  9.09907920e-01 
 7.75947600e-07  9.10000000e-01  9.09908596e-01 
 7.77047600e-07  9.10000000e-01  9.09909266e-01 
 7.78147600e-07  9.10000000e-01  9.09909931e-01 
 7.79247600e-07  9.10000000e-01  9.09910591e-01 
 7.80347600e-07  9.10000000e-01  9.09911245e-01 
 7.81447600e-07  9.10000000e-01  9.09911894e-01 
 7.82547600e-07  9.10000000e-01  9.09912539e-01 
 7.83647600e-07  9.10000000e-01  9.09913178e-01 
 7.84747600e-07  9.10000000e-01  9.09913812e-01 
 7.85847600e-07  9.10000000e-01  9.09914441e-01 
 7.86947600e-07  9.10000000e-01  9.09915065e-01 
 7.88047600e-07  9.10000000e-01  9.09915685e-01 
 7.89147600e-07  9.10000000e-01  9.09916299e-01 
 7.90247600e-07  9.10000000e-01  9.09916909e-01 
 7.91347600e-07  9.10000000e-01  9.09917513e-01 
 7.92447600e-07  9.10000000e-01  9.09918114e-01 
 7.93547600e-07  9.10000000e-01  9.09918709e-01 
 7.94647600e-07  9.10000000e-01  9.09919300e-01 
 7.95747600e-07  9.10000000e-01  9.09919886e-01 
 7.96847600e-07  9.10000000e-01  9.09920467e-01 
 7.97947600e-07  9.10000000e-01  9.09921044e-01 
 7.99047600e-07  9.10000000e-01  9.09921616e-01 
 8.00147600e-07  9.10000000e-01  9.09922184e-01 
 8.01247600e-07  9.10000000e-01  9.09922747e-01 
 8.02347600e-07  9.10000000e-01  9.09923306e-01 
 8.03447600e-07  9.10000000e-01  9.09923861e-01 
 8.04547600e-07  9.10000000e-01  9.09924411e-01 
 8.05647600e-07  9.10000000e-01  9.09924957e-01 
 8.06747600e-07  9.10000000e-01  9.09925498e-01 
 8.07847600e-07  9.10000000e-01  9.09926036e-01 
 8.08947600e-07  9.10000000e-01  9.09926569e-01 
 8.10047600e-07  9.10000000e-01  9.09927098e-01 
 8.11147600e-07  9.10000000e-01  9.09927622e-01 
 8.12247600e-07  9.10000000e-01  9.09928143e-01 
 8.13347600e-07  9.10000000e-01  9.09928660e-01 
 8.14447600e-07  9.10000000e-01  9.09929172e-01 
 8.15547600e-07  9.10000000e-01  9.09929680e-01 
 8.16647600e-07  9.10000000e-01  9.09930185e-01 
 8.17747600e-07  9.10000000e-01  9.09930685e-01 
 8.18847600e-07  9.10000000e-01  9.09931182e-01 
 8.19947600e-07  9.10000000e-01  9.09931675e-01 
 8.21047600e-07  9.10000000e-01  9.09932163e-01 
 8.22147600e-07  9.10000000e-01  9.09932648e-01 
 8.23247600e-07  9.10000000e-01  9.09933129e-01 
 8.24347600e-07  9.10000000e-01  9.09933607e-01 
 8.25447600e-07  9.10000000e-01  9.09934080e-01 
 8.26547600e-07  9.10000000e-01  9.09934550e-01 
 8.27647600e-07  9.10000000e-01  9.09935016e-01 
 8.28747600e-07  9.10000000e-01  9.09935479e-01 
 8.29847600e-07  9.10000000e-01  9.09935938e-01 
 8.30947600e-07  9.10000000e-01  9.09936393e-01 
 8.32047600e-07  9.10000000e-01  9.09936844e-01 
 8.33147600e-07  9.10000000e-01  9.09937293e-01 
 8.34247600e-07  9.10000000e-01  9.09937737e-01 
 8.35347600e-07  9.10000000e-01  9.09938178e-01 
 8.36447600e-07  9.10000000e-01  9.09938616e-01 
 8.37547600e-07  9.10000000e-01  9.09939050e-01 
 8.38647600e-07  9.10000000e-01  9.09939481e-01 
 8.39747600e-07  9.10000000e-01  9.09939908e-01 
 8.40847600e-07  9.10000000e-01  9.09940332e-01 
 8.41947600e-07  9.10000000e-01  9.09940753e-01 
 8.43047600e-07  9.10000000e-01  9.09941170e-01 
 8.44147600e-07  9.10000000e-01  9.09941584e-01 
 8.45247600e-07  9.10000000e-01  9.09941995e-01 
 8.46347600e-07  9.10000000e-01  9.09942403e-01 
 8.47447600e-07  9.10000000e-01  9.09942807e-01 
 8.48547600e-07  9.10000000e-01  9.09943209e-01 
 8.49647600e-07  9.10000000e-01  9.09943607e-01 
 8.50747600e-07  9.10000000e-01  9.09944002e-01 
 8.51847600e-07  9.10000000e-01  9.09944393e-01 
 8.52947600e-07  9.10000000e-01  9.09944782e-01 
 8.54047600e-07  9.10000000e-01  9.09945168e-01 
 8.55147600e-07  9.10000000e-01  9.09945551e-01 
 8.56247600e-07  9.10000000e-01  9.09945930e-01 
 8.57347600e-07  9.10000000e-01  9.09946307e-01 
 8.58447600e-07  9.10000000e-01  9.09946681e-01 
 8.59547600e-07  9.10000000e-01  9.09947051e-01 
 8.60647600e-07  9.10000000e-01  9.09947419e-01 
 8.61747600e-07  9.10000000e-01  9.09947784e-01 
 8.62847600e-07  9.10000000e-01  9.09948146e-01 
 8.63947600e-07  9.10000000e-01  9.09948506e-01 
 8.65047600e-07  9.10000000e-01  9.09948862e-01 
 8.66147600e-07  9.10000000e-01  9.09949216e-01 
 8.67247600e-07  9.10000000e-01  9.09949567e-01 
 8.68347600e-07  9.10000000e-01  9.09949915e-01 
 8.69447600e-07  9.10000000e-01  9.09950260e-01 
 8.70547600e-07  9.10000000e-01  9.09950603e-01 
 8.71647600e-07  9.10000000e-01  9.09950943e-01 
 8.72747600e-07  9.10000000e-01  9.09951280e-01 
 8.73847600e-07  9.10000000e-01  9.09951615e-01 
 8.74947600e-07  9.10000000e-01  9.09951947e-01 
 8.76047600e-07  9.10000000e-01  9.09952276e-01 
 8.77147600e-07  9.10000000e-01  9.09952603e-01 
 8.78247600e-07  9.10000000e-01  9.09952927e-01 
 8.79347600e-07  9.10000000e-01  9.09953249e-01 
 8.80447600e-07  9.10000000e-01  9.09953568e-01 
 8.81547600e-07  9.10000000e-01  9.09953885e-01 
 8.82647600e-07  9.10000000e-01  9.09954199e-01 
 8.83747600e-07  9.10000000e-01  9.09954510e-01 
 8.84847600e-07  9.10000000e-01  9.09954820e-01 
 8.85947600e-07  9.10000000e-01  9.09955126e-01 
 8.87047600e-07  9.10000000e-01  9.09955431e-01 
 8.88147600e-07  9.10000000e-01  9.09955733e-01 
 8.89247600e-07  9.10000000e-01  9.09956032e-01 
 8.90347600e-07  9.10000000e-01  9.09956330e-01 
 8.91447600e-07  9.10000000e-01  9.09956625e-01 
 8.92547600e-07  9.10000000e-01  9.09956917e-01 
 8.93647600e-07  9.10000000e-01  9.09957208e-01 
 8.94747600e-07  9.10000000e-01  9.09957496e-01 
 8.95847600e-07  9.10000000e-01  9.09957781e-01 
 8.96947600e-07  9.10000000e-01  9.09958065e-01 
 8.98047600e-07  9.10000000e-01  9.09958346e-01 
 8.99147600e-07  9.10000000e-01  9.09958625e-01 
 9.00247600e-07  9.10000000e-01  9.09958902e-01 
 9.01347600e-07  9.10000000e-01  9.09959177e-01 
 9.02447600e-07  9.10000000e-01  9.09959449e-01 
 9.03547600e-07  9.10000000e-01  9.09959720e-01 
 9.04647600e-07  9.10000000e-01  9.09959988e-01 
 9.05747600e-07  9.10000000e-01  9.09960254e-01 
 9.06847600e-07  9.10000000e-01  9.09960518e-01 
 9.07947600e-07  9.10000000e-01  9.09960780e-01 
 9.09047600e-07  9.10000000e-01  9.09961040e-01 
 9.10147600e-07  9.10000000e-01  9.09961298e-01 
 9.11247600e-07  9.10000000e-01  9.09961554e-01 
 9.12347600e-07  9.10000000e-01  9.09961808e-01 
 9.13447600e-07  9.10000000e-01  9.09962060e-01 
 9.14547600e-07  9.10000000e-01  9.09962310e-01 
 9.15647600e-07  9.10000000e-01  9.09962558e-01 
 9.16747600e-07  9.10000000e-01  9.09962803e-01 
 9.17847600e-07  9.10000000e-01  9.09963048e-01 
 9.18947600e-07  9.10000000e-01  9.09963290e-01 
 9.20047600e-07  9.10000000e-01  9.09963530e-01 
 9.21147600e-07  9.10000000e-01  9.09963768e-01 
 9.22247600e-07  9.10000000e-01  9.09964005e-01 
 9.23347600e-07  9.10000000e-01  9.09964239e-01 
 9.24447600e-07  9.10000000e-01  9.09964472e-01 
 9.25547600e-07  9.10000000e-01  9.09964703e-01 
 9.26647600e-07  9.10000000e-01  9.09964932e-01 
 9.27747600e-07  9.10000000e-01  9.09965159e-01 
 9.28847600e-07  9.10000000e-01  9.09965385e-01 
 9.29947600e-07  9.10000000e-01  9.09965608e-01 
 9.31047600e-07  9.10000000e-01  9.09965830e-01 
 9.32147600e-07  9.10000000e-01  9.09966051e-01 
 9.33247600e-07  9.10000000e-01  9.09966269e-01 
 9.34347600e-07  9.10000000e-01  9.09966486e-01 
 9.35447600e-07  9.10000000e-01  9.09966701e-01 
 9.36547600e-07  9.10000000e-01  9.09966914e-01 
 9.37647600e-07  9.10000000e-01  9.09967126e-01 
 9.38747600e-07  9.10000000e-01  9.09967336e-01 
 9.39847600e-07  9.10000000e-01  9.09967545e-01 
 9.40947600e-07  9.10000000e-01  9.09967751e-01 
 9.42047600e-07  9.10000000e-01  9.09967957e-01 
 9.43147600e-07  9.10000000e-01  9.09968160e-01 
 9.44247600e-07  9.10000000e-01  9.09968362e-01 
 9.45347600e-07  9.10000000e-01  9.09968562e-01 
 9.46447600e-07  9.10000000e-01  9.09968761e-01 
 9.47547600e-07  9.10000000e-01  9.09968958e-01 
 9.48647600e-07  9.10000000e-01  9.09969154e-01 
 9.49747600e-07  9.10000000e-01  9.09969348e-01 
 9.50847600e-07  9.10000000e-01  9.09969541e-01 
 9.51947600e-07  9.10000000e-01  9.09969732e-01 
 9.53047600e-07  9.10000000e-01  9.09969921e-01 
 9.54147600e-07  9.10000000e-01  9.09970109e-01 
 9.55247600e-07  9.10000000e-01  9.09970296e-01 
 9.56347600e-07  9.10000000e-01  9.09970481e-01 
 9.57447600e-07  9.10000000e-01  9.09970665e-01 
 9.58547600e-07  9.10000000e-01  9.09970847e-01 
 9.59647600e-07  9.10000000e-01  9.09971028e-01 
 9.60747600e-07  9.10000000e-01  9.09971207e-01 
 9.61847600e-07  9.10000000e-01  9.09971385e-01 
 9.62947600e-07  9.10000000e-01  9.09971562e-01 
 9.64047600e-07  9.10000000e-01  9.09971737e-01 
 9.65147600e-07  9.10000000e-01  9.09971911e-01 
 9.66247600e-07  9.10000000e-01  9.09972083e-01 
 9.67347600e-07  9.10000000e-01  9.09972254e-01 
 9.68447600e-07  9.10000000e-01  9.09972424e-01 
 9.69547600e-07  9.10000000e-01  9.09972592e-01 
 9.70647600e-07  9.10000000e-01  9.09972759e-01 
 9.71747600e-07  9.10000000e-01  9.09972925e-01 
 9.72847600e-07  9.10000000e-01  9.09973089e-01 
 9.73947600e-07  9.10000000e-01  9.09973253e-01 
 9.75047600e-07  9.10000000e-01  9.09973414e-01 
 9.76147600e-07  9.10000000e-01  9.09973575e-01 
 9.77247600e-07  9.10000000e-01  9.09973734e-01 
 9.78347600e-07  9.10000000e-01  9.09973892e-01 
 9.79447600e-07  9.10000000e-01  9.09974049e-01 
 9.80547600e-07  9.10000000e-01  9.09974205e-01 
 9.81647600e-07  9.10000000e-01  9.09974359e-01 
 9.82747600e-07  9.10000000e-01  9.09974513e-01 
 9.83847600e-07  9.10000000e-01  9.09974664e-01 
 9.84947600e-07  9.10000000e-01  9.09974815e-01 
 9.86047600e-07  9.10000000e-01  9.09974965e-01 
 9.87147600e-07  9.10000000e-01  9.09975113e-01 
 9.88247600e-07  9.10000000e-01  9.09975261e-01 
 9.89347600e-07  9.10000000e-01  9.09975407e-01 
 9.90447600e-07  9.10000000e-01  9.09975552e-01 
 9.91547600e-07  9.10000000e-01  9.09975695e-01 
 9.92647600e-07  9.10000000e-01  9.09975838e-01 
 9.93747600e-07  9.10000000e-01  9.09975980e-01 
 9.94847600e-07  9.10000000e-01  9.09976120e-01 
 9.95947600e-07  9.10000000e-01  9.09976259e-01 
 9.97047600e-07  9.10000000e-01  9.09976398e-01 
 9.98147600e-07  9.10000000e-01  9.09976535e-01 
 9.99247600e-07  9.10000000e-01  9.09976671e-01 
 1.00034760e-06  9.10000000e-01  9.09976806e-01 
 1.00144760e-06  9.10000000e-01  9.09976940e-01 
 1.00254760e-06  9.10000000e-01  9.09977073e-01 
 1.00364760e-06  9.10000000e-01  9.09977204e-01 
 1.00474760e-06  9.10000000e-01  9.09977335e-01 
 1.00584760e-06  9.10000000e-01  9.09977465e-01 
 1.00694760e-06  9.10000000e-01  9.09977594e-01 
 1.00804760e-06  9.10000000e-01  9.09977722e-01 
 1.00914760e-06  9.10000000e-01  9.09977848e-01 
 1.01024760e-06  9.10000000e-01  9.09977974e-01 
 1.01134760e-06  9.10000000e-01  9.09978099e-01 
 1.01244760e-06  9.10000000e-01  9.09978223e-01 
 1.01354760e-06  9.10000000e-01  9.09978345e-01 
 1.01464760e-06  9.10000000e-01  9.09978467e-01 
 1.01574760e-06  9.10000000e-01  9.09978588e-01 
 1.01684760e-06  9.10000000e-01  9.09978708e-01 
 1.01794760e-06  9.10000000e-01  9.09978827e-01 
 1.01904760e-06  9.10000000e-01  9.09978945e-01 
 1.02014760e-06  9.10000000e-01  9.09979062e-01 
 1.02124760e-06  9.10000000e-01  9.09979178e-01 
 1.02234760e-06  9.10000000e-01  9.09979294e-01 
 1.02344760e-06  9.10000000e-01  9.09979408e-01 
 1.02454760e-06  9.10000000e-01  9.09979521e-01 
 1.02564760e-06  9.10000000e-01  9.09979634e-01 
 1.02674760e-06  9.10000000e-01  9.09979746e-01 
 1.02784760e-06  9.10000000e-01  9.09979857e-01 
 1.02894760e-06  9.10000000e-01  9.09979967e-01 
 1.03004760e-06  9.10000000e-01  9.09980076e-01 
 1.03114760e-06  9.10000000e-01  9.09980184e-01 
 1.03224760e-06  9.10000000e-01  9.09980291e-01 
 1.03334760e-06  9.10000000e-01  9.09980398e-01 
 1.03444760e-06  9.10000000e-01  9.09980503e-01 
 1.03554760e-06  9.10000000e-01  9.09980608e-01 
 1.03664760e-06  9.10000000e-01  9.09980712e-01 
 1.03774760e-06  9.10000000e-01  9.09980816e-01 
 1.03884760e-06  9.10000000e-01  9.09980918e-01 
 1.03994760e-06  9.10000000e-01  9.09981020e-01 
 1.04104760e-06  9.10000000e-01  9.09981120e-01 
 1.04214760e-06  9.10000000e-01  9.09981220e-01 
 1.04324760e-06  9.10000000e-01  9.09981320e-01 
 1.04434760e-06  9.10000000e-01  9.09981418e-01 
 1.04544760e-06  9.10000000e-01  9.09981516e-01 
 1.04654760e-06  9.10000000e-01  9.09981613e-01 
 1.04764760e-06  9.10000000e-01  9.09981709e-01 
 1.04874760e-06  9.10000000e-01  9.09981804e-01 
 1.04984760e-06  9.10000000e-01  9.09981899e-01 
 1.05094760e-06  9.10000000e-01  9.09981993e-01 
 1.05204760e-06  9.10000000e-01  9.09982086e-01 
 1.05314760e-06  9.10000000e-01  9.09982178e-01 
 1.05424760e-06  9.10000000e-01  9.09982270e-01 
 1.05534760e-06  9.10000000e-01  9.09982361e-01 
 1.05644760e-06  9.10000000e-01  9.09982451e-01 
 1.05754760e-06  9.10000000e-01  9.09982541e-01 
 1.05864760e-06  9.10000000e-01  9.09982630e-01 
 1.05974760e-06  9.10000000e-01  9.09982718e-01 
 1.06084760e-06  9.10000000e-01  9.09982805e-01 
 1.06194760e-06  9.10000000e-01  9.09982892e-01 
 1.06304760e-06  9.10000000e-01  9.09982978e-01 
 1.06414760e-06  9.10000000e-01  9.09983064e-01 
 1.06524760e-06  9.10000000e-01  9.09983148e-01 
 1.06634760e-06  9.10000000e-01  9.09983232e-01 
 1.06744760e-06  9.10000000e-01  9.09983316e-01 
 1.06854760e-06  9.10000000e-01  9.09983398e-01 
 1.06964760e-06  9.10000000e-01  9.09983481e-01 
 1.07074760e-06  9.10000000e-01  9.09983562e-01 
 1.07184760e-06  9.10000000e-01  9.09983643e-01 
 1.07294760e-06  9.10000000e-01  9.09983723e-01 
 1.07404760e-06  9.10000000e-01  9.09983803e-01 
 1.07514760e-06  9.10000000e-01  9.09983881e-01 
 1.07624760e-06  9.10000000e-01  9.09983960e-01 
 1.07734760e-06  9.10000000e-01  9.09984037e-01 
 1.07844760e-06  9.10000000e-01  9.09984115e-01 
 1.07954760e-06  9.10000000e-01  9.09984191e-01 
 1.08064760e-06  9.10000000e-01  9.09984267e-01 
 1.08174760e-06  9.10000000e-01  9.09984342e-01 
 1.08284760e-06  9.10000000e-01  9.09984417e-01 
 1.08394760e-06  9.10000000e-01  9.09984491e-01 
 1.08504760e-06  9.10000000e-01  9.09984564e-01 
 1.08614760e-06  9.10000000e-01  9.09984637e-01 
 1.08724760e-06  9.10000000e-01  9.09984710e-01 
 1.08834760e-06  9.10000000e-01  9.09984782e-01 
 1.08944760e-06  9.10000000e-01  9.09984853e-01 
 1.09054760e-06  9.10000000e-01  9.09984923e-01 
 1.09164760e-06  9.10000000e-01  9.09984994e-01 
 1.09274760e-06  9.10000000e-01  9.09985063e-01 
 1.09384760e-06  9.10000000e-01  9.09985132e-01 
 1.09494760e-06  9.10000000e-01  9.09985201e-01 
 1.09604760e-06  9.10000000e-01  9.09985269e-01 
 1.09714760e-06  9.10000000e-01  9.09985336e-01 
 1.09824760e-06  9.10000000e-01  9.09985403e-01 
 1.09934760e-06  9.10000000e-01  9.09985469e-01 
 1.10000000e-06  9.10000000e-01  9.09985508e-01 
