 time            v(inp)          v(out)         
 0.00000000e+00  3.00000000e-01  3.00543018e-01 
 1.10000000e-11  3.00000000e-01  3.00543018e-01 
 2.20000000e-11  3.00000000e-01  3.00543018e-01 
 4.40000000e-11  3.00000000e-01  3.00543018e-01 
 8.80000000e-11  3.00000000e-01  3.00543018e-01 
 1.76000000e-10  3.00000000e-01  3.00543018e-01 
 3.52000000e-10  3.00000000e-01  3.00543018e-01 
 7.04000000e-10  3.00000000e-01  3.00543018e-01 
 1.40800000e-09  3.00000000e-01  3.00543018e-01 
 2.50800000e-09  3.00000000e-01  3.00543018e-01 
 3.60800000e-09  3.00000000e-01  3.00543018e-01 
 4.70800000e-09  3.00000000e-01  3.00543018e-01 
 5.80800000e-09  3.00000000e-01  3.00543018e-01 
 6.90800000e-09  3.00000000e-01  3.00543018e-01 
 8.00800000e-09  3.00000000e-01  3.00543018e-01 
 9.10800000e-09  3.00000000e-01  3.00543018e-01 
 1.02080000e-08  3.00000000e-01  3.00543018e-01 
 1.13080000e-08  3.00000000e-01  3.00543018e-01 
 1.24080000e-08  3.00000000e-01  3.00543018e-01 
 1.35080000e-08  3.00000000e-01  3.00543018e-01 
 1.46080000e-08  3.00000000e-01  3.00543018e-01 
 1.57080000e-08  3.00000000e-01  3.00543018e-01 
 1.68080000e-08  3.00000000e-01  3.00543018e-01 
 1.79080000e-08  3.00000000e-01  3.00543018e-01 
 1.90080000e-08  3.00000000e-01  3.00543018e-01 
 2.01080000e-08  3.00000000e-01  3.00543018e-01 
 2.12080000e-08  3.00000000e-01  3.00543018e-01 
 2.23080000e-08  3.00000000e-01  3.00543018e-01 
 2.34080000e-08  3.00000000e-01  3.00543018e-01 
 2.45080000e-08  3.00000000e-01  3.00543018e-01 
 2.56080000e-08  3.00000000e-01  3.00543018e-01 
 2.67080000e-08  3.00000000e-01  3.00543018e-01 
 2.78080000e-08  3.00000000e-01  3.00543018e-01 
 2.89080000e-08  3.00000000e-01  3.00543018e-01 
 3.00080000e-08  3.00000000e-01  3.00543018e-01 
 3.11080000e-08  3.00000000e-01  3.00543018e-01 
 3.22080000e-08  3.00000000e-01  3.00543018e-01 
 3.33080000e-08  3.00000000e-01  3.00543018e-01 
 3.44080000e-08  3.00000000e-01  3.00543018e-01 
 3.55080000e-08  3.00000000e-01  3.00543018e-01 
 3.66080000e-08  3.00000000e-01  3.00543018e-01 
 3.77080000e-08  3.00000000e-01  3.00543018e-01 
 3.88080000e-08  3.00000000e-01  3.00543018e-01 
 3.99080000e-08  3.00000000e-01  3.00543018e-01 
 4.10080000e-08  3.00000000e-01  3.00543018e-01 
 4.21080000e-08  3.00000000e-01  3.00543018e-01 
 4.32080000e-08  3.00000000e-01  3.00543018e-01 
 4.43080000e-08  3.00000000e-01  3.00543018e-01 
 4.54080000e-08  3.00000000e-01  3.00543018e-01 
 4.65080000e-08  3.00000000e-01  3.00543018e-01 
 4.76080000e-08  3.00000000e-01  3.00543018e-01 
 4.87080000e-08  3.00000000e-01  3.00543018e-01 
 4.98080000e-08  3.00000000e-01  3.00543018e-01 
 5.09080000e-08  3.00000000e-01  3.00543018e-01 
 5.20080000e-08  3.00000000e-01  3.00543018e-01 
 5.31080000e-08  3.00000000e-01  3.00543018e-01 
 5.42080000e-08  3.00000000e-01  3.00543018e-01 
 5.53080000e-08  3.00000000e-01  3.00543018e-01 
 5.64080000e-08  3.00000000e-01  3.00543018e-01 
 5.75080000e-08  3.00000000e-01  3.00543018e-01 
 5.86080000e-08  3.00000000e-01  3.00543018e-01 
 5.97080000e-08  3.00000000e-01  3.00543018e-01 
 6.08080000e-08  3.00000000e-01  3.00543018e-01 
 6.19080000e-08  3.00000000e-01  3.00543018e-01 
 6.30080000e-08  3.00000000e-01  3.00543018e-01 
 6.41080000e-08  3.00000000e-01  3.00543018e-01 
 6.52080000e-08  3.00000000e-01  3.00543018e-01 
 6.63080000e-08  3.00000000e-01  3.00543018e-01 
 6.74080000e-08  3.00000000e-01  3.00543018e-01 
 6.85080000e-08  3.00000000e-01  3.00543018e-01 
 6.96080000e-08  3.00000000e-01  3.00543018e-01 
 7.07080000e-08  3.00000000e-01  3.00543018e-01 
 7.18080000e-08  3.00000000e-01  3.00543018e-01 
 7.29080000e-08  3.00000000e-01  3.00543018e-01 
 7.40080000e-08  3.00000000e-01  3.00543018e-01 
 7.51080000e-08  3.00000000e-01  3.00543018e-01 
 7.62080000e-08  3.00000000e-01  3.00543018e-01 
 7.73080000e-08  3.00000000e-01  3.00543018e-01 
 7.84080000e-08  3.00000000e-01  3.00543018e-01 
 7.95080000e-08  3.00000000e-01  3.00543018e-01 
 8.06080000e-08  3.00000000e-01  3.00543018e-01 
 8.17080000e-08  3.00000000e-01  3.00543018e-01 
 8.28080000e-08  3.00000000e-01  3.00543018e-01 
 8.39080000e-08  3.00000000e-01  3.00543018e-01 
 8.50080000e-08  3.00000000e-01  3.00543018e-01 
 8.61080000e-08  3.00000000e-01  3.00543018e-01 
 8.72080000e-08  3.00000000e-01  3.00543018e-01 
 8.83080000e-08  3.00000000e-01  3.00543018e-01 
 8.94080000e-08  3.00000000e-01  3.00543018e-01 
 9.05080000e-08  3.00000000e-01  3.00543018e-01 
 9.16080000e-08  3.00000000e-01  3.00543018e-01 
 9.27080000e-08  3.00000000e-01  3.00543018e-01 
 9.38080000e-08  3.00000000e-01  3.00543018e-01 
 9.49080000e-08  3.00000000e-01  3.00543018e-01 
 9.60080000e-08  3.00000000e-01  3.00543018e-01 
 9.71080000e-08  3.00000000e-01  3.00543018e-01 
 9.82080000e-08  3.00000000e-01  3.00543018e-01 
 9.93080000e-08  3.00000000e-01  3.00543018e-01 
 1.00000000e-07  3.00000000e-01  3.00543018e-01 
 1.00001000e-07  3.30000000e-01  3.01903751e-01 
 1.00003000e-07  3.90000000e-01  3.04644003e-01 
 1.00007000e-07  5.10000000e-01  3.10351249e-01 
 1.00010000e-07  6.00000000e-01  3.15002348e-01 
 1.00010800e-07  6.00000000e-01  3.15002362e-01 
 1.00012400e-07  6.00000000e-01  3.15002389e-01 
 1.00015600e-07  6.00000000e-01  3.15002445e-01 
 1.00022000e-07  6.00000000e-01  3.15002555e-01 
 1.00034800e-07  6.00000000e-01  3.15002777e-01 
 1.00060400e-07  6.00000000e-01  3.15003220e-01 
 1.00111600e-07  6.00000000e-01  3.15004100e-01 
 1.00214000e-07  6.00000000e-01  3.15005827e-01 
 1.00418800e-07  6.00000000e-01  3.15009148e-01 
 1.00828400e-07  6.00000000e-01  3.15014900e-01 
 1.01647600e-07  6.00000000e-01  3.15019854e-01 
 1.02747600e-07  6.00000000e-01  3.15010812e-01 
 1.03847600e-07  6.00000000e-01  3.14994303e-01 
 1.04947600e-07  6.00000000e-01  3.14982845e-01 
 1.06047600e-07  6.00000000e-01  3.14985097e-01 
 1.07147600e-07  6.00000000e-01  3.15007035e-01 
 1.08247600e-07  6.00000000e-01  3.15052888e-01 
 1.09347600e-07  6.00000000e-01  3.15125633e-01 
 1.10447600e-07  6.00000000e-01  3.15227259e-01 
 1.11547600e-07  6.00000000e-01  3.15358939e-01 
 1.12647600e-07  6.00000000e-01  3.15521171e-01 
 1.13747600e-07  6.00000000e-01  3.15713888e-01 
 1.14847600e-07  6.00000000e-01  3.15936560e-01 
 1.15947600e-07  6.00000000e-01  3.16188285e-01 
 1.17047600e-07  6.00000000e-01  3.16467659e-01 
 1.18147600e-07  6.00000000e-01  3.16773539e-01 
 1.19247600e-07  6.00000000e-01  3.17104566e-01 
 1.20347600e-07  6.00000000e-01  3.17458783e-01 
 1.21447600e-07  6.00000000e-01  3.17834448e-01 
 1.22547600e-07  6.00000000e-01  3.18229800e-01 
 1.23647600e-07  6.00000000e-01  3.18643082e-01 
 1.24747600e-07  6.00000000e-01  3.19072571e-01 
 1.25847600e-07  6.00000000e-01  3.19516596e-01 
 1.26947600e-07  6.00000000e-01  3.19973553e-01 
 1.28047600e-07  6.00000000e-01  3.20441916e-01 
 1.29147600e-07  6.00000000e-01  3.20920241e-01 
 1.30247600e-07  6.00000000e-01  3.21407179e-01 
 1.31347600e-07  6.00000000e-01  3.21901469e-01 
 1.32447600e-07  6.00000000e-01  3.22401944e-01 
 1.33547600e-07  6.00000000e-01  3.22907531e-01 
 1.34647600e-07  6.00000000e-01  3.23417243e-01 
 1.35747600e-07  6.00000000e-01  3.23930184e-01 
 1.36847600e-07  6.00000000e-01  3.24445538e-01 
 1.37947600e-07  6.00000000e-01  3.24962569e-01 
 1.39047600e-07  6.00000000e-01  3.25480618e-01 
 1.40147600e-07  6.00000000e-01  3.25999093e-01 
 1.41247600e-07  6.00000000e-01  3.26517470e-01 
 1.42347600e-07  6.00000000e-01  3.27035264e-01 
 1.43447600e-07  6.00000000e-01  3.27552090e-01 
 1.44547600e-07  6.00000000e-01  3.28067597e-01 
 1.45647600e-07  6.00000000e-01  3.28581457e-01 
 1.46747600e-07  6.00000000e-01  3.29093428e-01 
 1.47847600e-07  6.00000000e-01  3.29603284e-01 
 1.48947600e-07  6.00000000e-01  3.30110839e-01 
 1.50047600e-07  6.00000000e-01  3.30615937e-01 
 1.51147600e-07  6.00000000e-01  3.31118454e-01 
 1.52247600e-07  6.00000000e-01  3.31618291e-01 
 1.53347600e-07  6.00000000e-01  3.32115375e-01 
 1.54447600e-07  6.00000000e-01  3.32609652e-01 
 1.55547600e-07  6.00000000e-01  3.33101089e-01 
 1.56647600e-07  6.00000000e-01  3.33589670e-01 
 1.57747600e-07  6.00000000e-01  3.34075393e-01 
 1.58847600e-07  6.00000000e-01  3.34558271e-01 
 1.59947600e-07  6.00000000e-01  3.35038326e-01 
 1.61047600e-07  6.00000000e-01  3.35515593e-01 
 1.62147600e-07  6.00000000e-01  3.35990113e-01 
 1.63247600e-07  6.00000000e-01  3.36461936e-01 
 1.64347600e-07  6.00000000e-01  3.36931119e-01 
 1.65447600e-07  6.00000000e-01  3.37397722e-01 
 1.66547600e-07  6.00000000e-01  3.37861813e-01 
 1.67647600e-07  6.00000000e-01  3.38323460e-01 
 1.68747600e-07  6.00000000e-01  3.38782737e-01 
 1.69847600e-07  6.00000000e-01  3.39239716e-01 
 1.70947600e-07  6.00000000e-01  3.39694476e-01 
 1.72047600e-07  6.00000000e-01  3.40147094e-01 
 1.73147600e-07  6.00000000e-01  3.40597647e-01 
 1.74247600e-07  6.00000000e-01  3.41046213e-01 
 1.75347600e-07  6.00000000e-01  3.41492872e-01 
 1.76447600e-07  6.00000000e-01  3.41937700e-01 
 1.77547600e-07  6.00000000e-01  3.42380775e-01 
 1.78647600e-07  6.00000000e-01  3.42822175e-01 
 1.79747600e-07  6.00000000e-01  3.43261971e-01 
 1.80847600e-07  6.00000000e-01  3.43700238e-01 
 1.81947600e-07  6.00000000e-01  3.44137048e-01 
 1.83047600e-07  6.00000000e-01  3.44572470e-01 
 1.84147600e-07  6.00000000e-01  3.45006573e-01 
 1.85247600e-07  6.00000000e-01  3.45439424e-01 
 1.86347600e-07  6.00000000e-01  3.45871087e-01 
 1.87447600e-07  6.00000000e-01  3.46301624e-01 
 1.88547600e-07  6.00000000e-01  3.46731097e-01 
 1.89647600e-07  6.00000000e-01  3.47159561e-01 
 1.90747600e-07  6.00000000e-01  3.47587075e-01 
 1.91847600e-07  6.00000000e-01  3.48013694e-01 
 1.92947600e-07  6.00000000e-01  3.48439469e-01 
 1.94047600e-07  6.00000000e-01  3.48864451e-01 
 1.95147600e-07  6.00000000e-01  3.49288687e-01 
 1.96247600e-07  6.00000000e-01  3.49712225e-01 
 1.97347600e-07  6.00000000e-01  3.50135107e-01 
 1.98447600e-07  6.00000000e-01  3.50557376e-01 
 1.99547600e-07  6.00000000e-01  3.50979072e-01 
 2.00647600e-07  6.00000000e-01  3.51400234e-01 
 2.01747600e-07  6.00000000e-01  3.51820898e-01 
 2.02847600e-07  6.00000000e-01  3.52241098e-01 
 2.03947600e-07  6.00000000e-01  3.52660868e-01 
 2.05047600e-07  6.00000000e-01  3.53080238e-01 
 2.06147600e-07  6.00000000e-01  3.53499239e-01 
 2.07247600e-07  6.00000000e-01  3.53917898e-01 
 2.08347600e-07  6.00000000e-01  3.54336242e-01 
 2.09447600e-07  6.00000000e-01  3.54754296e-01 
 2.10547600e-07  6.00000000e-01  3.55172083e-01 
 2.11647600e-07  6.00000000e-01  3.55589626e-01 
 2.12747600e-07  6.00000000e-01  3.56006945e-01 
 2.13847600e-07  6.00000000e-01  3.56424060e-01 
 2.14947600e-07  6.00000000e-01  3.56840990e-01 
 2.16047600e-07  6.00000000e-01  3.57257752e-01 
 2.17147600e-07  6.00000000e-01  3.57674362e-01 
 2.18247600e-07  6.00000000e-01  3.58090835e-01 
 2.19347600e-07  6.00000000e-01  3.58507185e-01 
 2.20447600e-07  6.00000000e-01  3.58923426e-01 
 2.21547600e-07  6.00000000e-01  3.59339569e-01 
 2.22647600e-07  6.00000000e-01  3.59755627e-01 
 2.23747600e-07  6.00000000e-01  3.60171609e-01 
 2.24847600e-07  6.00000000e-01  3.60587525e-01 
 2.25947600e-07  6.00000000e-01  3.61003384e-01 
 2.27047600e-07  6.00000000e-01  3.61419195e-01 
 2.28147600e-07  6.00000000e-01  3.61834966e-01 
 2.29247600e-07  6.00000000e-01  3.62250702e-01 
 2.30347600e-07  6.00000000e-01  3.62666412e-01 
 2.31447600e-07  6.00000000e-01  3.63082100e-01 
 2.32547600e-07  6.00000000e-01  3.63497772e-01 
 2.33647600e-07  6.00000000e-01  3.63913434e-01 
 2.34747600e-07  6.00000000e-01  3.64329088e-01 
 2.35847600e-07  6.00000000e-01  3.64744740e-01 
 2.36947600e-07  6.00000000e-01  3.65160393e-01 
 2.38047600e-07  6.00000000e-01  3.65576050e-01 
 2.39147600e-07  6.00000000e-01  3.65991714e-01 
 2.40247600e-07  6.00000000e-01  3.66407388e-01 
 2.41347600e-07  6.00000000e-01  3.66823073e-01 
 2.42447600e-07  6.00000000e-01  3.67238772e-01 
 2.43547600e-07  6.00000000e-01  3.67654487e-01 
 2.44647600e-07  6.00000000e-01  3.68070219e-01 
 2.45747600e-07  6.00000000e-01  3.68485969e-01 
 2.46847600e-07  6.00000000e-01  3.68901738e-01 
 2.47947600e-07  6.00000000e-01  3.69317526e-01 
 2.49047600e-07  6.00000000e-01  3.69733336e-01 
 2.50147600e-07  6.00000000e-01  3.70149167e-01 
 2.51247600e-07  6.00000000e-01  3.70565019e-01 
 2.52347600e-07  6.00000000e-01  3.70980893e-01 
 2.53447600e-07  6.00000000e-01  3.71396789e-01 
 2.54547600e-07  6.00000000e-01  3.71812707e-01 
 2.55647600e-07  6.00000000e-01  3.72228646e-01 
 2.56747600e-07  6.00000000e-01  3.72644607e-01 
 2.57847600e-07  6.00000000e-01  3.73060590e-01 
 2.58947600e-07  6.00000000e-01  3.73476593e-01 
 2.60047600e-07  6.00000000e-01  3.73892617e-01 
 2.61147600e-07  6.00000000e-01  3.74308660e-01 
 2.62247600e-07  6.00000000e-01  3.74724724e-01 
 2.63347600e-07  6.00000000e-01  3.75140806e-01 
 2.64447600e-07  6.00000000e-01  3.75556906e-01 
 2.65547600e-07  6.00000000e-01  3.75973025e-01 
 2.66647600e-07  6.00000000e-01  3.76389160e-01 
 2.67747600e-07  6.00000000e-01  3.76805312e-01 
 2.68847600e-07  6.00000000e-01  3.77221479e-01 
 2.69947600e-07  6.00000000e-01  3.77637662e-01 
 2.71047600e-07  6.00000000e-01  3.78053858e-01 
 2.72147600e-07  6.00000000e-01  3.78470069e-01 
 2.73247600e-07  6.00000000e-01  3.78886292e-01 
 2.74347600e-07  6.00000000e-01  3.79302527e-01 
 2.75447600e-07  6.00000000e-01  3.79718773e-01 
 2.76547600e-07  6.00000000e-01  3.80135030e-01 
 2.77647600e-07  6.00000000e-01  3.80551297e-01 
 2.78747600e-07  6.00000000e-01  3.80967573e-01 
 2.79847600e-07  6.00000000e-01  3.81383858e-01 
 2.80947600e-07  6.00000000e-01  3.81800150e-01 
 2.82047600e-07  6.00000000e-01  3.82216450e-01 
 2.83147600e-07  6.00000000e-01  3.82632755e-01 
 2.84247600e-07  6.00000000e-01  3.83049067e-01 
 2.85347600e-07  6.00000000e-01  3.83465383e-01 
 2.86447600e-07  6.00000000e-01  3.83881704e-01 
 2.87547600e-07  6.00000000e-01  3.84298028e-01 
 2.88647600e-07  6.00000000e-01  3.84714355e-01 
 2.89747600e-07  6.00000000e-01  3.85130685e-01 
 2.90847600e-07  6.00000000e-01  3.85547017e-01 
 2.91947600e-07  6.00000000e-01  3.85963350e-01 
 2.93047600e-07  6.00000000e-01  3.86379683e-01 
 2.94147600e-07  6.00000000e-01  3.86796017e-01 
 2.95247600e-07  6.00000000e-01  3.87212350e-01 
 2.96347600e-07  6.00000000e-01  3.87628682e-01 
 2.97447600e-07  6.00000000e-01  3.88045013e-01 
 2.98547600e-07  6.00000000e-01  3.88461342e-01 
 2.99647600e-07  6.00000000e-01  3.88877668e-01 
 3.00747600e-07  6.00000000e-01  3.89293991e-01 
 3.01847600e-07  6.00000000e-01  3.89710310e-01 
 3.02947600e-07  6.00000000e-01  3.90126626e-01 
 3.04047600e-07  6.00000000e-01  3.90542937e-01 
 3.05147600e-07  6.00000000e-01  3.90959243e-01 
 3.06247600e-07  6.00000000e-01  3.91375544e-01 
 3.07347600e-07  6.00000000e-01  3.91791839e-01 
 3.08447600e-07  6.00000000e-01  3.92208128e-01 
 3.09547600e-07  6.00000000e-01  3.92624410e-01 
 3.10647600e-07  6.00000000e-01  3.93040685e-01 
 3.11747600e-07  6.00000000e-01  3.93456953e-01 
 3.12847600e-07  6.00000000e-01  3.93873213e-01 
 3.13947600e-07  6.00000000e-01  3.94289465e-01 
 3.15047600e-07  6.00000000e-01  3.94705708e-01 
 3.16147600e-07  6.00000000e-01  3.95121942e-01 
 3.17247600e-07  6.00000000e-01  3.95538167e-01 
 3.18347600e-07  6.00000000e-01  3.95954382e-01 
 3.19447600e-07  6.00000000e-01  3.96370587e-01 
 3.20547600e-07  6.00000000e-01  3.96786781e-01 
 3.21647600e-07  6.00000000e-01  3.97202965e-01 
 3.22747600e-07  6.00000000e-01  3.97619138e-01 
 3.23847600e-07  6.00000000e-01  3.98035299e-01 
 3.24947600e-07  6.00000000e-01  3.98451448e-01 
 3.26047600e-07  6.00000000e-01  3.98867585e-01 
 3.27147600e-07  6.00000000e-01  3.99283710e-01 
 3.28247600e-07  6.00000000e-01  3.99699821e-01 
 3.29347600e-07  6.00000000e-01  4.00115920e-01 
 3.30447600e-07  6.00000000e-01  4.00532005e-01 
 3.31547600e-07  6.00000000e-01  4.00948076e-01 
 3.32647600e-07  6.00000000e-01  4.01364133e-01 
 3.33747600e-07  6.00000000e-01  4.01780175e-01 
 3.34847600e-07  6.00000000e-01  4.02196202e-01 
 3.35947600e-07  6.00000000e-01  4.02612214e-01 
 3.37047600e-07  6.00000000e-01  4.03028211e-01 
 3.38147600e-07  6.00000000e-01  4.03444191e-01 
 3.39247600e-07  6.00000000e-01  4.03860155e-01 
 3.40347600e-07  6.00000000e-01  4.04276103e-01 
 3.41447600e-07  6.00000000e-01  4.04692034e-01 
 3.42547600e-07  6.00000000e-01  4.05107947e-01 
 3.43647600e-07  6.00000000e-01  4.05523842e-01 
 3.44747600e-07  6.00000000e-01  4.05939720e-01 
 3.45847600e-07  6.00000000e-01  4.06355579e-01 
 3.46947600e-07  6.00000000e-01  4.06771420e-01 
 3.48047600e-07  6.00000000e-01  4.07187241e-01 
 3.49147600e-07  6.00000000e-01  4.07603043e-01 
 3.50247600e-07  6.00000000e-01  4.08018825e-01 
 3.51347600e-07  6.00000000e-01  4.08434587e-01 
 3.52447600e-07  6.00000000e-01  4.08850328e-01 
 3.53547600e-07  6.00000000e-01  4.09266048e-01 
 3.54647600e-07  6.00000000e-01  4.09681747e-01 
 3.55747600e-07  6.00000000e-01  4.10097424e-01 
 3.56847600e-07  6.00000000e-01  4.10513079e-01 
 3.57947600e-07  6.00000000e-01  4.10928711e-01 
 3.59047600e-07  6.00000000e-01  4.11344321e-01 
 3.60147600e-07  6.00000000e-01  4.11759907e-01 
 3.61247600e-07  6.00000000e-01  4.12175470e-01 
 3.62347600e-07  6.00000000e-01  4.12591008e-01 
 3.63447600e-07  6.00000000e-01  4.13006522e-01 
 3.64547600e-07  6.00000000e-01  4.13422010e-01 
 3.65647600e-07  6.00000000e-01  4.13837474e-01 
 3.66747600e-07  6.00000000e-01  4.14252911e-01 
 3.67847600e-07  6.00000000e-01  4.14668322e-01 
 3.68947600e-07  6.00000000e-01  4.15083707e-01 
 3.70047600e-07  6.00000000e-01  4.15499064e-01 
 3.71147600e-07  6.00000000e-01  4.15914393e-01 
 3.72247600e-07  6.00000000e-01  4.16329695e-01 
 3.73347600e-07  6.00000000e-01  4.16744968e-01 
 3.74447600e-07  6.00000000e-01  4.17160212e-01 
 3.75547600e-07  6.00000000e-01  4.17575426e-01 
 3.76647600e-07  6.00000000e-01  4.17990610e-01 
 3.77747600e-07  6.00000000e-01  4.18405764e-01 
 3.78847600e-07  6.00000000e-01  4.18820887e-01 
 3.79947600e-07  6.00000000e-01  4.19235979e-01 
 3.81047600e-07  6.00000000e-01  4.19651038e-01 
 3.82147600e-07  6.00000000e-01  4.20066065e-01 
 3.83247600e-07  6.00000000e-01  4.20481059e-01 
 3.84347600e-07  6.00000000e-01  4.20896020e-01 
 3.85447600e-07  6.00000000e-01  4.21310946e-01 
 3.86547600e-07  6.00000000e-01  4.21725838e-01 
 3.87647600e-07  6.00000000e-01  4.22140695e-01 
 3.88747600e-07  6.00000000e-01  4.22555516e-01 
 3.89847600e-07  6.00000000e-01  4.22970300e-01 
 3.90947600e-07  6.00000000e-01  4.23385048e-01 
 3.92047600e-07  6.00000000e-01  4.23799759e-01 
 3.93147600e-07  6.00000000e-01  4.24214432e-01 
 3.94247600e-07  6.00000000e-01  4.24629066e-01 
 3.95347600e-07  6.00000000e-01  4.25043661e-01 
 3.96447600e-07  6.00000000e-01  4.25458216e-01 
 3.97547600e-07  6.00000000e-01  4.25872731e-01 
 3.98647600e-07  6.00000000e-01  4.26287205e-01 
 3.99747600e-07  6.00000000e-01  4.26701637e-01 
 4.00847600e-07  6.00000000e-01  4.27116028e-01 
 4.01947600e-07  6.00000000e-01  4.27530375e-01 
 4.03047600e-07  6.00000000e-01  4.27944679e-01 
 4.04147600e-07  6.00000000e-01  4.28358939e-01 
 4.05247600e-07  6.00000000e-01  4.28773154e-01 
 4.06347600e-07  6.00000000e-01  4.29187324e-01 
 4.07447600e-07  6.00000000e-01  4.29601447e-01 
 4.08547600e-07  6.00000000e-01  4.30015524e-01 
 4.09647600e-07  6.00000000e-01  4.30429553e-01 
 4.10747600e-07  6.00000000e-01  4.30843534e-01 
 4.11847600e-07  6.00000000e-01  4.31257467e-01 
 4.12947600e-07  6.00000000e-01  4.31671349e-01 
 4.14047600e-07  6.00000000e-01  4.32085182e-01 
 4.15147600e-07  6.00000000e-01  4.32498963e-01 
 4.16247600e-07  6.00000000e-01  4.32912693e-01 
 4.17347600e-07  6.00000000e-01  4.33326370e-01 
 4.18447600e-07  6.00000000e-01  4.33739993e-01 
 4.19547600e-07  6.00000000e-01  4.34153563e-01 
 4.20647600e-07  6.00000000e-01  4.34567078e-01 
 4.21747600e-07  6.00000000e-01  4.34980537e-01 
 4.22847600e-07  6.00000000e-01  4.35393940e-01 
 4.23947600e-07  6.00000000e-01  4.35807286e-01 
 4.25047600e-07  6.00000000e-01  4.36220573e-01 
 4.26147600e-07  6.00000000e-01  4.36633802e-01 
 4.27247600e-07  6.00000000e-01  4.37046971e-01 
 4.28347600e-07  6.00000000e-01  4.37460080e-01 
 4.29447600e-07  6.00000000e-01  4.37873127e-01 
 4.30547600e-07  6.00000000e-01  4.38286112e-01 
 4.31647600e-07  6.00000000e-01  4.38699034e-01 
 4.32747600e-07  6.00000000e-01  4.39111893e-01 
 4.33847600e-07  6.00000000e-01  4.39524686e-01 
 4.34947600e-07  6.00000000e-01  4.39937413e-01 
 4.36047600e-07  6.00000000e-01  4.40350074e-01 
 4.37147600e-07  6.00000000e-01  4.40762668e-01 
 4.38247600e-07  6.00000000e-01  4.41175192e-01 
 4.39347600e-07  6.00000000e-01  4.41587648e-01 
 4.40447600e-07  6.00000000e-01  4.42000033e-01 
 4.41547600e-07  6.00000000e-01  4.42412346e-01 
 4.42647600e-07  6.00000000e-01  4.42824588e-01 
 4.43747600e-07  6.00000000e-01  4.43236756e-01 
 4.44847600e-07  6.00000000e-01  4.43648850e-01 
 4.45947600e-07  6.00000000e-01  4.44060868e-01 
 4.47047600e-07  6.00000000e-01  4.44472810e-01 
 4.48147600e-07  6.00000000e-01  4.44884675e-01 
 4.49247600e-07  6.00000000e-01  4.45296461e-01 
 4.50347600e-07  6.00000000e-01  4.45708168e-01 
 4.51447600e-07  6.00000000e-01  4.46119795e-01 
 4.52547600e-07  6.00000000e-01  4.46531340e-01 
 4.53647600e-07  6.00000000e-01  4.46942802e-01 
 4.54747600e-07  6.00000000e-01  4.47354180e-01 
 4.55847600e-07  6.00000000e-01  4.47765474e-01 
 4.56947600e-07  6.00000000e-01  4.48176681e-01 
 4.58047600e-07  6.00000000e-01  4.48587802e-01 
 4.59147600e-07  6.00000000e-01  4.48998834e-01 
 4.60247600e-07  6.00000000e-01  4.49409777e-01 
 4.61347600e-07  6.00000000e-01  4.49820629e-01 
 4.62447600e-07  6.00000000e-01  4.50231389e-01 
 4.63547600e-07  6.00000000e-01  4.50642056e-01 
 4.64647600e-07  6.00000000e-01  4.51052629e-01 
 4.65747600e-07  6.00000000e-01  4.51463106e-01 
 4.66847600e-07  6.00000000e-01  4.51873487e-01 
 4.67947600e-07  6.00000000e-01  4.52283770e-01 
 4.69047600e-07  6.00000000e-01  4.52693953e-01 
 4.70147600e-07  6.00000000e-01  4.53104036e-01 
 4.71247600e-07  6.00000000e-01  4.53514017e-01 
 4.72347600e-07  6.00000000e-01  4.53923895e-01 
 4.73447600e-07  6.00000000e-01  4.54333669e-01 
 4.74547600e-07  6.00000000e-01  4.54743337e-01 
 4.75647600e-07  6.00000000e-01  4.55152897e-01 
 4.76747600e-07  6.00000000e-01  4.55562349e-01 
 4.77847600e-07  6.00000000e-01  4.55971692e-01 
 4.78947600e-07  6.00000000e-01  4.56380923e-01 
 4.80047600e-07  6.00000000e-01  4.56790041e-01 
 4.81147600e-07  6.00000000e-01  4.57199045e-01 
 4.82247600e-07  6.00000000e-01  4.57607933e-01 
 4.83347600e-07  6.00000000e-01  4.58016704e-01 
 4.84447600e-07  6.00000000e-01  4.58425357e-01 
 4.85547600e-07  6.00000000e-01  4.58833890e-01 
 4.86647600e-07  6.00000000e-01  4.59242301e-01 
 4.87747600e-07  6.00000000e-01  4.59650589e-01 
 4.88847600e-07  6.00000000e-01  4.60058753e-01 
 4.89947600e-07  6.00000000e-01  4.60466790e-01 
 4.91047600e-07  6.00000000e-01  4.60874700e-01 
 4.92147600e-07  6.00000000e-01  4.61282480e-01 
 4.93247600e-07  6.00000000e-01  4.61690129e-01 
 4.94347600e-07  6.00000000e-01  4.62097646e-01 
 4.95447600e-07  6.00000000e-01  4.62505029e-01 
 4.96547600e-07  6.00000000e-01  4.62912275e-01 
 4.97647600e-07  6.00000000e-01  4.63319384e-01 
 4.98747600e-07  6.00000000e-01  4.63726354e-01 
 4.99847600e-07  6.00000000e-01  4.64133183e-01 
 5.00947600e-07  6.00000000e-01  4.64539870e-01 
 5.02047600e-07  6.00000000e-01  4.64946411e-01 
 5.03147600e-07  6.00000000e-01  4.65352807e-01 
 5.04247600e-07  6.00000000e-01  4.65759055e-01 
 5.05347600e-07  6.00000000e-01  4.66165153e-01 
 5.06447600e-07  6.00000000e-01  4.66571099e-01 
 5.07547600e-07  6.00000000e-01  4.66976892e-01 
 5.08647600e-07  6.00000000e-01  4.67382530e-01 
 5.09747600e-07  6.00000000e-01  4.67788010e-01 
 5.10847600e-07  6.00000000e-01  4.68193332e-01 
 5.11947600e-07  6.00000000e-01  4.68598492e-01 
 5.13047600e-07  6.00000000e-01  4.69003490e-01 
 5.14147600e-07  6.00000000e-01  4.69408323e-01 
 5.15247600e-07  6.00000000e-01  4.69812989e-01 
 5.16347600e-07  6.00000000e-01  4.70217486e-01 
 5.17447600e-07  6.00000000e-01  4.70621812e-01 
 5.18547600e-07  6.00000000e-01  4.71025966e-01 
 5.19647600e-07  6.00000000e-01  4.71429944e-01 
 5.20747600e-07  6.00000000e-01  4.71833746e-01 
 5.21847600e-07  6.00000000e-01  4.72237368e-01 
 5.22947600e-07  6.00000000e-01  4.72640809e-01 
 5.24047600e-07  6.00000000e-01  4.73044067e-01 
 5.25147600e-07  6.00000000e-01  4.73447140e-01 
 5.26247600e-07  6.00000000e-01  4.73850025e-01 
 5.27347600e-07  6.00000000e-01  4.74252720e-01 
 5.28447600e-07  6.00000000e-01  4.74655223e-01 
 5.29547600e-07  6.00000000e-01  4.75057531e-01 
 5.30647600e-07  6.00000000e-01  4.75459643e-01 
 5.31747600e-07  6.00000000e-01  4.75861557e-01 
 5.32847600e-07  6.00000000e-01  4.76263269e-01 
 5.33947600e-07  6.00000000e-01  4.76664778e-01 
 5.35047600e-07  6.00000000e-01  4.77066080e-01 
 5.36147600e-07  6.00000000e-01  4.77467175e-01 
 5.37247600e-07  6.00000000e-01  4.77868059e-01 
 5.38347600e-07  6.00000000e-01  4.78268730e-01 
 5.39447600e-07  6.00000000e-01  4.78669186e-01 
 5.40547600e-07  6.00000000e-01  4.79069424e-01 
 5.41647600e-07  6.00000000e-01  4.79469441e-01 
 5.42747600e-07  6.00000000e-01  4.79869236e-01 
 5.43847600e-07  6.00000000e-01  4.80268805e-01 
 5.44947600e-07  6.00000000e-01  4.80668146e-01 
 5.46047600e-07  6.00000000e-01  4.81067257e-01 
 5.47147600e-07  6.00000000e-01  4.81466135e-01 
 5.48247600e-07  6.00000000e-01  4.81864777e-01 
 5.49347600e-07  6.00000000e-01  4.82263180e-01 
 5.50447600e-07  6.00000000e-01  4.82661343e-01 
 5.51547600e-07  6.00000000e-01  4.83059262e-01 
 5.52647600e-07  6.00000000e-01  4.83456934e-01 
 5.53747600e-07  6.00000000e-01  4.83854358e-01 
 5.54847600e-07  6.00000000e-01  4.84251529e-01 
 5.55947600e-07  6.00000000e-01  4.84648446e-01 
 5.57047600e-07  6.00000000e-01  4.85045105e-01 
 5.58147600e-07  6.00000000e-01  4.85441504e-01 
 5.59247600e-07  6.00000000e-01  4.85837639e-01 
 5.60347600e-07  6.00000000e-01  4.86233509e-01 
 5.61447600e-07  6.00000000e-01  4.86629109e-01 
 5.62547600e-07  6.00000000e-01  4.87024438e-01 
 5.63647600e-07  6.00000000e-01  4.87419492e-01 
 5.64747600e-07  6.00000000e-01  4.87814268e-01 
 5.65847600e-07  6.00000000e-01  4.88208763e-01 
 5.66947600e-07  6.00000000e-01  4.88602974e-01 
 5.68047600e-07  6.00000000e-01  4.88996898e-01 
 5.69147600e-07  6.00000000e-01  4.89390533e-01 
 5.70247600e-07  6.00000000e-01  4.89783874e-01 
 5.71347600e-07  6.00000000e-01  4.90176919e-01 
 5.72447600e-07  6.00000000e-01  4.90569665e-01 
 5.73547600e-07  6.00000000e-01  4.90962108e-01 
 5.74647600e-07  6.00000000e-01  4.91354246e-01 
 5.75747600e-07  6.00000000e-01  4.91746074e-01 
 5.76847600e-07  6.00000000e-01  4.92137590e-01 
 5.77947600e-07  6.00000000e-01  4.92528791e-01 
 5.79047600e-07  6.00000000e-01  4.92919673e-01 
 5.80147600e-07  6.00000000e-01  4.93310233e-01 
 5.81247600e-07  6.00000000e-01  4.93700468e-01 
 5.82347600e-07  6.00000000e-01  4.94090374e-01 
 5.83447600e-07  6.00000000e-01  4.94479947e-01 
 5.84547600e-07  6.00000000e-01  4.94869185e-01 
 5.85647600e-07  6.00000000e-01  4.95258084e-01 
 5.86747600e-07  6.00000000e-01  4.95646640e-01 
 5.87847600e-07  6.00000000e-01  4.96034851e-01 
 5.88947600e-07  6.00000000e-01  4.96422711e-01 
 5.90047600e-07  6.00000000e-01  4.96810219e-01 
 5.91147600e-07  6.00000000e-01  4.97197370e-01 
 5.92247600e-07  6.00000000e-01  4.97584161e-01 
 5.93347600e-07  6.00000000e-01  4.97970588e-01 
 5.94447600e-07  6.00000000e-01  4.98356647e-01 
 5.95547600e-07  6.00000000e-01  4.98742335e-01 
 5.96647600e-07  6.00000000e-01  4.99127648e-01 
 5.97747600e-07  6.00000000e-01  4.99512583e-01 
 5.98847600e-07  6.00000000e-01  4.99897135e-01 
 5.99947600e-07  6.00000000e-01  5.00281301e-01 
 6.01047600e-07  6.00000000e-01  5.00665078e-01 
 6.02147600e-07  6.00000000e-01  5.01048460e-01 
 6.03247600e-07  6.00000000e-01  5.01431446e-01 
 6.04347600e-07  6.00000000e-01  5.01814029e-01 
 6.05447600e-07  6.00000000e-01  5.02196208e-01 
 6.06547600e-07  6.00000000e-01  5.02577977e-01 
 6.07647600e-07  6.00000000e-01  5.02959334e-01 
 6.08747600e-07  6.00000000e-01  5.03340273e-01 
 6.09847600e-07  6.00000000e-01  5.03720791e-01 
 6.10947600e-07  6.00000000e-01  5.04100884e-01 
 6.12047600e-07  6.00000000e-01  5.04480549e-01 
 6.13147600e-07  6.00000000e-01  5.04859780e-01 
 6.14247600e-07  6.00000000e-01  5.05238574e-01 
 6.15347600e-07  6.00000000e-01  5.05616927e-01 
 6.16447600e-07  6.00000000e-01  5.05994834e-01 
 6.17547600e-07  6.00000000e-01  5.06372293e-01 
 6.18647600e-07  6.00000000e-01  5.06749297e-01 
 6.19747600e-07  6.00000000e-01  5.07125844e-01 
 6.20847600e-07  6.00000000e-01  5.07501929e-01 
 6.21947600e-07  6.00000000e-01  5.07877548e-01 
 6.23047600e-07  6.00000000e-01  5.08252696e-01 
 6.24147600e-07  6.00000000e-01  5.08627370e-01 
 6.25247600e-07  6.00000000e-01  5.09001565e-01 
 6.26347600e-07  6.00000000e-01  5.09375277e-01 
 6.27447600e-07  6.00000000e-01  5.09748501e-01 
 6.28547600e-07  6.00000000e-01  5.10121234e-01 
 6.29647600e-07  6.00000000e-01  5.10493470e-01 
 6.30747600e-07  6.00000000e-01  5.10865206e-01 
 6.31847600e-07  6.00000000e-01  5.11236437e-01 
 6.32947600e-07  6.00000000e-01  5.11607159e-01 
 6.34047600e-07  6.00000000e-01  5.11977367e-01 
 6.35147600e-07  6.00000000e-01  5.12347057e-01 
 6.36247600e-07  6.00000000e-01  5.12716225e-01 
 6.37347600e-07  6.00000000e-01  5.13084865e-01 
 6.38447600e-07  6.00000000e-01  5.13452974e-01 
 6.39547600e-07  6.00000000e-01  5.13820547e-01 
 6.40647600e-07  6.00000000e-01  5.14187580e-01 
 6.41747600e-07  6.00000000e-01  5.14554067e-01 
 6.42847600e-07  6.00000000e-01  5.14920005e-01 
 6.43947600e-07  6.00000000e-01  5.15285389e-01 
 6.45047600e-07  6.00000000e-01  5.15650214e-01 
 6.46147600e-07  6.00000000e-01  5.16014476e-01 
 6.47247600e-07  6.00000000e-01  5.16378170e-01 
 6.48347600e-07  6.00000000e-01  5.16741292e-01 
 6.49447600e-07  6.00000000e-01  5.17103837e-01 
 6.50547600e-07  6.00000000e-01  5.17465800e-01 
 6.51647600e-07  6.00000000e-01  5.17827176e-01 
 6.52747600e-07  6.00000000e-01  5.18187962e-01 
 6.53847600e-07  6.00000000e-01  5.18548152e-01 
 6.54947600e-07  6.00000000e-01  5.18907742e-01 
 6.56047600e-07  6.00000000e-01  5.19266727e-01 
 6.57147600e-07  6.00000000e-01  5.19625103e-01 
 6.58247600e-07  6.00000000e-01  5.19982864e-01 
 6.59347600e-07  6.00000000e-01  5.20340006e-01 
 6.60447600e-07  6.00000000e-01  5.20696524e-01 
 6.61547600e-07  6.00000000e-01  5.21052414e-01 
 6.62647600e-07  6.00000000e-01  5.21407671e-01 
 6.63747600e-07  6.00000000e-01  5.21762290e-01 
 6.64847600e-07  6.00000000e-01  5.22116267e-01 
 6.65947600e-07  6.00000000e-01  5.22469596e-01 
 6.67047600e-07  6.00000000e-01  5.22822274e-01 
 6.68147600e-07  6.00000000e-01  5.23174294e-01 
 6.69247600e-07  6.00000000e-01  5.23525652e-01 
 6.70347600e-07  6.00000000e-01  5.23876343e-01 
 6.71447600e-07  6.00000000e-01  5.24226364e-01 
 6.72547600e-07  6.00000000e-01  5.24575709e-01 
 6.73647600e-07  6.00000000e-01  5.24924373e-01 
 6.74747600e-07  6.00000000e-01  5.25272352e-01 
 6.75847600e-07  6.00000000e-01  5.25619641e-01 
 6.76947600e-07  6.00000000e-01  5.25966236e-01 
 6.78047600e-07  6.00000000e-01  5.26312131e-01 
 6.79147600e-07  6.00000000e-01  5.26657323e-01 
 6.80247600e-07  6.00000000e-01  5.27001805e-01 
 6.81347600e-07  6.00000000e-01  5.27345574e-01 
 6.82447600e-07  6.00000000e-01  5.27688625e-01 
 6.83547600e-07  6.00000000e-01  5.28030952e-01 
 6.84647600e-07  6.00000000e-01  5.28372553e-01 
 6.85747600e-07  6.00000000e-01  5.28713421e-01 
 6.86847600e-07  6.00000000e-01  5.29053552e-01 
 6.87947600e-07  6.00000000e-01  5.29392941e-01 
 6.89047600e-07  6.00000000e-01  5.29731584e-01 
 6.90147600e-07  6.00000000e-01  5.30069477e-01 
 6.91247600e-07  6.00000000e-01  5.30406613e-01 
 6.92347600e-07  6.00000000e-01  5.30742990e-01 
 6.93447600e-07  6.00000000e-01  5.31078602e-01 
 6.94547600e-07  6.00000000e-01  5.31413445e-01 
 6.95647600e-07  6.00000000e-01  5.31747513e-01 
 6.96747600e-07  6.00000000e-01  5.32080804e-01 
 6.97847600e-07  6.00000000e-01  5.32413311e-01 
 6.98947600e-07  6.00000000e-01  5.32745031e-01 
 7.00047600e-07  6.00000000e-01  5.33075958e-01 
 7.01147600e-07  6.00000000e-01  5.33406089e-01 
 7.02247600e-07  6.00000000e-01  5.33735419e-01 
 7.03347600e-07  6.00000000e-01  5.34063944e-01 
 7.04447600e-07  6.00000000e-01  5.34391659e-01 
 7.05547600e-07  6.00000000e-01  5.34718560e-01 
 7.06647600e-07  6.00000000e-01  5.35044641e-01 
 7.07747600e-07  6.00000000e-01  5.35369900e-01 
 7.08847600e-07  6.00000000e-01  5.35694331e-01 
 7.09947600e-07  6.00000000e-01  5.36017931e-01 
 7.11047600e-07  6.00000000e-01  5.36340695e-01 
 7.12147600e-07  6.00000000e-01  5.36662618e-01 
 7.13247600e-07  6.00000000e-01  5.36983697e-01 
 7.14347600e-07  6.00000000e-01  5.37303927e-01 
 7.15447600e-07  6.00000000e-01  5.37623304e-01 
 7.16547600e-07  6.00000000e-01  5.37941824e-01 
 7.17647600e-07  6.00000000e-01  5.38259483e-01 
 7.18747600e-07  6.00000000e-01  5.38576276e-01 
 7.19847600e-07  6.00000000e-01  5.38892200e-01 
 7.20947600e-07  6.00000000e-01  5.39207251e-01 
 7.22047600e-07  6.00000000e-01  5.39521424e-01 
 7.23147600e-07  6.00000000e-01  5.39834715e-01 
 7.24247600e-07  6.00000000e-01  5.40147121e-01 
 7.25347600e-07  6.00000000e-01  5.40458638e-01 
 7.26447600e-07  6.00000000e-01  5.40769262e-01 
 7.27547600e-07  6.00000000e-01  5.41078989e-01 
 7.28647600e-07  6.00000000e-01  5.41387814e-01 
 7.29747600e-07  6.00000000e-01  5.41695735e-01 
 7.30847600e-07  6.00000000e-01  5.42002748e-01 
 7.31947600e-07  6.00000000e-01  5.42308849e-01 
 7.33047600e-07  6.00000000e-01  5.42614034e-01 
 7.34147600e-07  6.00000000e-01  5.42918300e-01 
 7.35247600e-07  6.00000000e-01  5.43221642e-01 
 7.36347600e-07  6.00000000e-01  5.43524059e-01 
 7.37447600e-07  6.00000000e-01  5.43825545e-01 
 7.38547600e-07  6.00000000e-01  5.44126098e-01 
 7.39647600e-07  6.00000000e-01  5.44425714e-01 
 7.40747600e-07  6.00000000e-01  5.44724390e-01 
 7.41847600e-07  6.00000000e-01  5.45022122e-01 
 7.42947600e-07  6.00000000e-01  5.45318908e-01 
 7.44047600e-07  6.00000000e-01  5.45614743e-01 
 7.45147600e-07  6.00000000e-01  5.45909626e-01 
 7.46247600e-07  6.00000000e-01  5.46203551e-01 
 7.47347600e-07  6.00000000e-01  5.46496518e-01 
 7.48447600e-07  6.00000000e-01  5.46788521e-01 
 7.49547600e-07  6.00000000e-01  5.47079560e-01 
 7.50647600e-07  6.00000000e-01  5.47369629e-01 
 7.51747600e-07  6.00000000e-01  5.47658728e-01 
 7.52847600e-07  6.00000000e-01  5.47946851e-01 
 7.53947600e-07  6.00000000e-01  5.48233998e-01 
 7.55047600e-07  6.00000000e-01  5.48520165e-01 
 7.56147600e-07  6.00000000e-01  5.48805349e-01 
 7.57247600e-07  6.00000000e-01  5.49089548e-01 
 7.58347600e-07  6.00000000e-01  5.49372759e-01 
 7.59447600e-07  6.00000000e-01  5.49654979e-01 
 7.60547600e-07  6.00000000e-01  5.49936207e-01 
 7.61647600e-07  6.00000000e-01  5.50216439e-01 
 7.62747600e-07  6.00000000e-01  5.50495673e-01 
 7.63847600e-07  6.00000000e-01  5.50773907e-01 
 7.64947600e-07  6.00000000e-01  5.51051138e-01 
 7.66047600e-07  6.00000000e-01  5.51327365e-01 
 7.67147600e-07  6.00000000e-01  5.51602584e-01 
 7.68247600e-07  6.00000000e-01  5.51876794e-01 
 7.69347600e-07  6.00000000e-01  5.52149994e-01 
 7.70447600e-07  6.00000000e-01  5.52422180e-01 
 7.71547600e-07  6.00000000e-01  5.52693350e-01 
 7.72647600e-07  6.00000000e-01  5.52963504e-01 
 7.73747600e-07  6.00000000e-01  5.53232638e-01 
 7.74847600e-07  6.00000000e-01  5.53500752e-01 
 7.75947600e-07  6.00000000e-01  5.53767843e-01 
 7.77047600e-07  6.00000000e-01  5.54033909e-01 
 7.78147600e-07  6.00000000e-01  5.54298950e-01 
 7.79247600e-07  6.00000000e-01  5.54562963e-01 
 7.80347600e-07  6.00000000e-01  5.54825947e-01 
 7.81447600e-07  6.00000000e-01  5.55087901e-01 
 7.82547600e-07  6.00000000e-01  5.55348822e-01 
 7.83647600e-07  6.00000000e-01  5.55608710e-01 
 7.84747600e-07  6.00000000e-01  5.55867564e-01 
 7.85847600e-07  6.00000000e-01  5.56125381e-01 
 7.86947600e-07  6.00000000e-01  5.56382162e-01 
 7.88047600e-07  6.00000000e-01  5.56637904e-01 
 7.89147600e-07  6.00000000e-01  5.56892607e-01 
 7.90247600e-07  6.00000000e-01  5.57146270e-01 
 7.91347600e-07  6.00000000e-01  5.57398891e-01 
 7.92447600e-07  6.00000000e-01  5.57650470e-01 
 7.93547600e-07  6.00000000e-01  5.57901006e-01 
 7.94647600e-07  6.00000000e-01  5.58150498e-01 
 7.95747600e-07  6.00000000e-01  5.58398946e-01 
 7.96847600e-07  6.00000000e-01  5.58646348e-01 
 7.97947600e-07  6.00000000e-01  5.58892705e-01 
 7.99047600e-07  6.00000000e-01  5.59138015e-01 
 8.00147600e-07  6.00000000e-01  5.59382278e-01 
 8.01247600e-07  6.00000000e-01  5.59625494e-01 
 8.02347600e-07  6.00000000e-01  5.59867662e-01 
 8.03447600e-07  6.00000000e-01  5.60108781e-01 
 8.04547600e-07  6.00000000e-01  5.60348853e-01 
 8.05647600e-07  6.00000000e-01  5.60587876e-01 
 8.06747600e-07  6.00000000e-01  5.60825850e-01 
 8.07847600e-07  6.00000000e-01  5.61062775e-01 
 8.08947600e-07  6.00000000e-01  5.61298651e-01 
 8.10047600e-07  6.00000000e-01  5.61533478e-01 
 8.11147600e-07  6.00000000e-01  5.61767257e-01 
 8.12247600e-07  6.00000000e-01  5.61999986e-01 
 8.13347600e-07  6.00000000e-01  5.62231668e-01 
 8.14447600e-07  6.00000000e-01  5.62462300e-01 
 8.15547600e-07  6.00000000e-01  5.62691885e-01 
 8.16647600e-07  6.00000000e-01  5.62920422e-01 
 8.17747600e-07  6.00000000e-01  5.63147911e-01 
 8.18847600e-07  6.00000000e-01  5.63374355e-01 
 8.19947600e-07  6.00000000e-01  5.63599752e-01 
 8.21047600e-07  6.00000000e-01  5.63824103e-01 
 8.22147600e-07  6.00000000e-01  5.64047409e-01 
 8.23247600e-07  6.00000000e-01  5.64269671e-01 
 8.24347600e-07  6.00000000e-01  5.64490889e-01 
 8.25447600e-07  6.00000000e-01  5.64711063e-01 
 8.26547600e-07  6.00000000e-01  5.64930195e-01 
 8.27647600e-07  6.00000000e-01  5.65148286e-01 
 8.28747600e-07  6.00000000e-01  5.65365336e-01 
 8.29847600e-07  6.00000000e-01  5.65581347e-01 
 8.30947600e-07  6.00000000e-01  5.65796319e-01 
 8.32047600e-07  6.00000000e-01  5.66010254e-01 
 8.33147600e-07  6.00000000e-01  5.66223152e-01 
 8.34247600e-07  6.00000000e-01  5.66435015e-01 
 8.35347600e-07  6.00000000e-01  5.66645844e-01 
 8.36447600e-07  6.00000000e-01  5.66855640e-01 
 8.37547600e-07  6.00000000e-01  5.67064405e-01 
 8.38647600e-07  6.00000000e-01  5.67272140e-01 
 8.39747600e-07  6.00000000e-01  5.67478846e-01 
 8.40847600e-07  6.00000000e-01  5.67684525e-01 
 8.41947600e-07  6.00000000e-01  5.67889177e-01 
 8.43047600e-07  6.00000000e-01  5.68092806e-01 
 8.44147600e-07  6.00000000e-01  5.68295412e-01 
 8.45247600e-07  6.00000000e-01  5.68496997e-01 
 8.46347600e-07  6.00000000e-01  5.68697563e-01 
 8.47447600e-07  6.00000000e-01  5.68897111e-01 
 8.48547600e-07  6.00000000e-01  5.69095643e-01 
 8.49647600e-07  6.00000000e-01  5.69293161e-01 
 8.50747600e-07  6.00000000e-01  5.69489666e-01 
 8.51847600e-07  6.00000000e-01  5.69685162e-01 
 8.52947600e-07  6.00000000e-01  5.69879648e-01 
 8.54047600e-07  6.00000000e-01  5.70073129e-01 
 8.55147600e-07  6.00000000e-01  5.70265604e-01 
 8.56247600e-07  6.00000000e-01  5.70457078e-01 
 8.57347600e-07  6.00000000e-01  5.70647551e-01 
 8.58447600e-07  6.00000000e-01  5.70837025e-01 
 8.59547600e-07  6.00000000e-01  5.71025504e-01 
 8.60647600e-07  6.00000000e-01  5.71212989e-01 
 8.61747600e-07  6.00000000e-01  5.71399482e-01 
 8.62847600e-07  6.00000000e-01  5.71584985e-01 
 8.63947600e-07  6.00000000e-01  5.71769502e-01 
 8.65047600e-07  6.00000000e-01  5.71953034e-01 
 8.66147600e-07  6.00000000e-01  5.72135583e-01 
 8.67247600e-07  6.00000000e-01  5.72317153e-01 
 8.68347600e-07  6.00000000e-01  5.72497745e-01 
 8.69447600e-07  6.00000000e-01  5.72677362e-01 
 8.70547600e-07  6.00000000e-01  5.72856006e-01 
 8.71647600e-07  6.00000000e-01  5.73033681e-01 
 8.72747600e-07  6.00000000e-01  5.73210388e-01 
 8.73847600e-07  6.00000000e-01  5.73386130e-01 
 8.74947600e-07  6.00000000e-01  5.73560910e-01 
 8.76047600e-07  6.00000000e-01  5.73734731e-01 
 8.77147600e-07  6.00000000e-01  5.73907595e-01 
 8.78247600e-07  6.00000000e-01  5.74079505e-01 
 8.79347600e-07  6.00000000e-01  5.74250463e-01 
 8.80447600e-07  6.00000000e-01  5.74420473e-01 
 8.81547600e-07  6.00000000e-01  5.74589537e-01 
 8.82647600e-07  6.00000000e-01  5.74757659e-01 
 8.83747600e-07  6.00000000e-01  5.74924840e-01 
 8.84847600e-07  6.00000000e-01  5.75091084e-01 
 8.85947600e-07  6.00000000e-01  5.75256394e-01 
 8.87047600e-07  6.00000000e-01  5.75420773e-01 
 8.88147600e-07  6.00000000e-01  5.75584224e-01 
 8.89247600e-07  6.00000000e-01  5.75746749e-01 
 8.90347600e-07  6.00000000e-01  5.75908352e-01 
 8.91447600e-07  6.00000000e-01  5.76069035e-01 
 8.92547600e-07  6.00000000e-01  5.76228803e-01 
 8.93647600e-07  6.00000000e-01  5.76387657e-01 
 8.94747600e-07  6.00000000e-01  5.76545601e-01 
 8.95847600e-07  6.00000000e-01  5.76702639e-01 
 8.96947600e-07  6.00000000e-01  5.76858772e-01 
 8.98047600e-07  6.00000000e-01  5.77014005e-01 
 8.99147600e-07  6.00000000e-01  5.77168341e-01 
 9.00247600e-07  6.00000000e-01  5.77321782e-01 
 9.01347600e-07  6.00000000e-01  5.77474332e-01 
 9.02447600e-07  6.00000000e-01  5.77625995e-01 
 9.03547600e-07  6.00000000e-01  5.77776773e-01 
 9.04647600e-07  6.00000000e-01  5.77926670e-01 
 9.05747600e-07  6.00000000e-01  5.78075688e-01 
 9.06847600e-07  6.00000000e-01  5.78223832e-01 
 9.07947600e-07  6.00000000e-01  5.78371105e-01 
 9.09047600e-07  6.00000000e-01  5.78517510e-01 
 9.10147600e-07  6.00000000e-01  5.78663050e-01 
 9.11247600e-07  6.00000000e-01  5.78807728e-01 
 9.12347600e-07  6.00000000e-01  5.78951549e-01 
 9.13447600e-07  6.00000000e-01  5.79094515e-01 
 9.14547600e-07  6.00000000e-01  5.79236630e-01 
 9.15647600e-07  6.00000000e-01  5.79377897e-01 
 9.16747600e-07  6.00000000e-01  5.79518320e-01 
 9.17847600e-07  6.00000000e-01  5.79657902e-01 
 9.18947600e-07  6.00000000e-01  5.79796646e-01 
 9.20047600e-07  6.00000000e-01  5.79934557e-01 
 9.21147600e-07  6.00000000e-01  5.80071636e-01 
 9.22247600e-07  6.00000000e-01  5.80207889e-01 
 9.23347600e-07  6.00000000e-01  5.80343318e-01 
 9.24447600e-07  6.00000000e-01  5.80477927e-01 
 9.25547600e-07  6.00000000e-01  5.80611719e-01 
 9.26647600e-07  6.00000000e-01  5.80744698e-01 
 9.27747600e-07  6.00000000e-01  5.80876868e-01 
 9.28847600e-07  6.00000000e-01  5.81008231e-01 
 9.29947600e-07  6.00000000e-01  5.81138792e-01 
 9.31047600e-07  6.00000000e-01  5.81268554e-01 
 9.32147600e-07  6.00000000e-01  5.81397520e-01 
 9.33247600e-07  6.00000000e-01  5.81525694e-01 
 9.34347600e-07  6.00000000e-01  5.81653080e-01 
 9.35447600e-07  6.00000000e-01  5.81779681e-01 
 9.36547600e-07  6.00000000e-01  5.81905500e-01 
 9.37647600e-07  6.00000000e-01  5.82030542e-01 
 9.38747600e-07  6.00000000e-01  5.82154809e-01 
 9.39847600e-07  6.00000000e-01  5.82278306e-01 
 9.40947600e-07  6.00000000e-01  5.82401036e-01 
 9.42047600e-07  6.00000000e-01  5.82523002e-01 
 9.43147600e-07  6.00000000e-01  5.82644209e-01 
 9.44247600e-07  6.00000000e-01  5.82764658e-01 
 9.45347600e-07  6.00000000e-01  5.82884356e-01 
 9.46447600e-07  6.00000000e-01  5.83003303e-01 
 9.47547600e-07  6.00000000e-01  5.83121506e-01 
 9.48647600e-07  6.00000000e-01  5.83238966e-01 
 9.49747600e-07  6.00000000e-01  5.83355687e-01 
 9.50847600e-07  6.00000000e-01  5.83471674e-01 
 9.51947600e-07  6.00000000e-01  5.83586930e-01 
 9.53047600e-07  6.00000000e-01  5.83701457e-01 
 9.54147600e-07  6.00000000e-01  5.83815260e-01 
 9.55247600e-07  6.00000000e-01  5.83928343e-01 
 9.56347600e-07  6.00000000e-01  5.84040709e-01 
 9.57447600e-07  6.00000000e-01  5.84152361e-01 
 9.58547600e-07  6.00000000e-01  5.84263303e-01 
 9.59647600e-07  6.00000000e-01  5.84373539e-01 
 9.60747600e-07  6.00000000e-01  5.84483072e-01 
 9.61847600e-07  6.00000000e-01  5.84591906e-01 
 9.62947600e-07  6.00000000e-01  5.84700044e-01 
 9.64047600e-07  6.00000000e-01  5.84807490e-01 
 9.65147600e-07  6.00000000e-01  5.84914248e-01 
 9.66247600e-07  6.00000000e-01  5.85020320e-01 
 9.67347600e-07  6.00000000e-01  5.85125711e-01 
 9.68447600e-07  6.00000000e-01  5.85230423e-01 
 9.69547600e-07  6.00000000e-01  5.85334462e-01 
 9.70647600e-07  6.00000000e-01  5.85437829e-01 
 9.71747600e-07  6.00000000e-01  5.85540529e-01 
 9.72847600e-07  6.00000000e-01  5.85642565e-01 
 9.73947600e-07  6.00000000e-01  5.85743940e-01 
 9.75047600e-07  6.00000000e-01  5.85844659e-01 
 9.76147600e-07  6.00000000e-01  5.85944724e-01 
 9.77247600e-07  6.00000000e-01  5.86044140e-01 
 9.78347600e-07  6.00000000e-01  5.86142909e-01 
 9.79447600e-07  6.00000000e-01  5.86241034e-01 
 9.80547600e-07  6.00000000e-01  5.86338521e-01 
 9.81647600e-07  6.00000000e-01  5.86435371e-01 
 9.82747600e-07  6.00000000e-01  5.86531589e-01 
 9.83847600e-07  6.00000000e-01  5.86627177e-01 
 9.84947600e-07  6.00000000e-01  5.86722140e-01 
 9.86047600e-07  6.00000000e-01  5.86816481e-01 
 9.87147600e-07  6.00000000e-01  5.86910202e-01 
 9.88247600e-07  6.00000000e-01  5.87003308e-01 
 9.89347600e-07  6.00000000e-01  5.87095802e-01 
 9.90447600e-07  6.00000000e-01  5.87187688e-01 
 9.91547600e-07  6.00000000e-01  5.87278968e-01 
 9.92647600e-07  6.00000000e-01  5.87369646e-01 
 9.93747600e-07  6.00000000e-01  5.87459726e-01 
 9.94847600e-07  6.00000000e-01  5.87549210e-01 
 9.95947600e-07  6.00000000e-01  5.87638103e-01 
 9.97047600e-07  6.00000000e-01  5.87726407e-01 
 9.98147600e-07  6.00000000e-01  5.87814126e-01 
 9.99247600e-07  6.00000000e-01  5.87901263e-01 
 1.00034760e-06  6.00000000e-01  5.87987822e-01 
 1.00144760e-06  6.00000000e-01  5.88073805e-01 
 1.00254760e-06  6.00000000e-01  5.88159217e-01 
 1.00364760e-06  6.00000000e-01  5.88244060e-01 
 1.00474760e-06  6.00000000e-01  5.88328337e-01 
 1.00584760e-06  6.00000000e-01  5.88412052e-01 
 1.00694760e-06  6.00000000e-01  5.88495209e-01 
 1.00804760e-06  6.00000000e-01  5.88577810e-01 
 1.00914760e-06  6.00000000e-01  5.88659858e-01 
 1.01024760e-06  6.00000000e-01  5.88741357e-01 
 1.01134760e-06  6.00000000e-01  5.88822310e-01 
 1.01244760e-06  6.00000000e-01  5.88902721e-01 
 1.01354760e-06  6.00000000e-01  5.88982591e-01 
 1.01464760e-06  6.00000000e-01  5.89061926e-01 
 1.01574760e-06  6.00000000e-01  5.89140726e-01 
 1.01684760e-06  6.00000000e-01  5.89218997e-01 
 1.01794760e-06  6.00000000e-01  5.89296741e-01 
 1.01904760e-06  6.00000000e-01  5.89373961e-01 
 1.02014760e-06  6.00000000e-01  5.89450660e-01 
 1.02124760e-06  6.00000000e-01  5.89526842e-01 
 1.02234760e-06  6.00000000e-01  5.89602509e-01 
 1.02344760e-06  6.00000000e-01  5.89677664e-01 
 1.02454760e-06  6.00000000e-01  5.89752311e-01 
 1.02564760e-06  6.00000000e-01  5.89826453e-01 
 1.02674760e-06  6.00000000e-01  5.89900092e-01 
 1.02784760e-06  6.00000000e-01  5.89973232e-01 
 1.02894760e-06  6.00000000e-01  5.90045876e-01 
 1.03004760e-06  6.00000000e-01  5.90118026e-01 
 1.03114760e-06  6.00000000e-01  5.90189686e-01 
 1.03224760e-06  6.00000000e-01  5.90260859e-01 
 1.03334760e-06  6.00000000e-01  5.90331547e-01 
 1.03444760e-06  6.00000000e-01  5.90401755e-01 
 1.03554760e-06  6.00000000e-01  5.90471483e-01 
 1.03664760e-06  6.00000000e-01  5.90540736e-01 
 1.03774760e-06  6.00000000e-01  5.90609517e-01 
 1.03884760e-06  6.00000000e-01  5.90677828e-01 
 1.03994760e-06  6.00000000e-01  5.90745672e-01 
 1.04104760e-06  6.00000000e-01  5.90813052e-01 
 1.04214760e-06  6.00000000e-01  5.90879971e-01 
 1.04324760e-06  6.00000000e-01  5.90946431e-01 
 1.04434760e-06  6.00000000e-01  5.91012437e-01 
 1.04544760e-06  6.00000000e-01  5.91077990e-01 
 1.04654760e-06  6.00000000e-01  5.91143093e-01 
 1.04764760e-06  6.00000000e-01  5.91207749e-01 
 1.04874760e-06  6.00000000e-01  5.91271961e-01 
 1.04984760e-06  6.00000000e-01  5.91335732e-01 
 1.05094760e-06  6.00000000e-01  5.91399064e-01 
 1.05204760e-06  6.00000000e-01  5.91461961e-01 
 1.05314760e-06  6.00000000e-01  5.91524424e-01 
 1.05424760e-06  6.00000000e-01  5.91586457e-01 
 1.05534760e-06  6.00000000e-01  5.91648062e-01 
 1.05644760e-06  6.00000000e-01  5.91709243e-01 
 1.05754760e-06  6.00000000e-01  5.91770001e-01 
 1.05864760e-06  6.00000000e-01  5.91830339e-01 
 1.05974760e-06  6.00000000e-01  5.91890260e-01 
 1.06084760e-06  6.00000000e-01  5.91949768e-01 
 1.06194760e-06  6.00000000e-01  5.92008863e-01 
 1.06304760e-06  6.00000000e-01  5.92067550e-01 
 1.06414760e-06  6.00000000e-01  5.92125830e-01 
 1.06524760e-06  6.00000000e-01  5.92183706e-01 
 1.06634760e-06  6.00000000e-01  5.92241181e-01 
 1.06744760e-06  6.00000000e-01  5.92298257e-01 
 1.06854760e-06  6.00000000e-01  5.92354937e-01 
 1.06964760e-06  6.00000000e-01  5.92411223e-01 
 1.07074760e-06  6.00000000e-01  5.92467119e-01 
 1.07184760e-06  6.00000000e-01  5.92522626e-01 
 1.07294760e-06  6.00000000e-01  5.92577747e-01 
 1.07404760e-06  6.00000000e-01  5.92632484e-01 
 1.07514760e-06  6.00000000e-01  5.92686840e-01 
 1.07624760e-06  6.00000000e-01  5.92740818e-01 
 1.07734760e-06  6.00000000e-01  5.92794419e-01 
 1.07844760e-06  6.00000000e-01  5.92847647e-01 
 1.07954760e-06  6.00000000e-01  5.92900503e-01 
 1.08064760e-06  6.00000000e-01  5.92952991e-01 
 1.08174760e-06  6.00000000e-01  5.93005112e-01 
 1.08284760e-06  6.00000000e-01  5.93056869e-01 
 1.08394760e-06  6.00000000e-01  5.93108264e-01 
 1.08504760e-06  6.00000000e-01  5.93159300e-01 
 1.08614760e-06  6.00000000e-01  5.93209979e-01 
 1.08724760e-06  6.00000000e-01  5.93260303e-01 
 1.08834760e-06  6.00000000e-01  5.93310275e-01 
 1.08944760e-06  6.00000000e-01  5.93359897e-01 
 1.09054760e-06  6.00000000e-01  5.93409171e-01 
 1.09164760e-06  6.00000000e-01  5.93458100e-01 
 1.09274760e-06  6.00000000e-01  5.93506685e-01 
 1.09384760e-06  6.00000000e-01  5.93554930e-01 
 1.09494760e-06  6.00000000e-01  5.93602836e-01 
 1.09604760e-06  6.00000000e-01  5.93650405e-01 
 1.09714760e-06  6.00000000e-01  5.93697641e-01 
 1.09824760e-06  6.00000000e-01  5.93744544e-01 
 1.09934760e-06  6.00000000e-01  5.93791117e-01 
 1.10000000e-06  6.00000000e-01  5.93818585e-01 
