 v-sweep         Vout           
 7.20000000e-05  6.46015892e-01 
 7.20040000e-05  6.46879322e-01 
 7.20080000e-05  6.47449527e-01 
 7.20120000e-05  6.48019853e-01 
 7.20160000e-05  6.48590251e-01 
 7.20200000e-05  6.49160720e-01 
 7.20240000e-05  6.49731260e-01 
 7.20280000e-05  6.50301869e-01 
 7.20320000e-05  6.50872547e-01 
 7.20360000e-05  6.51443292e-01 
 7.20400000e-05  6.52014106e-01 
 7.20440000e-05  6.52584985e-01 
 7.20480000e-05  6.53155931e-01 
 7.20520000e-05  6.53726942e-01 
 7.20560000e-05  6.54298017e-01 
 7.20600000e-05  6.54869156e-01 
 7.20640000e-05  6.55440357e-01 
 7.20680000e-05  6.56011622e-01 
 7.20720000e-05  6.56582948e-01 
 7.20760000e-05  6.57154335e-01 
 7.20800000e-05  6.57725782e-01 
 7.20840000e-05  6.58297290e-01 
 7.20880000e-05  6.58868856e-01 
 7.20920000e-05  6.59440482e-01 
 7.20960000e-05  6.60012165e-01 
 7.21000000e-05  6.60583907e-01 
 7.21040000e-05  6.61155705e-01 
 7.21080000e-05  6.61727559e-01 
 7.21120000e-05  6.62299469e-01 
 7.21160000e-05  6.62871435e-01 
 7.21200000e-05  6.63443455e-01 
 7.21240000e-05  6.64015530e-01 
 7.21280000e-05  6.64587658e-01 
 7.21320000e-05  6.65159840e-01 
 7.21360000e-05  6.65732075e-01 
 7.21400000e-05  6.66304361e-01 
 7.21440000e-05  6.66876700e-01 
 7.21480000e-05  6.67449089e-01 
 7.21520000e-05  6.68021530e-01 
 7.21560000e-05  6.68594020e-01 
 7.21600000e-05  6.69166561e-01 
 7.21640000e-05  6.69739150e-01 
 7.21680000e-05  6.70311789e-01 
 7.21720000e-05  6.70884477e-01 
 7.21760000e-05  6.71457212e-01 
 7.21800000e-05  6.72029994e-01 
 7.21840000e-05  6.72602824e-01 
 7.21880000e-05  6.73175701e-01 
 7.21920000e-05  6.73748623e-01 
 7.21960000e-05  6.74321592e-01 
 7.22000000e-05  6.74894606e-01 
 7.22040000e-05  6.75467664e-01 
 7.22080000e-05  6.76040768e-01 
 7.22120000e-05  6.76613915e-01 
 7.22160000e-05  6.77187106e-01 
 7.22200000e-05  6.77760340e-01 
 7.22240000e-05  6.78333617e-01 
 7.22280000e-05  6.78906937e-01 
 7.22320000e-05  6.79480298e-01 
 7.22360000e-05  6.80053702e-01 
 7.22400000e-05  6.80627146e-01 
 7.22440000e-05  6.81200631e-01 
 7.22480000e-05  6.81774157e-01 
 7.22520000e-05  6.82347723e-01 
 7.22560000e-05  6.82921329e-01 
 7.22600000e-05  6.83494973e-01 
 7.22640000e-05  6.84068657e-01 
 7.22680000e-05  6.84642379e-01 
 7.22720000e-05  6.85216139e-01 
 7.22760000e-05  6.85789938e-01 
 7.22800000e-05  6.86363773e-01 
 7.22840000e-05  6.86937646e-01 
 7.22880000e-05  6.87511555e-01 
 7.22920000e-05  6.88085500e-01 
 7.22960000e-05  6.88659482e-01 
 7.23000000e-05  6.89233498e-01 
 7.23040000e-05  6.89807551e-01 
 7.23080000e-05  6.90381637e-01 
 7.23120000e-05  6.90955759e-01 
 7.23160000e-05  6.91529914e-01 
 7.23200000e-05  6.92104103e-01 
 7.23240000e-05  6.92678326e-01 
 7.23280000e-05  6.93252581e-01 
 7.23320000e-05  6.93826870e-01 
 7.23360000e-05  6.94401190e-01 
 7.23400000e-05  6.94975543e-01 
 7.23440000e-05  6.95549927e-01 
 7.23480000e-05  6.96124343e-01 
 7.23520000e-05  6.96698789e-01 
 7.23560000e-05  6.97273266e-01 
 7.23600000e-05  6.97847773e-01 
 7.23640000e-05  6.98422311e-01 
 7.23680000e-05  6.98996877e-01 
 7.23720000e-05  6.99571473e-01 
 7.23760000e-05  7.00146098e-01 
 7.23800000e-05  7.00720752e-01 
 7.23840000e-05  7.01295433e-01 
 7.23880000e-05  7.01870143e-01 
 7.23920000e-05  7.02444880e-01 
 7.23960000e-05  7.03019644e-01 
 7.24000000e-05  7.03594436e-01 
 7.24040000e-05  7.04169253e-01 
 7.24080000e-05  7.04744097e-01 
 7.24120000e-05  7.05318967e-01 
 7.24160000e-05  7.05893863e-01 
 7.24200000e-05  7.06468784e-01 
 7.24240000e-05  7.07043729e-01 
 7.24280000e-05  7.07618700e-01 
 7.24320000e-05  7.08193694e-01 
 7.24360000e-05  7.08768713e-01 
 7.24400000e-05  7.09343755e-01 
 7.24440000e-05  7.09918821e-01 
 7.24480000e-05  7.10493909e-01 
 7.24520000e-05  7.11069021e-01 
 7.24560000e-05  7.11644155e-01 
 7.24600000e-05  7.12219310e-01 
 7.24640000e-05  7.12794488e-01 
 7.24680000e-05  7.13369687e-01 
 7.24720000e-05  7.13944907e-01 
 7.24760000e-05  7.14520148e-01 
 7.24800000e-05  7.15095409e-01 
 7.24840000e-05  7.15670691e-01 
 7.24880000e-05  7.16245993e-01 
 7.24920000e-05  7.16821314e-01 
 7.24960000e-05  7.17396654e-01 
 7.25000000e-05  7.17972013e-01 
 7.25040000e-05  7.18547391e-01 
 7.25080000e-05  7.19122788e-01 
 7.25120000e-05  7.19698202e-01 
 7.25160000e-05  7.20273634e-01 
 7.25200000e-05  7.20849084e-01 
 7.25240000e-05  7.21424551e-01 
 7.25280000e-05  7.22000034e-01 
 7.25320000e-05  7.22575534e-01 
 7.25360000e-05  7.23151051e-01 
 7.25400000e-05  7.23726583e-01 
 7.25440000e-05  7.24302131e-01 
 7.25480000e-05  7.24877695e-01 
 7.25520000e-05  7.25453273e-01 
 7.25560000e-05  7.26028866e-01 
 7.25600000e-05  7.26604474e-01 
 7.25640000e-05  7.27180096e-01 
 7.25680000e-05  7.27755732e-01 
 7.25720000e-05  7.28331381e-01 
 7.25760000e-05  7.28907044e-01 
 7.25800000e-05  7.29482720e-01 
 7.25840000e-05  7.30058408e-01 
 7.25880000e-05  7.30634109e-01 
 7.25920000e-05  7.31209822e-01 
 7.25960000e-05  7.31785547e-01 
 7.26000000e-05  7.32361283e-01 
 7.26040000e-05  7.32937031e-01 
 7.26080000e-05  7.33512790e-01 
 7.26120000e-05  7.34088559e-01 
 7.26160000e-05  7.34664339e-01 
 7.26200000e-05  7.35240129e-01 
 7.26240000e-05  7.35815929e-01 
 7.26280000e-05  7.36391739e-01 
 7.26320000e-05  7.36967557e-01 
 7.26360000e-05  7.37543385e-01 
 7.26400000e-05  7.38119222e-01 
 7.26440000e-05  7.38695066e-01 
 7.26480000e-05  7.39270920e-01 
 7.26520000e-05  7.39846781e-01 
 7.26560000e-05  7.40422649e-01 
 7.26600000e-05  7.40998526e-01 
 7.26640000e-05  7.41574409e-01 
 7.26680000e-05  7.42150299e-01 
 7.26720000e-05  7.42726195e-01 
 7.26760000e-05  7.43302098e-01 
 7.26800000e-05  7.43878007e-01 
 7.26840000e-05  7.44453921e-01 
 7.26880000e-05  7.45029841e-01 
 7.26920000e-05  7.45605766e-01 
 7.26960000e-05  7.46181696e-01 
 7.27000000e-05  7.46757630e-01 
 7.27040000e-05  7.47333569e-01 
 7.27080000e-05  7.47909512e-01 
 7.27120000e-05  7.48485459e-01 
 7.27160000e-05  7.49061409e-01 
 7.27200000e-05  7.49637362e-01 
 7.27240000e-05  7.50213319e-01 
 7.27280000e-05  7.50789278e-01 
 7.27320000e-05  7.51365240e-01 
 7.27360000e-05  7.51941204e-01 
 7.27400000e-05  7.52517170e-01 
 7.27440000e-05  7.53093138e-01 
 7.27480000e-05  7.53669107e-01 
 7.27520000e-05  7.54245077e-01 
 7.27560000e-05  7.54821048e-01 
 7.27600000e-05  7.55397020e-01 
 7.27640000e-05  7.55972992e-01 
 7.27680000e-05  7.56548964e-01 
 7.27720000e-05  7.57124936e-01 
 7.27760000e-05  7.57700908e-01 
 7.27800000e-05  7.58276879e-01 
 7.27840000e-05  7.58852849e-01 
 7.27880000e-05  7.59428817e-01 
 7.27920000e-05  7.60004785e-01 
 7.27960000e-05  7.60580751e-01 
 7.28000000e-05  7.61156714e-01 
 7.28040000e-05  7.61732676e-01 
 7.28080000e-05  7.62308635e-01 
 7.28120000e-05  7.62884592e-01 
 7.28160000e-05  7.63460545e-01 
 7.28200000e-05  7.64036495e-01 
 7.28240000e-05  7.64612442e-01 
 7.28280000e-05  7.65188385e-01 
 7.28320000e-05  7.65764324e-01 
 7.28360000e-05  7.66340259e-01 
 7.28400000e-05  7.66916189e-01 
 7.28440000e-05  7.67492115e-01 
 7.28480000e-05  7.68068035e-01 
 7.28520000e-05  7.68643951e-01 
 7.28560000e-05  7.69219861e-01 
 7.28600000e-05  7.69795765e-01 
 7.28640000e-05  7.70371663e-01 
 7.28680000e-05  7.70947555e-01 
 7.28720000e-05  7.71523441e-01 
 7.28760000e-05  7.72099319e-01 
 7.28800000e-05  7.72675191e-01 
 7.28840000e-05  7.73251056e-01 
 7.28880000e-05  7.73826913e-01 
 7.28920000e-05  7.74402763e-01 
 7.28960000e-05  7.74978605e-01 
 7.29000000e-05  7.75554438e-01 
 7.29040000e-05  7.76130263e-01 
 7.29080000e-05  7.76706080e-01 
 7.29120000e-05  7.77281887e-01 
 7.29160000e-05  7.77857685e-01 
 7.29200000e-05  7.78433474e-01 
 7.29240000e-05  7.79009254e-01 
 7.29280000e-05  7.79585024e-01 
 7.29320000e-05  7.80160783e-01 
 7.29360000e-05  7.80736532e-01 
 7.29400000e-05  7.81312271e-01 
 7.29440000e-05  7.81887999e-01 
 7.29480000e-05  7.82463715e-01 
 7.29520000e-05  7.83039421e-01 
 7.29560000e-05  7.83615115e-01 
 7.29600000e-05  7.84190797e-01 
 7.29640000e-05  7.84766467e-01 
 7.29680000e-05  7.85342125e-01 
 7.29720000e-05  7.85917771e-01 
 7.29760000e-05  7.86493404e-01 
 7.29800000e-05  7.87069024e-01 
 7.29840000e-05  7.87644631e-01 
 7.29880000e-05  7.88220225e-01 
 7.29920000e-05  7.88795805e-01 
 7.29960000e-05  7.89371371e-01 
 7.30000000e-05  7.89946923e-01 
 7.30040000e-05  7.90522461e-01 
 7.30080000e-05  7.91097984e-01 
 7.30120000e-05  7.91673493e-01 
 7.30160000e-05  7.92248986e-01 
 7.30200000e-05  7.92824465e-01 
 7.30240000e-05  7.93399928e-01 
 7.30280000e-05  7.93975375e-01 
 7.30320000e-05  7.94550806e-01 
 7.30360000e-05  7.95126222e-01 
 7.30400000e-05  7.95701621e-01 
 7.30440000e-05  7.96277003e-01 
 7.30480000e-05  7.96852369e-01 
 7.30520000e-05  7.97427718e-01 
 7.30560000e-05  7.98003049e-01 
 7.30600000e-05  7.98578363e-01 
 7.30640000e-05  7.99153659e-01 
 7.30680000e-05  7.99728938e-01 
 7.30720000e-05  8.00304198e-01 
 7.30760000e-05  8.00879440e-01 
 7.30800000e-05  8.01454664e-01 
 7.30840000e-05  8.02029869e-01 
 7.30880000e-05  8.02605055e-01 
 7.30920000e-05  8.03180221e-01 
 7.30960000e-05  8.03755368e-01 
 7.31000000e-05  8.04330496e-01 
 7.31040000e-05  8.04905603e-01 
 7.31080000e-05  8.05480691e-01 
 7.31120000e-05  8.06055758e-01 
 7.31160000e-05  8.06630805e-01 
 7.31200000e-05  8.07205831e-01 
 7.31240000e-05  8.07780836e-01 
 7.31280000e-05  8.08355820e-01 
 7.31320000e-05  8.08930783e-01 
 7.31360000e-05  8.09505724e-01 
 7.31400000e-05  8.10080643e-01 
 7.31440000e-05  8.10655540e-01 
 7.31480000e-05  8.11230415e-01 
 7.31520000e-05  8.11805268e-01 
 7.31560000e-05  8.12380098e-01 
 7.31600000e-05  8.12954905e-01 
 7.31640000e-05  8.13529689e-01 
 7.31680000e-05  8.14104450e-01 
 7.31720000e-05  8.14679187e-01 
 7.31760000e-05  8.15253901e-01 
 7.31800000e-05  8.15828590e-01 
 7.31840000e-05  8.16403256e-01 
 7.31880000e-05  8.16977897e-01 
 7.31920000e-05  8.17552514e-01 
 7.31960000e-05  8.18127106e-01 
 7.32000000e-05  8.18701673e-01 
 7.32040000e-05  8.19276215e-01 
 7.32080000e-05  8.19850732e-01 
 7.32120000e-05  8.20425223e-01 
 7.32160000e-05  8.20999688e-01 
 7.32200000e-05  8.21574128e-01 
 7.32240000e-05  8.22148541e-01 
 7.32280000e-05  8.22722928e-01 
 7.32320000e-05  8.23297288e-01 
 7.32360000e-05  8.23871622e-01 
 7.32400000e-05  8.24445928e-01 
 7.32440000e-05  8.25020207e-01 
 7.32480000e-05  8.25594459e-01 
 7.32520000e-05  8.26168684e-01 
 7.32560000e-05  8.26742880e-01 
 7.32600000e-05  8.27317049e-01 
 7.32640000e-05  8.27891190e-01 
 7.32680000e-05  8.28465302e-01 
 7.32720000e-05  8.29039385e-01 
 7.32760000e-05  8.29613440e-01 
 7.32800000e-05  8.30187466e-01 
 7.32840000e-05  8.30761462e-01 
 7.32880000e-05  8.31335430e-01 
 7.32920000e-05  8.31909367e-01 
 7.32960000e-05  8.32483275e-01 
 7.33000000e-05  8.33057153e-01 
 7.33040000e-05  8.33631001e-01 
 7.33080000e-05  8.34204818e-01 
 7.33120000e-05  8.34778605e-01 
 7.33160000e-05  8.35352362e-01 
 7.33200000e-05  8.35926087e-01 
 7.33240000e-05  8.36499781e-01 
 7.33280000e-05  8.37073444e-01 
 7.33320000e-05  8.37647075e-01 
 7.33360000e-05  8.38220675e-01 
 7.33400000e-05  8.38794243e-01 
 7.33440000e-05  8.39367778e-01 
 7.33480000e-05  8.39941282e-01 
 7.33520000e-05  8.40514753e-01 
 7.33560000e-05  8.41088191e-01 
 7.33600000e-05  8.41661596e-01 
 7.33640000e-05  8.42234969e-01 
 7.33680000e-05  8.42808308e-01 
 7.33720000e-05  8.43381614e-01 
 7.33760000e-05  8.43954886e-01 
 7.33800000e-05  8.44528124e-01 
 7.33840000e-05  8.45101329e-01 
 7.33880000e-05  8.45674499e-01 
 7.33920000e-05  8.46247635e-01 
 7.33960000e-05  8.46820736e-01 
 7.34000000e-05  8.47393803e-01 
 7.34040000e-05  8.47966835e-01 
 7.34080000e-05  8.48539831e-01 
 7.34120000e-05  8.49112792e-01 
 7.34160000e-05  8.49685718e-01 
 7.34200000e-05  8.50258609e-01 
 7.34240000e-05  8.50831463e-01 
 7.34280000e-05  8.51404282e-01 
 7.34320000e-05  8.51977064e-01 
 7.34360000e-05  8.52549810e-01 
 7.34400000e-05  8.53122519e-01 
 7.34440000e-05  8.53695192e-01 
 7.34480000e-05  8.54267827e-01 
 7.34520000e-05  8.54840426e-01 
 7.34560000e-05  8.55412987e-01 
 7.34600000e-05  8.55985511e-01 
 7.34640000e-05  8.56557998e-01 
 7.34680000e-05  8.57130446e-01 
 7.34720000e-05  8.57702856e-01 
 7.34760000e-05  8.58275229e-01 
 7.34800000e-05  8.58847562e-01 
 7.34840000e-05  8.59419858e-01 
 7.34880000e-05  8.59992114e-01 
 7.34920000e-05  8.60564332e-01 
 7.34960000e-05  8.61136511e-01 
 7.35000000e-05  8.61708650e-01 
 7.35040000e-05  8.62280750e-01 
 7.35080000e-05  8.62852811e-01 
 7.35120000e-05  8.63424832e-01 
 7.35160000e-05  8.63996812e-01 
 7.35200000e-05  8.64568753e-01 
 7.35240000e-05  8.65140653e-01 
 7.35280000e-05  8.65712513e-01 
 7.35320000e-05  8.66284333e-01 
 7.35360000e-05  8.66856111e-01 
 7.35400000e-05  8.67427848e-01 
 7.35440000e-05  8.67999545e-01 
 7.35480000e-05  8.68571200e-01 
 7.35520000e-05  8.69142813e-01 
 7.35560000e-05  8.69714385e-01 
 7.35600000e-05  8.70285915e-01 
 7.35640000e-05  8.70857403e-01 
 7.35680000e-05  8.71428849e-01 
 7.35720000e-05  8.72000253e-01 
 7.35760000e-05  8.72571613e-01 
 7.35800000e-05  8.73142932e-01 
 7.35840000e-05  8.73714207e-01 
 7.35880000e-05  8.74285440e-01 
 7.35920000e-05  8.74856629e-01 
 7.35960000e-05  8.75427775e-01 
 7.36000000e-05  8.75998877e-01 
 7.36040000e-05  8.76569936e-01 
 7.36080000e-05  8.77140951e-01 
 7.36120000e-05  8.77711921e-01 
 7.36160000e-05  8.78282848e-01 
 7.36200000e-05  8.78853730e-01 
 7.36240000e-05  8.79424568e-01 
 7.36280000e-05  8.79995361e-01 
 7.36320000e-05  8.80566109e-01 
 7.36360000e-05  8.81136812e-01 
 7.36400000e-05  8.81707470e-01 
 7.36440000e-05  8.82278083e-01 
 7.36480000e-05  8.82848650e-01 
 7.36520000e-05  8.83419172e-01 
 7.36560000e-05  8.83989647e-01 
 7.36600000e-05  8.84560077e-01 
 7.36640000e-05  8.85130461e-01 
 7.36680000e-05  8.85700798e-01 
 7.36720000e-05  8.86271089e-01 
 7.36760000e-05  8.86841333e-01 
 7.36800000e-05  8.87411530e-01 
 7.36840000e-05  8.87981681e-01 
 7.36880000e-05  8.88551784e-01 
 7.36920000e-05  8.89121840e-01 
 7.36960000e-05  8.89691848e-01 
 7.37000000e-05  8.90261809e-01 
 7.37040000e-05  8.90831723e-01 
 7.37080000e-05  8.91401588e-01 
 7.37120000e-05  8.91971405e-01 
 7.37160000e-05  8.92541174e-01 
 7.37200000e-05  8.93110895e-01 
 7.37240000e-05  8.93680567e-01 
 7.37280000e-05  8.94250191e-01 
 7.37320000e-05  8.94819765e-01 
 7.37360000e-05  8.95389291e-01 
 7.37400000e-05  8.95958767e-01 
 7.37440000e-05  8.96528195e-01 
 7.37480000e-05  8.97097572e-01 
 7.37520000e-05  8.97666900e-01 
 7.37560000e-05  8.98236179e-01 
 7.37600000e-05  8.98805407e-01 
 7.37640000e-05  8.99374585e-01 
 7.37680000e-05  8.99943713e-01 
 7.37720000e-05  9.00512791e-01 
 7.37760000e-05  9.01081818e-01 
 7.37800000e-05  9.01650795e-01 
 7.37840000e-05  9.02219720e-01 
 7.37880000e-05  9.02788595e-01 
 7.37920000e-05  9.03357419e-01 
 7.37960000e-05  9.03926191e-01 
 7.38000000e-05  9.04494911e-01 
 7.38040000e-05  9.05063581e-01 
 7.38080000e-05  9.05632198e-01 
 7.38120000e-05  9.06200764e-01 
 7.38160000e-05  9.06769277e-01 
 7.38200000e-05  9.07337739e-01 
 7.38240000e-05  9.07906148e-01 
 7.38280000e-05  9.08474504e-01 
 7.38320000e-05  9.09042808e-01 
 7.38360000e-05  9.09611059e-01 
 7.38400000e-05  9.10179257e-01 
 7.38440000e-05  9.10747402e-01 
 7.38480000e-05  9.11315494e-01 
 7.38520000e-05  9.11883533e-01 
 7.38560000e-05  9.12451518e-01 
 7.38600000e-05  9.13019449e-01 
 7.38640000e-05  9.13587327e-01 
 7.38680000e-05  9.14155150e-01 
 7.38720000e-05  9.14722920e-01 
 7.38760000e-05  9.15290635e-01 
 7.38800000e-05  9.15858296e-01 
 7.38840000e-05  9.16425902e-01 
 7.38880000e-05  9.16993454e-01 
 7.38920000e-05  9.17560951e-01 
 7.38960000e-05  9.18128393e-01 
 7.39000000e-05  9.18695780e-01 
 7.39040000e-05  9.19263111e-01 
 7.39080000e-05  9.19830387e-01 
 7.39120000e-05  9.20397608e-01 
 7.39160000e-05  9.20964773e-01 
 7.39200000e-05  9.21531882e-01 
 7.39240000e-05  9.22098936e-01 
 7.39280000e-05  9.22665933e-01 
 7.39320000e-05  9.23232874e-01 
 7.39360000e-05  9.23799758e-01 
 7.39400000e-05  9.24366587e-01 
 7.39440000e-05  9.24933358e-01 
 7.39480000e-05  9.25500073e-01 
 7.39520000e-05  9.26066731e-01 
 7.39560000e-05  9.26633331e-01 
 7.39600000e-05  9.27199875e-01 
 7.39640000e-05  9.27766361e-01 
 7.39680000e-05  9.28332790e-01 
 7.39720000e-05  9.28899161e-01 
 7.39760000e-05  9.29465474e-01 
 7.39800000e-05  9.30031730e-01 
 7.39840000e-05  9.30597928e-01 
 7.39880000e-05  9.31164067e-01 
 7.39920000e-05  9.31730148e-01 
 7.39960000e-05  9.32296171e-01 
 7.40000000e-05  9.32862135e-01 
 7.40040000e-05  9.33428040e-01 
 7.40080000e-05  9.33993887e-01 
 7.40120000e-05  9.34559674e-01 
 7.40160000e-05  9.35125403e-01 
 7.40200000e-05  9.35691072e-01 
 7.40240000e-05  9.36256682e-01 
 7.40280000e-05  9.36822233e-01 
 7.40320000e-05  9.37387723e-01 
 7.40360000e-05  9.37953155e-01 
 7.40400000e-05  9.38518526e-01 
 7.40440000e-05  9.39083837e-01 
 7.40480000e-05  9.39649088e-01 
 7.40520000e-05  9.40214279e-01 
 7.40560000e-05  9.40779409e-01 
 7.40600000e-05  9.41344479e-01 
 7.40640000e-05  9.41909488e-01 
 7.40680000e-05  9.42474436e-01 
 7.40720000e-05  9.43039324e-01 
 7.40760000e-05  9.43604150e-01 
 7.40800000e-05  9.44168915e-01 
 7.40840000e-05  9.44733619e-01 
 7.40880000e-05  9.45298261e-01 
 7.40920000e-05  9.45862842e-01 
 7.40960000e-05  9.46427361e-01 
 7.41000000e-05  9.46991819e-01 
 7.41040000e-05  9.47556214e-01 
 7.41080000e-05  9.48120547e-01 
 7.41120000e-05  9.48684818e-01 
 7.41160000e-05  9.49249027e-01 
 7.41200000e-05  9.49813173e-01 
 7.41240000e-05  9.50377256e-01 
 7.41280000e-05  9.50941277e-01 
 7.41320000e-05  9.51505235e-01 
 7.41360000e-05  9.52069130e-01 
 7.41400000e-05  9.52632962e-01 
 7.41440000e-05  9.53196731e-01 
 7.41480000e-05  9.53760437e-01 
 7.41520000e-05  9.54324079e-01 
 7.41560000e-05  9.54887657e-01 
 7.41600000e-05  9.55451172e-01 
 7.41640000e-05  9.56014622e-01 
 7.41680000e-05  9.56578009e-01 
 7.41720000e-05  9.57141332e-01 
 7.41760000e-05  9.57704591e-01 
 7.41800000e-05  9.58267785e-01 
 7.41840000e-05  9.58830915e-01 
 7.41880000e-05  9.59393980e-01 
 7.41920000e-05  9.59956980e-01 
 7.41960000e-05  9.60519916e-01 
 7.42000000e-05  9.61082787e-01 
 7.42040000e-05  9.61645593e-01 
 7.42080000e-05  9.62208333e-01 
 7.42120000e-05  9.62771009e-01 
 7.42160000e-05  9.63333618e-01 
 7.42200000e-05  9.63896163e-01 
 7.42240000e-05  9.64458641e-01 
 7.42280000e-05  9.65021054e-01 
 7.42320000e-05  9.65583401e-01 
 7.42360000e-05  9.66145682e-01 
 7.42400000e-05  9.66707897e-01 
 7.42440000e-05  9.67270046e-01 
 7.42480000e-05  9.67832128e-01 
 7.42520000e-05  9.68394144e-01 
 7.42560000e-05  9.68956093e-01 
 7.42600000e-05  9.69517976e-01 
 7.42640000e-05  9.70079791e-01 
 7.42680000e-05  9.70641540e-01 
 7.42720000e-05  9.71203222e-01 
 7.42760000e-05  9.71764836e-01 
 7.42800000e-05  9.72326383e-01 
 7.42840000e-05  9.72887863e-01 
 7.42880000e-05  9.73449275e-01 
 7.42920000e-05  9.74010620e-01 
 7.42960000e-05  9.74571897e-01 
 7.43000000e-05  9.75133106e-01 
 7.43040000e-05  9.75694247e-01 
 7.43080000e-05  9.76255320e-01 
 7.43120000e-05  9.76816325e-01 
 7.43160000e-05  9.77377261e-01 
 7.43200000e-05  9.77938129e-01 
 7.43240000e-05  9.78498928e-01 
 7.43280000e-05  9.79059659e-01 
 7.43320000e-05  9.79620321e-01 
 7.43360000e-05  9.80180914e-01 
 7.43400000e-05  9.80741438e-01 
 7.43440000e-05  9.81301893e-01 
 7.43480000e-05  9.81862279e-01 
 7.43520000e-05  9.82422596e-01 
 7.43560000e-05  9.82982843e-01 
 7.43600000e-05  9.83543020e-01 
 7.43640000e-05  9.84103128e-01 
 7.43680000e-05  9.84663166e-01 
 7.43720000e-05  9.85223134e-01 
 7.43760000e-05  9.85783032e-01 
 7.43800000e-05  9.86342861e-01 
 7.43840000e-05  9.86902618e-01 
 7.43880000e-05  9.87462306e-01 
 7.43920000e-05  9.88021923e-01 
 7.43960000e-05  9.88581470e-01 
 7.44000000e-05  9.89140946e-01 
 7.44040000e-05  9.89700351e-01 
 7.44080000e-05  9.90259685e-01 
 7.44120000e-05  9.90818949e-01 
 7.44160000e-05  9.91378141e-01 
 7.44200000e-05  9.91937262e-01 
 7.44240000e-05  9.92496312e-01 
 7.44280000e-05  9.93055291e-01 
 7.44320000e-05  9.93614198e-01 
 7.44360000e-05  9.94173033e-01 
 7.44400000e-05  9.94731797e-01 
 7.44440000e-05  9.95290489e-01 
 7.44480000e-05  9.95849109e-01 
 7.44520000e-05  9.96407657e-01 
 7.44560000e-05  9.96966133e-01 
 7.44600000e-05  9.97524537e-01 
 7.44640000e-05  9.98082868e-01 
 7.44680000e-05  9.98641127e-01 
 7.44720000e-05  9.99199313e-01 
 7.44760000e-05  9.99757427e-01 
 7.44800000e-05  1.00031547e+00 
 7.44840000e-05  1.00087344e+00 
 7.44880000e-05  1.00143133e+00 
 7.44920000e-05  1.00198915e+00 
 7.44960000e-05  1.00254690e+00 
 7.45000000e-05  1.00310458e+00 
 7.45040000e-05  1.00366218e+00 
 7.45080000e-05  1.00421971e+00 
 7.45120000e-05  1.00477716e+00 
 7.45160000e-05  1.00533455e+00 
 7.45200000e-05  1.00589185e+00 
 7.45240000e-05  1.00644909e+00 
 7.45280000e-05  1.00700625e+00 
 7.45320000e-05  1.00756333e+00 
 7.45360000e-05  1.00812035e+00 
 7.45400000e-05  1.00867728e+00 
 7.45440000e-05  1.00923415e+00 
 7.45480000e-05  1.00979093e+00 
 7.45520000e-05  1.01034765e+00 
 7.45560000e-05  1.01090429e+00 
 7.45600000e-05  1.01146085e+00 
 7.45640000e-05  1.01201734e+00 
 7.45680000e-05  1.01257376e+00 
 7.45720000e-05  1.01313010e+00 
 7.45760000e-05  1.01368636e+00 
 7.45800000e-05  1.01424255e+00 
 7.45840000e-05  1.01479867e+00 
 7.45880000e-05  1.01535470e+00 
 7.45920000e-05  1.01591067e+00 
 7.45960000e-05  1.01646656e+00 
 7.46000000e-05  1.01702237e+00 
 7.46040000e-05  1.01757810e+00 
 7.46080000e-05  1.01813376e+00 
 7.46120000e-05  1.01868935e+00 
 7.46160000e-05  1.01924485e+00 
 7.46200000e-05  1.01980029e+00 
 7.46240000e-05  1.02035564e+00 
 7.46280000e-05  1.02091092e+00 
 7.46320000e-05  1.02146612e+00 
 7.46360000e-05  1.02202125e+00 
 7.46400000e-05  1.02257630e+00 
 7.46440000e-05  1.02313127e+00 
 7.46480000e-05  1.02368616e+00 
 7.46520000e-05  1.02424098e+00 
 7.46560000e-05  1.02479572e+00 
 7.46600000e-05  1.02535039e+00 
 7.46640000e-05  1.02590497e+00 
 7.46680000e-05  1.02645948e+00 
 7.46720000e-05  1.02701392e+00 
 7.46760000e-05  1.02756827e+00 
 7.46800000e-05  1.02812255e+00 
 7.46840000e-05  1.02867675e+00 
 7.46880000e-05  1.02923087e+00 
 7.46920000e-05  1.02978491e+00 
 7.46960000e-05  1.03033888e+00 
 7.47000000e-05  1.03089276e+00 
 7.47040000e-05  1.03144657e+00 
 7.47080000e-05  1.03200030e+00 
 7.47120000e-05  1.03255396e+00 
 7.47160000e-05  1.03310753e+00 
 7.47200000e-05  1.03366102e+00 
 7.47240000e-05  1.03421444e+00 
 7.47280000e-05  1.03476778e+00 
 7.47320000e-05  1.03532104e+00 
 7.47360000e-05  1.03587422e+00 
 7.47400000e-05  1.03642732e+00 
 7.47440000e-05  1.03698034e+00 
 7.47480000e-05  1.03753328e+00 
 7.47520000e-05  1.03808615e+00 
 7.47560000e-05  1.03863893e+00 
 7.47600000e-05  1.03919163e+00 
 7.47640000e-05  1.03974426e+00 
 7.47680000e-05  1.04029680e+00 
 7.47720000e-05  1.04084927e+00 
 7.47760000e-05  1.04140166e+00 
 7.47800000e-05  1.04195396e+00 
 7.47840000e-05  1.04250619e+00 
 7.47880000e-05  1.04305833e+00 
 7.47920000e-05  1.04361040e+00 
 7.47960000e-05  1.04416238e+00 
 7.48000000e-05  1.04471429e+00 
 7.48040000e-05  1.04526611e+00 
 7.48080000e-05  1.04581785e+00 
 7.48120000e-05  1.04636952e+00 
 7.48160000e-05  1.04692110e+00 
 7.48200000e-05  1.04747260e+00 
 7.48240000e-05  1.04802402e+00 
 7.48280000e-05  1.04857536e+00 
 7.48320000e-05  1.04912662e+00 
 7.48360000e-05  1.04967779e+00 
 7.48400000e-05  1.05022889e+00 
 7.48440000e-05  1.05077990e+00 
 7.48480000e-05  1.05133083e+00 
 7.48520000e-05  1.05188168e+00 
 7.48560000e-05  1.05243245e+00 
 7.48600000e-05  1.05298314e+00 
 7.48640000e-05  1.05353374e+00 
 7.48680000e-05  1.05408427e+00 
 7.48720000e-05  1.05463471e+00 
 7.48760000e-05  1.05518507e+00 
 7.48800000e-05  1.05573534e+00 
 7.48840000e-05  1.05628554e+00 
 7.48880000e-05  1.05683565e+00 
 7.48920000e-05  1.05738568e+00 
 7.48960000e-05  1.05793562e+00 
 7.49000000e-05  1.05848548e+00 
 7.49040000e-05  1.05903526e+00 
 7.49080000e-05  1.05958496e+00 
 7.49120000e-05  1.06013458e+00 
 7.49160000e-05  1.06068411e+00 
 7.49200000e-05  1.06123355e+00 
 7.49240000e-05  1.06178292e+00 
 7.49280000e-05  1.06233220e+00 
 7.49320000e-05  1.06288139e+00 
 7.49360000e-05  1.06343051e+00 
 7.49400000e-05  1.06397954e+00 
 7.49440000e-05  1.06452848e+00 
 7.49480000e-05  1.06507734e+00 
 7.49520000e-05  1.06562612e+00 
 7.49560000e-05  1.06617481e+00 
 7.49600000e-05  1.06672342e+00 
 7.49640000e-05  1.06727194e+00 
 7.49680000e-05  1.06782038e+00 
 7.49720000e-05  1.06836873e+00 
 7.49760000e-05  1.06891700e+00 
 7.49800000e-05  1.06946519e+00 
 7.49840000e-05  1.07001328e+00 
 7.49880000e-05  1.07056130e+00 
 7.49920000e-05  1.07110922e+00 
 7.49960000e-05  1.07165706e+00 
 7.50000000e-05  1.07220482e+00 
 7.50040000e-05  1.07275249e+00 
 7.50080000e-05  1.07330007e+00 
 7.50120000e-05  1.07384757e+00 
 7.50160000e-05  1.07439498e+00 
 7.50200000e-05  1.07494231e+00 
 7.50240000e-05  1.07548954e+00 
 7.50280000e-05  1.07603670e+00 
 7.50320000e-05  1.07658376e+00 
 7.50360000e-05  1.07713074e+00 
 7.50400000e-05  1.07767763e+00 
 7.50440000e-05  1.07822443e+00 
 7.50480000e-05  1.07877114e+00 
 7.50520000e-05  1.07931777e+00 
 7.50560000e-05  1.07986431e+00 
 7.50600000e-05  1.08041076e+00 
 7.50640000e-05  1.08095712e+00 
 7.50680000e-05  1.08150339e+00 
 7.50720000e-05  1.08204957e+00 
 7.50760000e-05  1.08259567e+00 
 7.50800000e-05  1.08314167e+00 
 7.50840000e-05  1.08368759e+00 
 7.50880000e-05  1.08423342e+00 
 7.50920000e-05  1.08477915e+00 
 7.50960000e-05  1.08532480e+00 
 7.51000000e-05  1.08587035e+00 
 7.51040000e-05  1.08641582e+00 
 7.51080000e-05  1.08696119e+00 
 7.51120000e-05  1.08750648e+00 
 7.51160000e-05  1.08805167e+00 
 7.51200000e-05  1.08859677e+00 
 7.51240000e-05  1.08914178e+00 
 7.51280000e-05  1.08968670e+00 
 7.51320000e-05  1.09023152e+00 
 7.51360000e-05  1.09077625e+00 
 7.51400000e-05  1.09132089e+00 
 7.51440000e-05  1.09186544e+00 
 7.51480000e-05  1.09240989e+00 
 7.51520000e-05  1.09295425e+00 
 7.51560000e-05  1.09349852e+00 
 7.51600000e-05  1.09404269e+00 
 7.51640000e-05  1.09458677e+00 
 7.51680000e-05  1.09513075e+00 
 7.51720000e-05  1.09567464e+00 
 7.51760000e-05  1.09621844e+00 
 7.51800000e-05  1.09676214e+00 
 7.51840000e-05  1.09730574e+00 
 7.51880000e-05  1.09784925e+00 
 7.51920000e-05  1.09839266e+00 
 7.51960000e-05  1.09893598e+00 
 7.52000000e-05  1.09947920e+00 
 7.52040000e-05  1.10002232e+00 
 7.52080000e-05  1.10056535e+00 
 7.52120000e-05  1.10110827e+00 
 7.52160000e-05  1.10165111e+00 
 7.52200000e-05  1.10219384e+00 
 7.52240000e-05  1.10273648e+00 
 7.52280000e-05  1.10327901e+00 
 7.52320000e-05  1.10382145e+00 
 7.52360000e-05  1.10436380e+00 
 7.52400000e-05  1.10490604e+00 
 7.52440000e-05  1.10544818e+00 
 7.52480000e-05  1.10599023e+00 
 7.52520000e-05  1.10653217e+00 
 7.52560000e-05  1.10707401e+00 
 7.52600000e-05  1.10761576e+00 
 7.52640000e-05  1.10815740e+00 
 7.52680000e-05  1.10869895e+00 
 7.52720000e-05  1.10924039e+00 
 7.52760000e-05  1.10978173e+00 
 7.52800000e-05  1.11032297e+00 
 7.52840000e-05  1.11086411e+00 
 7.52880000e-05  1.11140514e+00 
 7.52920000e-05  1.11194608e+00 
 7.52960000e-05  1.11248691e+00 
 7.53000000e-05  1.11302764e+00 
 7.53040000e-05  1.11356826e+00 
 7.53080000e-05  1.11410878e+00 
 7.53120000e-05  1.11464920e+00 
 7.53160000e-05  1.11518952e+00 
 7.53200000e-05  1.11572973e+00 
 7.53240000e-05  1.11626983e+00 
 7.53280000e-05  1.11680983e+00 
 7.53320000e-05  1.11734973e+00 
 7.53360000e-05  1.11788951e+00 
 7.53400000e-05  1.11842920e+00 
 7.53440000e-05  1.11896877e+00 
 7.53480000e-05  1.11950824e+00 
 7.53520000e-05  1.12004760e+00 
 7.53560000e-05  1.12058686e+00 
 7.53600000e-05  1.12112601e+00 
 7.53640000e-05  1.12166505e+00 
 7.53680000e-05  1.12220398e+00 
 7.53720000e-05  1.12274280e+00 
 7.53760000e-05  1.12328151e+00 
 7.53800000e-05  1.12382011e+00 
 7.53840000e-05  1.12435860e+00 
 7.53880000e-05  1.12489698e+00 
 7.53920000e-05  1.12543525e+00 
 7.53960000e-05  1.12597341e+00 
 7.54000000e-05  1.12651145e+00 
 7.54040000e-05  1.12704938e+00 
 7.54080000e-05  1.12758720e+00 
 7.54120000e-05  1.12812491e+00 
 7.54160000e-05  1.12866250e+00 
 7.54200000e-05  1.12919998e+00 
 7.54240000e-05  1.12973734e+00 
 7.54280000e-05  1.13027459e+00 
 7.54320000e-05  1.13081172e+00 
 7.54360000e-05  1.13134873e+00 
 7.54400000e-05  1.13188563e+00 
 7.54440000e-05  1.13242240e+00 
 7.54480000e-05  1.13295906e+00 
 7.54520000e-05  1.13349561e+00 
 7.54560000e-05  1.13403203e+00 
 7.54600000e-05  1.13456833e+00 
 7.54640000e-05  1.13510451e+00 
 7.54680000e-05  1.13564057e+00 
 7.54720000e-05  1.13617651e+00 
 7.54760000e-05  1.13671232e+00 
 7.54800000e-05  1.13724801e+00 
 7.54840000e-05  1.13778358e+00 
 7.54880000e-05  1.13831902e+00 
 7.54920000e-05  1.13885434e+00 
 7.54960000e-05  1.13938953e+00 
 7.55000000e-05  1.13992459e+00 
 7.55040000e-05  1.14045952e+00 
 7.55080000e-05  1.14099433e+00 
 7.55120000e-05  1.14152901e+00 
 7.55160000e-05  1.14206356e+00 
 7.55200000e-05  1.14259798e+00 
 7.55240000e-05  1.14313226e+00 
 7.55280000e-05  1.14366641e+00 
 7.55320000e-05  1.14420043e+00 
 7.55360000e-05  1.14473432e+00 
 7.55400000e-05  1.14526807e+00 
 7.55440000e-05  1.14580168e+00 
 7.55480000e-05  1.14633516e+00 
 7.55520000e-05  1.14686850e+00 
 7.55560000e-05  1.14740170e+00 
 7.55600000e-05  1.14793476e+00 
 7.55640000e-05  1.14846768e+00 
 7.55680000e-05  1.14900046e+00 
 7.55720000e-05  1.14953310e+00 
 7.55760000e-05  1.15006559e+00 
 7.55800000e-05  1.15059794e+00 
 7.55840000e-05  1.15113014e+00 
 7.55880000e-05  1.15166220e+00 
 7.55920000e-05  1.15219410e+00 
 7.55960000e-05  1.15272586e+00 
 7.56000000e-05  1.15325747e+00 
 7.56040000e-05  1.15378892e+00 
 7.56080000e-05  1.15432022e+00 
 7.56120000e-05  1.15485137e+00 
 7.56160000e-05  1.15538237e+00 
 7.56200000e-05  1.15591320e+00 
 7.56240000e-05  1.15644388e+00 
 7.56280000e-05  1.15697440e+00 
 7.56320000e-05  1.15750476e+00 
 7.56360000e-05  1.15803496e+00 
 7.56400000e-05  1.15856499e+00 
 7.56440000e-05  1.15909486e+00 
 7.56480000e-05  1.15962456e+00 
 7.56520000e-05  1.16015410e+00 
 7.56560000e-05  1.16068346e+00 
 7.56600000e-05  1.16121266e+00 
 7.56640000e-05  1.16174168e+00 
 7.56680000e-05  1.16227053e+00 
 7.56720000e-05  1.16279920e+00 
 7.56760000e-05  1.16332770e+00 
 7.56800000e-05  1.16385602e+00 
 7.56840000e-05  1.16438416e+00 
 7.56880000e-05  1.16491211e+00 
 7.56920000e-05  1.16543988e+00 
 7.56960000e-05  1.16596747e+00 
 7.57000000e-05  1.16649487e+00 
 7.57040000e-05  1.16702208e+00 
 7.57080000e-05  1.16754909e+00 
 7.57120000e-05  1.16807592e+00 
 7.57160000e-05  1.16860255e+00 
 7.57200000e-05  1.16912898e+00 
 7.57240000e-05  1.16965521e+00 
 7.57280000e-05  1.17018124e+00 
 7.57320000e-05  1.17070707e+00 
 7.57360000e-05  1.17123269e+00 
 7.57400000e-05  1.17175811e+00 
 7.57440000e-05  1.17228331e+00 
 7.57480000e-05  1.17280830e+00 
 7.57520000e-05  1.17333308e+00 
 7.57560000e-05  1.17385764e+00 
 7.57600000e-05  1.17438198e+00 
 7.57640000e-05  1.17490610e+00 
 7.57680000e-05  1.17543000e+00 
 7.57720000e-05  1.17595367e+00 
 7.57760000e-05  1.17647711e+00 
 7.57800000e-05  1.17700031e+00 
 7.57840000e-05  1.17752329e+00 
 7.57880000e-05  1.17804602e+00 
 7.57920000e-05  1.17856852e+00 
 7.57960000e-05  1.17909077e+00 
 7.58000000e-05  1.17961278e+00 
 7.58040000e-05  1.18013454e+00 
 7.58080000e-05  1.18065605e+00 
 7.58120000e-05  1.18117730e+00 
 7.58160000e-05  1.18169830e+00 
 7.58200000e-05  1.18221903e+00 
 7.58240000e-05  1.18273950e+00 
 7.58280000e-05  1.18325971e+00 
 7.58320000e-05  1.18377964e+00 
 7.58360000e-05  1.18429931e+00 
 7.58400000e-05  1.18481869e+00 
 7.58440000e-05  1.18533780e+00 
 7.58480000e-05  1.18585662e+00 
 7.58520000e-05  1.18637515e+00 
 7.58560000e-05  1.18689339e+00 
 7.58600000e-05  1.18741134e+00 
 7.58640000e-05  1.18792899e+00 
 7.58680000e-05  1.18844634e+00 
 7.58720000e-05  1.18896339e+00 
 7.58760000e-05  1.18948012e+00 
 7.58800000e-05  1.18999654e+00 
 7.58840000e-05  1.19051264e+00 
 7.58880000e-05  1.19102843e+00 
 7.58920000e-05  1.19154388e+00 
 7.58960000e-05  1.19205901e+00 
 7.59000000e-05  1.19257380e+00 
 7.59040000e-05  1.19308825e+00 
 7.59080000e-05  1.19360236e+00 
 7.59120000e-05  1.19411612e+00 
 7.59160000e-05  1.19462954e+00 
 7.59200000e-05  1.19514259e+00 
 7.59240000e-05  1.19565528e+00 
 7.59280000e-05  1.19616761e+00 
 7.59320000e-05  1.19667957e+00 
 7.59360000e-05  1.19719115e+00 
 7.59400000e-05  1.19770235e+00 
 7.59440000e-05  1.19821316e+00 
 7.59480000e-05  1.19872358e+00 
 7.59520000e-05  1.19923361e+00 
 7.59560000e-05  1.19974323e+00 
 7.59600000e-05  1.20025245e+00 
 7.59640000e-05  1.20076126e+00 
 7.59680000e-05  1.20126965e+00 
 7.59720000e-05  1.20177762e+00 
 7.59760000e-05  1.20228515e+00 
 7.59800000e-05  1.20279225e+00 
 7.59840000e-05  1.20329892e+00 
 7.59880000e-05  1.20380513e+00 
 7.59920000e-05  1.20431090e+00 
 7.59960000e-05  1.20481620e+00 
 7.60000000e-05  1.20532104e+00 
