 v-sweep         Vout           
 6.00000000e-05  3.77849114e-01 
 6.00250000e-05  3.77935595e-01 
 6.00500000e-05  3.78009123e-01 
 6.00750000e-05  3.78082784e-01 
 6.01000000e-05  3.78156610e-01 
 6.01250000e-05  3.78230604e-01 
 6.01500000e-05  3.78304765e-01 
 6.01750000e-05  3.78379094e-01 
 6.02000000e-05  3.78453593e-01 
 6.02250000e-05  3.78528262e-01 
 6.02500000e-05  3.78603102e-01 
 6.02750000e-05  3.78678113e-01 
 6.03000000e-05  3.78753296e-01 
 6.03250000e-05  3.78828653e-01 
 6.03500000e-05  3.78904184e-01 
 6.03750000e-05  3.78979889e-01 
 6.04000000e-05  3.79055771e-01 
 6.04250000e-05  3.79131828e-01 
 6.04500000e-05  3.79208063e-01 
 6.04750000e-05  3.79284476e-01 
 6.05000000e-05  3.79361068e-01 
 6.05250000e-05  3.79437840e-01 
 6.05500000e-05  3.79514792e-01 
 6.05750000e-05  3.79591926e-01 
 6.06000000e-05  3.79669242e-01 
 6.06250000e-05  3.79746741e-01 
 6.06500000e-05  3.79824425e-01 
 6.06750000e-05  3.79902293e-01 
 6.07000000e-05  3.79980348e-01 
 6.07250000e-05  3.80058589e-01 
 6.07500000e-05  3.80137018e-01 
 6.07750000e-05  3.80215635e-01 
 6.08000000e-05  3.80294442e-01 
 6.08250000e-05  3.80373440e-01 
 6.08500000e-05  3.80452629e-01 
 6.08750000e-05  3.80532010e-01 
 6.09000000e-05  3.80611584e-01 
 6.09250000e-05  3.80691353e-01 
 6.09500000e-05  3.80771317e-01 
 6.09750000e-05  3.80851477e-01 
 6.10000000e-05  3.80931834e-01 
 6.10250000e-05  3.81012389e-01 
 6.10500000e-05  3.81093143e-01 
 6.10750000e-05  3.81174098e-01 
 6.11000000e-05  3.81255253e-01 
 6.11250000e-05  3.81336611e-01 
 6.11500000e-05  3.81418172e-01 
 6.11750000e-05  3.81499937e-01 
 6.12000000e-05  3.81581907e-01 
 6.12250000e-05  3.81664083e-01 
 6.12500000e-05  3.81746467e-01 
 6.12750000e-05  3.81829059e-01 
 6.13000000e-05  3.81911860e-01 
 6.13250000e-05  3.81994872e-01 
 6.13500000e-05  3.82078095e-01 
 6.13750000e-05  3.82161531e-01 
 6.14000000e-05  3.82245181e-01 
 6.14250000e-05  3.82329046e-01 
 6.14500000e-05  3.82413127e-01 
 6.14750000e-05  3.82497425e-01 
 6.15000000e-05  3.82581941e-01 
 6.15250000e-05  3.82666677e-01 
 6.15500000e-05  3.82751633e-01 
 6.15750000e-05  3.82836811e-01 
 6.16000000e-05  3.82922212e-01 
 6.16250000e-05  3.83007837e-01 
 6.16500000e-05  3.83093687e-01 
 6.16750000e-05  3.83179764e-01 
 6.17000000e-05  3.83266069e-01 
 6.17250000e-05  3.83352602e-01 
 6.17500000e-05  3.83439366e-01 
 6.17750000e-05  3.83526361e-01 
 6.18000000e-05  3.83613589e-01 
 6.18250000e-05  3.83701051e-01 
 6.18500000e-05  3.83788748e-01 
 6.18750000e-05  3.83876682e-01 
 6.19000000e-05  3.83964853e-01 
 6.19250000e-05  3.84053263e-01 
 6.19500000e-05  3.84141914e-01 
 6.19750000e-05  3.84230807e-01 
 6.20000000e-05  3.84319943e-01 
 6.20250000e-05  3.84409323e-01 
 6.20500000e-05  3.84498949e-01 
 6.20750000e-05  3.84588822e-01 
 6.21000000e-05  3.84678944e-01 
 6.21250000e-05  3.84769316e-01 
 6.21500000e-05  3.84859940e-01 
 6.21750000e-05  3.84950816e-01 
 6.22000000e-05  3.85041946e-01 
 6.22250000e-05  3.85133332e-01 
 6.22500000e-05  3.85224975e-01 
 6.22750000e-05  3.85316877e-01 
 6.23000000e-05  3.85409039e-01 
 6.23250000e-05  3.85501463e-01 
 6.23500000e-05  3.85594150e-01 
 6.23750000e-05  3.85687101e-01 
 6.24000000e-05  3.85780319e-01 
 6.24250000e-05  3.85873805e-01 
 6.24500000e-05  3.85967560e-01 
 6.24750000e-05  3.86061585e-01 
 6.25000000e-05  3.86155884e-01 
 6.25250000e-05  3.86250456e-01 
 6.25500000e-05  3.86345304e-01 
 6.25750000e-05  3.86440430e-01 
 6.26000000e-05  3.86535835e-01 
 6.26250000e-05  3.86631520e-01 
 6.26500000e-05  3.86727488e-01 
 6.26750000e-05  3.86823739e-01 
 6.27000000e-05  3.86920277e-01 
 6.27250000e-05  3.87017102e-01 
 6.27500000e-05  3.87114217e-01 
 6.27750000e-05  3.87211622e-01 
 6.28000000e-05  3.87309321e-01 
 6.28250000e-05  3.87407314e-01 
 6.28500000e-05  3.87505604e-01 
 6.28750000e-05  3.87604191e-01 
 6.29000000e-05  3.87703079e-01 
 6.29250000e-05  3.87802269e-01 
 6.29500000e-05  3.87901763e-01 
 6.29750000e-05  3.88001563e-01 
 6.30000000e-05  3.88101670e-01 
 6.30250000e-05  3.88202087e-01 
 6.30500000e-05  3.88302816e-01 
 6.30750000e-05  3.88403858e-01 
 6.31000000e-05  3.88505216e-01 
 6.31250000e-05  3.88606891e-01 
 6.31500000e-05  3.88708886e-01 
 6.31750000e-05  3.88811202e-01 
 6.32000000e-05  3.88913843e-01 
 6.32250000e-05  3.89016809e-01 
 6.32500000e-05  3.89120103e-01 
 6.32750000e-05  3.89223727e-01 
 6.33000000e-05  3.89327684e-01 
 6.33250000e-05  3.89431975e-01 
 6.33500000e-05  3.89536602e-01 
 6.33750000e-05  3.89641569e-01 
 6.34000000e-05  3.89746876e-01 
 6.34250000e-05  3.89852527e-01 
 6.34500000e-05  3.89958524e-01 
 6.34750000e-05  3.90064868e-01 
 6.35000000e-05  3.90171563e-01 
 6.35250000e-05  3.90278610e-01 
 6.35500000e-05  3.90386013e-01 
 6.35750000e-05  3.90493773e-01 
 6.36000000e-05  3.90601893e-01 
 6.36250000e-05  3.90710375e-01 
 6.36500000e-05  3.90819222e-01 
 6.36750000e-05  3.90928436e-01 
 6.37000000e-05  3.91038021e-01 
 6.37250000e-05  3.91147977e-01 
 6.37500000e-05  3.91258309e-01 
 6.37750000e-05  3.91369019e-01 
 6.38000000e-05  3.91480108e-01 
 6.38250000e-05  3.91591581e-01 
 6.38500000e-05  3.91703440e-01 
 6.38750000e-05  3.91815687e-01 
 6.39000000e-05  3.91928325e-01 
 6.39250000e-05  3.92041357e-01 
 6.39500000e-05  3.92154786e-01 
 6.39750000e-05  3.92268614e-01 
 6.40000000e-05  3.92382845e-01 
 6.40250000e-05  3.92497482e-01 
 6.40500000e-05  3.92612527e-01 
 6.40750000e-05  3.92727983e-01 
 6.41000000e-05  3.92843854e-01 
 6.41250000e-05  3.92960142e-01 
 6.41500000e-05  3.93076851e-01 
 6.41750000e-05  3.93193984e-01 
 6.42000000e-05  3.93311543e-01 
 6.42250000e-05  3.93429532e-01 
 6.42500000e-05  3.93547955e-01 
 6.42750000e-05  3.93666814e-01 
 6.43000000e-05  3.93786112e-01 
 6.43250000e-05  3.93905854e-01 
 6.43500000e-05  3.94026043e-01 
 6.43750000e-05  3.94146681e-01 
 6.44000000e-05  3.94267773e-01 
 6.44250000e-05  3.94389322e-01 
 6.44500000e-05  3.94511331e-01 
 6.44750000e-05  3.94633804e-01 
 6.45000000e-05  3.94756744e-01 
 6.45250000e-05  3.94880156e-01 
 6.45500000e-05  3.95004043e-01 
 6.45750000e-05  3.95128408e-01 
 6.46000000e-05  3.95253256e-01 
 6.46250000e-05  3.95378591e-01 
 6.46500000e-05  3.95504416e-01 
 6.46750000e-05  3.95630734e-01 
 6.47000000e-05  3.95757551e-01 
 6.47250000e-05  3.95884871e-01 
 6.47500000e-05  3.96012696e-01 
 6.47750000e-05  3.96141032e-01 
 6.48000000e-05  3.96269883e-01 
 6.48250000e-05  3.96399252e-01 
 6.48500000e-05  3.96529144e-01 
 6.48750000e-05  3.96659564e-01 
 6.49000000e-05  3.96790516e-01 
 6.49250000e-05  3.96922004e-01 
 6.49500000e-05  3.97054033e-01 
 6.49750000e-05  3.97186607e-01 
 6.50000000e-05  3.97319731e-01 
 6.50250000e-05  3.97453410e-01 
 6.50500000e-05  3.97587649e-01 
 6.50750000e-05  3.97722451e-01 
 6.51000000e-05  3.97857823e-01 
 6.51250000e-05  3.97993769e-01 
 6.51500000e-05  3.98130294e-01 
 6.51750000e-05  3.98267403e-01 
 6.52000000e-05  3.98405101e-01 
 6.52250000e-05  3.98543394e-01 
 6.52500000e-05  3.98682286e-01 
 6.52750000e-05  3.98821783e-01 
 6.53000000e-05  3.98961891e-01 
 6.53250000e-05  3.99102615e-01 
 6.53500000e-05  3.99243960e-01 
 6.53750000e-05  3.99385933e-01 
 6.54000000e-05  3.99528538e-01 
 6.54250000e-05  3.99671782e-01 
 6.54500000e-05  3.99815671e-01 
 6.54750000e-05  3.99960209e-01 
 6.55000000e-05  4.00105405e-01 
 6.55250000e-05  4.00251263e-01 
 6.55500000e-05  4.00397790e-01 
 6.55750000e-05  4.00544992e-01 
 6.56000000e-05  4.00692876e-01 
 6.56250000e-05  4.00841448e-01 
 6.56500000e-05  4.00990714e-01 
 6.56750000e-05  4.01140681e-01 
 6.57000000e-05  4.01291357e-01 
 6.57250000e-05  4.01442747e-01 
 6.57500000e-05  4.01594860e-01 
 6.57750000e-05  4.01747701e-01 
 6.58000000e-05  4.01901278e-01 
 6.58250000e-05  4.02055599e-01 
 6.58500000e-05  4.02210670e-01 
 6.58750000e-05  4.02366500e-01 
 6.59000000e-05  4.02523095e-01 
 6.59250000e-05  4.02680464e-01 
 6.59500000e-05  4.02838615e-01 
 6.59750000e-05  4.02997554e-01 
 6.60000000e-05  4.03157292e-01 
 6.60250000e-05  4.03317835e-01 
 6.60500000e-05  4.03479192e-01 
 6.60750000e-05  4.03641371e-01 
 6.61000000e-05  4.03804382e-01 
 6.61250000e-05  4.03968232e-01 
 6.61500000e-05  4.04132931e-01 
 6.61750000e-05  4.04298488e-01 
 6.62000000e-05  4.04464912e-01 
 6.62250000e-05  4.04632212e-01 
 6.62500000e-05  4.04800397e-01 
 6.62750000e-05  4.04969478e-01 
 6.63000000e-05  4.05139464e-01 
 6.63250000e-05  4.05310365e-01 
 6.63500000e-05  4.05482190e-01 
 6.63750000e-05  4.05654952e-01 
 6.64000000e-05  4.05828659e-01 
 6.64250000e-05  4.06003322e-01 
 6.64500000e-05  4.06178953e-01 
 6.64750000e-05  4.06355561e-01 
 6.65000000e-05  4.06533159e-01 
 6.65250000e-05  4.06711758e-01 
 6.65500000e-05  4.06891369e-01 
 6.65750000e-05  4.07072003e-01 
 6.66000000e-05  4.07253674e-01 
 6.66250000e-05  4.07436393e-01 
 6.66500000e-05  4.07620172e-01 
 6.66750000e-05  4.07805025e-01 
 6.67000000e-05  4.07990963e-01 
 6.67250000e-05  4.08178000e-01 
 6.67500000e-05  4.08366149e-01 
 6.67750000e-05  4.08555424e-01 
 6.68000000e-05  4.08745839e-01 
 6.68250000e-05  4.08937407e-01 
 6.68500000e-05  4.09130143e-01 
 6.68750000e-05  4.09324061e-01 
 6.69000000e-05  4.09519177e-01 
 6.69250000e-05  4.09715505e-01 
 6.69500000e-05  4.09913061e-01 
 6.69750000e-05  4.10111860e-01 
 6.70000000e-05  4.10311919e-01 
 6.70250000e-05  4.10513253e-01 
 6.70500000e-05  4.10715879e-01 
 6.70750000e-05  4.10919815e-01 
 6.71000000e-05  4.11125077e-01 
 6.71250000e-05  4.11331684e-01 
 6.71500000e-05  4.11539652e-01 
 6.71750000e-05  4.11749001e-01 
 6.72000000e-05  4.11959749e-01 
 6.72250000e-05  4.12171915e-01 
 6.72500000e-05  4.12385519e-01 
 6.72750000e-05  4.12600580e-01 
 6.73000000e-05  4.12817118e-01 
 6.73250000e-05  4.13035155e-01 
 6.73500000e-05  4.13254712e-01 
 6.73750000e-05  4.13475809e-01 
 6.74000000e-05  4.13698470e-01 
 6.74250000e-05  4.13922716e-01 
 6.74500000e-05  4.14148570e-01 
 6.74750000e-05  4.14376057e-01 
 6.75000000e-05  4.14605199e-01 
 6.75250000e-05  4.14836022e-01 
 6.75500000e-05  4.15068550e-01 
 6.75750000e-05  4.15302808e-01 
 6.76000000e-05  4.15538825e-01 
 6.76250000e-05  4.15776624e-01 
 6.76500000e-05  4.16016236e-01 
 6.76750000e-05  4.16257686e-01 
 6.77000000e-05  4.16501004e-01 
 6.77250000e-05  4.16746219e-01 
 6.77500000e-05  4.16993361e-01 
 6.77750000e-05  4.17242461e-01 
 6.78000000e-05  4.17493550e-01 
 6.78250000e-05  4.17746660e-01 
 6.78500000e-05  4.18001824e-01 
 6.78750000e-05  4.18259076e-01 
 6.79000000e-05  4.18518450e-01 
 6.79250000e-05  4.18779982e-01 
 6.79500000e-05  4.19043707e-01 
 6.79750000e-05  4.19309664e-01 
 6.80000000e-05  4.19577890e-01 
 6.80250000e-05  4.19848423e-01 
 6.80500000e-05  4.20121305e-01 
 6.80750000e-05  4.20396576e-01 
 6.81000000e-05  4.20674278e-01 
 6.81250000e-05  4.20954455e-01 
 6.81500000e-05  4.21237150e-01 
 6.81750000e-05  4.21522409e-01 
 6.82000000e-05  4.21810279e-01 
 6.82250000e-05  4.22100809e-01 
 6.82500000e-05  4.22394046e-01 
 6.82750000e-05  4.22690042e-01 
 6.83000000e-05  4.22988849e-01 
 6.83250000e-05  4.23290520e-01 
 6.83500000e-05  4.23595110e-01 
 6.83750000e-05  4.23902675e-01 
 6.84000000e-05  4.24213274e-01 
 6.84250000e-05  4.24526967e-01 
 6.84500000e-05  4.24843815e-01 
 6.84750000e-05  4.25163880e-01 
 6.85000000e-05  4.25487229e-01 
 6.85250000e-05  4.25813929e-01 
 6.85500000e-05  4.26144048e-01 
 6.85750000e-05  4.26477657e-01 
 6.86000000e-05  4.26814830e-01 
 6.86250000e-05  4.27155643e-01 
 6.86500000e-05  4.27500173e-01 
 6.86750000e-05  4.27848501e-01 
 6.87000000e-05  4.28200710e-01 
 6.87250000e-05  4.28556884e-01 
 6.87500000e-05  4.28917113e-01 
 6.87750000e-05  4.29281488e-01 
 6.88000000e-05  4.29650102e-01 
 6.88250000e-05  4.30023053e-01 
 6.88500000e-05  4.30400441e-01 
 6.88750000e-05  4.30782371e-01 
 6.89000000e-05  4.31168949e-01 
 6.89250000e-05  4.31560286e-01 
 6.89500000e-05  4.31956498e-01 
 6.89750000e-05  4.32357703e-01 
 6.90000000e-05  4.32764025e-01 
 6.90250000e-05  4.33175590e-01 
 6.90500000e-05  4.33592531e-01 
 6.90750000e-05  4.34014985e-01 
 6.91000000e-05  4.34443093e-01 
 6.91250000e-05  4.34877003e-01 
 6.91500000e-05  4.35316867e-01 
 6.91750000e-05  4.35762843e-01 
 6.92000000e-05  4.36215097e-01 
 6.92250000e-05  4.36673798e-01 
 6.92500000e-05  4.37139125e-01 
 6.92750000e-05  4.37611260e-01 
 6.93000000e-05  4.38090397e-01 
 6.93250000e-05  4.38576734e-01 
 6.93500000e-05  4.39070479e-01 
 6.93750000e-05  4.39571847e-01 
 6.94000000e-05  4.40081064e-01 
 6.94250000e-05  4.40598364e-01 
 6.94500000e-05  4.41123990e-01 
 6.94750000e-05  4.41658197e-01 
 6.95000000e-05  4.42201251e-01 
 6.95250000e-05  4.42753429e-01 
 6.95500000e-05  4.43315018e-01 
 6.95750000e-05  4.43886323e-01 
 6.96000000e-05  4.44467656e-01 
 6.96250000e-05  4.45059350e-01 
 6.96500000e-05  4.45661747e-01 
 6.96750000e-05  4.46275209e-01 
 6.97000000e-05  4.46900113e-01 
 6.97250000e-05  4.47536854e-01 
 6.97500000e-05  4.48185846e-01 
 6.97750000e-05  4.48847522e-01 
 6.98000000e-05  4.49522337e-01 
 6.98250000e-05  4.50210767e-01 
 6.98500000e-05  4.50913312e-01 
 6.98750000e-05  4.51630497e-01 
 6.99000000e-05  4.52362872e-01 
 6.99250000e-05  4.53111015e-01 
 6.99500000e-05  4.53875534e-01 
 6.99750000e-05  4.54657068e-01 
 7.00000000e-05  4.55456286e-01 
 7.00250000e-05  4.56273894e-01 
 7.00500000e-05  4.57110633e-01 
 7.00750000e-05  4.57967284e-01 
 7.01000000e-05  4.58844665e-01 
 7.01250000e-05  4.59743639e-01 
 7.01500000e-05  4.60665113e-01 
 7.01750000e-05  4.61610041e-01 
 7.02000000e-05  4.62579426e-01 
 7.02250000e-05  4.63574320e-01 
 7.02500000e-05  4.64595832e-01 
 7.02750000e-05  4.65645124e-01 
 7.03000000e-05  4.66723416e-01 
 7.03250000e-05  4.67831988e-01 
 7.03500000e-05  4.68972179e-01 
 7.03750000e-05  4.70145391e-01 
 7.04000000e-05  4.71353089e-01 
 7.04250000e-05  4.72596799e-01 
 7.04500000e-05  4.73878111e-01 
 7.04750000e-05  4.75198674e-01 
 7.05000000e-05  4.76560195e-01 
 7.05250000e-05  4.77964436e-01 
 7.05500000e-05  4.79413206e-01 
 7.05750000e-05  4.80908357e-01 
 7.06000000e-05  4.82451772e-01 
 7.06250000e-05  4.84045355e-01 
 7.06500000e-05  4.85691018e-01 
 7.06750000e-05  4.87390661e-01 
 7.07000000e-05  4.89146155e-01 
 7.07250000e-05  4.90959321e-01 
 7.07500000e-05  4.92831901e-01 
 7.07750000e-05  4.94765533e-01 
 7.08000000e-05  4.96761718e-01 
 7.08250000e-05  4.98821792e-01 
 7.08500000e-05  5.00946890e-01 
 7.08750000e-05  5.03137916e-01 
 7.09000000e-05  5.05395509e-01 
 7.09250000e-05  5.07720020e-01 
 7.09500000e-05  5.10111482e-01 
 7.09750000e-05  5.12569598e-01 
 7.10000000e-05  5.15093727e-01 
 7.10250000e-05  5.17682885e-01 
 7.10500000e-05  5.20335748e-01 
 7.10750000e-05  5.23050672e-01 
 7.11000000e-05  5.25825714e-01 
 7.11250000e-05  5.28658665e-01 
 7.11500000e-05  5.31547093e-01 
 7.11750000e-05  5.34488378e-01 
 7.12000000e-05  5.37479766e-01 
 7.12250000e-05  5.40518411e-01 
 7.12500000e-05  5.43601420e-01 
 7.12750000e-05  5.46725898e-01 
 7.13000000e-05  5.49888984e-01 
 7.13250000e-05  5.53087886e-01 
 7.13500000e-05  5.56319906e-01 
 7.13750000e-05  5.59582465e-01 
 7.14000000e-05  5.62873118e-01 
 7.14250000e-05  5.66189565e-01 
 7.14500000e-05  5.69529662e-01 
 7.14750000e-05  5.72891417e-01 
 7.15000000e-05  5.76272999e-01 
 7.15250000e-05  5.79672728e-01 
 7.15500000e-05  5.83089073e-01 
 7.15750000e-05  5.86520650e-01 
 7.16000000e-05  5.89966207e-01 
 7.16250000e-05  5.93424626e-01 
 7.16500000e-05  5.96894904e-01 
 7.16750000e-05  6.00376144e-01 
 7.17000000e-05  6.03867540e-01 
 7.17250000e-05  6.07368353e-01 
 7.17500000e-05  6.10877884e-01 
 7.17750000e-05  6.14395448e-01 
 7.18000000e-05  6.17920349e-01 
 7.18250000e-05  6.21451886e-01 
 7.18500000e-05  6.24989362e-01 
 7.18750000e-05  6.28532125e-01 
 7.19000000e-05  6.32079589e-01 
 7.19250000e-05  6.35631252e-01 
 7.19500000e-05  6.39186696e-01 
 7.19750000e-05  6.42745572e-01 
 7.20000000e-05  6.46307593e-01 
 7.20250000e-05  6.49872517e-01 
 7.20500000e-05  6.53440138e-01 
 7.20750000e-05  6.57010277e-01 
 7.21000000e-05  6.60582776e-01 
 7.21250000e-05  6.64157495e-01 
 7.21500000e-05  6.67734303e-01 
 7.21750000e-05  6.71313081e-01 
 7.22000000e-05  6.74893717e-01 
 7.22250000e-05  6.78476106e-01 
 7.22500000e-05  6.82060146e-01 
 7.22750000e-05  6.85645742e-01 
 7.23000000e-05  6.89232801e-01 
 7.23250000e-05  6.92821233e-01 
 7.23500000e-05  6.96410950e-01 
 7.23750000e-05  7.00001868e-01 
 7.24000000e-05  7.03593905e-01 
 7.24250000e-05  7.07186978e-01 
 7.24500000e-05  7.10781009e-01 
 7.24750000e-05  7.14375920e-01 
 7.25000000e-05  7.17971635e-01 
 7.25250000e-05  7.21568078e-01 
 7.25500000e-05  7.25165176e-01 
 7.25750000e-05  7.28762856e-01 
 7.26000000e-05  7.32361047e-01 
 7.26250000e-05  7.35959678e-01 
 7.26500000e-05  7.39558681e-01 
 7.26750000e-05  7.43157986e-01 
 7.27000000e-05  7.46757527e-01 
 7.27250000e-05  7.50357238e-01 
 7.27500000e-05  7.53957052e-01 
 7.27750000e-05  7.57556907e-01 
 7.28000000e-05  7.61156737e-01 
 7.28250000e-05  7.64756481e-01 
 7.28500000e-05  7.68356077e-01 
 7.28750000e-05  7.71955463e-01 
 7.29000000e-05  7.75554580e-01 
 7.29250000e-05  7.79153368e-01 
 7.29500000e-05  7.82751769e-01 
 7.29750000e-05  7.86349724e-01 
 7.30000000e-05  7.89947178e-01 
 7.30250000e-05  7.93544073e-01 
 7.30500000e-05  7.97140354e-01 
 7.30750000e-05  8.00735967e-01 
 7.31000000e-05  8.04330857e-01 
 7.31250000e-05  8.07924972e-01 
 7.31500000e-05  8.11518257e-01 
 7.31750000e-05  8.15110663e-01 
 7.32000000e-05  8.18702136e-01 
 7.32250000e-05  8.22292628e-01 
 7.32500000e-05  8.25882087e-01 
 7.32750000e-05  8.29470465e-01 
 7.33000000e-05  8.33057712e-01 
 7.33250000e-05  8.36643782e-01 
 7.33500000e-05  8.40228627e-01 
 7.33750000e-05  8.43812199e-01 
 7.34000000e-05  8.47394453e-01 
 7.34250000e-05  8.50975344e-01 
 7.34500000e-05  8.54554826e-01 
 7.34750000e-05  8.58132855e-01 
 7.35000000e-05  8.61709387e-01 
 7.35250000e-05  8.65284380e-01 
 7.35500000e-05  8.68857790e-01 
 7.35750000e-05  8.72429576e-01 
 7.36000000e-05  8.75999696e-01 
 7.36250000e-05  8.79568109e-01 
 7.36500000e-05  8.83134775e-01 
 7.36750000e-05  8.86699654e-01 
 7.37000000e-05  8.90262706e-01 
 7.37250000e-05  8.93823893e-01 
 7.37500000e-05  8.97383177e-01 
 7.37750000e-05  9.00940519e-01 
 7.38000000e-05  9.04495882e-01 
 7.38250000e-05  9.08049230e-01 
 7.38500000e-05  9.11600526e-01 
 7.38750000e-05  9.15149735e-01 
 7.39000000e-05  9.18696820e-01 
 7.39250000e-05  9.22241748e-01 
 7.39500000e-05  9.25784483e-01 
 7.39750000e-05  9.29324992e-01 
 7.40000000e-05  9.32863241e-01 
 7.40250000e-05  9.36399198e-01 
 7.40500000e-05  9.39932830e-01 
 7.40750000e-05  9.43464103e-01 
 7.41000000e-05  9.46992988e-01 
 7.41250000e-05  9.50519452e-01 
 7.41500000e-05  9.54043465e-01 
 7.41750000e-05  9.57564996e-01 
 7.42000000e-05  9.61084016e-01 
 7.42250000e-05  9.64600494e-01 
 7.42500000e-05  9.68114401e-01 
 7.42750000e-05  9.71625710e-01 
 7.43000000e-05  9.75134391e-01 
 7.43250000e-05  9.78640416e-01 
 7.43500000e-05  9.82143758e-01 
 7.43750000e-05  9.85644389e-01 
 7.44000000e-05  9.89142284e-01 
 7.44250000e-05  9.92637414e-01 
 7.44500000e-05  9.96129755e-01 
 7.44750000e-05  9.99619281e-01 
 7.45000000e-05  1.00310597e+00 
 7.45250000e-05  1.00658978e+00 
 7.45500000e-05  1.01007071e+00 
 7.45750000e-05  1.01354873e+00 
 7.46000000e-05  1.01702380e+00 
 7.46250000e-05  1.02049591e+00 
 7.46500000e-05  1.02396504e+00 
 7.46750000e-05  1.02743116e+00 
 7.47000000e-05  1.03089424e+00 
 7.47250000e-05  1.03435427e+00 
 7.47500000e-05  1.03781123e+00 
 7.47750000e-05  1.04126508e+00 
 7.48000000e-05  1.04471581e+00 
 7.48250000e-05  1.04816340e+00 
 7.48500000e-05  1.05160781e+00 
 7.48750000e-05  1.05504904e+00 
 7.49000000e-05  1.05848705e+00 
 7.49250000e-05  1.06192183e+00 
 7.49500000e-05  1.06535334e+00 
 7.49750000e-05  1.06878155e+00 
 7.50000000e-05  1.07220644e+00 
 7.50250000e-05  1.07562798e+00 
 7.50500000e-05  1.07904613e+00 
 7.50750000e-05  1.08246083e+00 
 7.51000000e-05  1.08587206e+00 
 7.51250000e-05  1.08927975e+00 
 7.51500000e-05  1.09268385e+00 
 7.51750000e-05  1.09608429e+00 
 7.52000000e-05  1.09948102e+00 
 7.52250000e-05  1.10287397e+00 
 7.52500000e-05  1.10626309e+00 
 7.52750000e-05  1.10964831e+00 
 7.53000000e-05  1.11302958e+00 
 7.53250000e-05  1.11640681e+00 
 7.53500000e-05  1.11977995e+00 
 7.53750000e-05  1.12314890e+00 
 7.54000000e-05  1.12651356e+00 
 7.54250000e-05  1.12987382e+00 
 7.54500000e-05  1.13322957e+00 
 7.54750000e-05  1.13658067e+00 
 7.55000000e-05  1.13992696e+00 
 7.55250000e-05  1.14326827e+00 
 7.55500000e-05  1.14660440e+00 
 7.55750000e-05  1.14993515e+00 
 7.56000000e-05  1.15326026e+00 
 7.56250000e-05  1.15657945e+00 
 7.56500000e-05  1.15989243e+00 
 7.56750000e-05  1.16319885e+00 
 7.57000000e-05  1.16649832e+00 
 7.57250000e-05  1.16979041e+00 
 7.57500000e-05  1.17307464e+00 
 7.57750000e-05  1.17635046e+00 
 7.58000000e-05  1.17961727e+00 
 7.58250000e-05  1.18287441e+00 
 7.58500000e-05  1.18612113e+00 
 7.58750000e-05  1.18935659e+00 
 7.59000000e-05  1.19257988e+00 
 7.59250000e-05  1.19578999e+00 
 7.59500000e-05  1.19898579e+00 
 7.59750000e-05  1.20216607e+00 
 7.60000000e-05  1.20532947e+00 
 7.60250000e-05  1.20847453e+00 
 7.60500000e-05  1.21159967e+00 
 7.60750000e-05  1.21470315e+00 
 7.61000000e-05  1.21778315e+00 
 7.61250000e-05  1.22083769e+00 
 7.61500000e-05  1.22386467e+00 
 7.61750000e-05  1.22686191e+00 
 7.62000000e-05  1.22982711e+00 
 7.62250000e-05  1.23275788e+00 
 7.62500000e-05  1.23565180e+00 
 7.62750000e-05  1.23850640e+00 
 7.63000000e-05  1.24131920e+00 
 7.63250000e-05  1.24408776e+00 
 7.63500000e-05  1.24680969e+00 
 7.63750000e-05  1.24948273e+00 
 7.64000000e-05  1.25210472e+00 
 7.64250000e-05  1.25467368e+00 
 7.64500000e-05  1.25718786e+00 
 7.64750000e-05  1.25964570e+00 
 7.65000000e-05  1.26204593e+00 
 7.65250000e-05  1.26438751e+00 
 7.65500000e-05  1.26666971e+00 
 7.65750000e-05  1.26889207e+00 
 7.66000000e-05  1.27105441e+00 
 7.66250000e-05  1.27315682e+00 
 7.66500000e-05  1.27519964e+00 
 7.66750000e-05  1.27718343e+00 
 7.67000000e-05  1.27910900e+00 
 7.67250000e-05  1.28097731e+00 
 7.67500000e-05  1.28278951e+00 
 7.67750000e-05  1.28454686e+00 
 7.68000000e-05  1.28625076e+00 
 7.68250000e-05  1.28790268e+00 
 7.68500000e-05  1.28950416e+00 
 7.68750000e-05  1.29105680e+00 
 7.69000000e-05  1.29256221e+00 
 7.69250000e-05  1.29402202e+00 
 7.69500000e-05  1.29543787e+00 
 7.69750000e-05  1.29681137e+00 
 7.70000000e-05  1.29814411e+00 
 7.70250000e-05  1.29943766e+00 
 7.70500000e-05  1.30069356e+00 
 7.70750000e-05  1.30191328e+00 
 7.71000000e-05  1.30309826e+00 
 7.71250000e-05  1.30424991e+00 
 7.71500000e-05  1.30536957e+00 
 7.71750000e-05  1.30645853e+00 
 7.72000000e-05  1.30751803e+00 
 7.72250000e-05  1.30854926e+00 
 7.72500000e-05  1.30955337e+00 
 7.72750000e-05  1.31053144e+00 
 7.73000000e-05  1.31148453e+00 
 7.73250000e-05  1.31241363e+00 
 7.73500000e-05  1.31331969e+00 
 7.73750000e-05  1.31420362e+00 
 7.74000000e-05  1.31506629e+00 
 7.74250000e-05  1.31590852e+00 
 7.74500000e-05  1.31673110e+00 
 7.74750000e-05  1.31753477e+00 
 7.75000000e-05  1.31832027e+00 
 7.75250000e-05  1.31908825e+00 
 7.75500000e-05  1.31983939e+00 
 7.75750000e-05  1.32057430e+00 
 7.76000000e-05  1.32129356e+00 
 7.76250000e-05  1.32199774e+00 
 7.76500000e-05  1.32268738e+00 
 7.76750000e-05  1.32336299e+00 
 7.77000000e-05  1.32402506e+00 
 7.77250000e-05  1.32467406e+00 
 7.77500000e-05  1.32531043e+00 
 7.77750000e-05  1.32593460e+00 
 7.78000000e-05  1.32654697e+00 
 7.78250000e-05  1.32714795e+00 
 7.78500000e-05  1.32773788e+00 
 7.78750000e-05  1.32831715e+00 
 7.79000000e-05  1.32888607e+00 
 7.79250000e-05  1.32944499e+00 
 7.79500000e-05  1.32999420e+00 
 7.79750000e-05  1.33053402e+00 
 7.80000000e-05  1.33106472e+00 
 7.80250000e-05  1.33158659e+00 
 7.80500000e-05  1.33209988e+00 
 7.80750000e-05  1.33260484e+00 
 7.81000000e-05  1.33310173e+00 
 7.81250000e-05  1.33359077e+00 
 7.81500000e-05  1.33407219e+00 
 7.81750000e-05  1.33454620e+00 
 7.82000000e-05  1.33501300e+00 
 7.82250000e-05  1.33547281e+00 
 7.82500000e-05  1.33592580e+00 
 7.82750000e-05  1.33637216e+00 
 7.83000000e-05  1.33681208e+00 
 7.83250000e-05  1.33724571e+00 
 7.83500000e-05  1.33767322e+00 
 7.83750000e-05  1.33809478e+00 
 7.84000000e-05  1.33851053e+00 
 7.84250000e-05  1.33892062e+00 
 7.84500000e-05  1.33932519e+00 
 7.84750000e-05  1.33972439e+00 
 7.85000000e-05  1.34011833e+00 
 7.85250000e-05  1.34050716e+00 
 7.85500000e-05  1.34089099e+00 
 7.85750000e-05  1.34126994e+00 
 7.86000000e-05  1.34164412e+00 
 7.86250000e-05  1.34201366e+00 
 7.86500000e-05  1.34237865e+00 
 7.86750000e-05  1.34273920e+00 
 7.87000000e-05  1.34309541e+00 
 7.87250000e-05  1.34344738e+00 
 7.87500000e-05  1.34379520e+00 
 7.87750000e-05  1.34413896e+00 
 7.88000000e-05  1.34447876e+00 
 7.88250000e-05  1.34481467e+00 
 7.88500000e-05  1.34514679e+00 
 7.88750000e-05  1.34547518e+00 
 7.89000000e-05  1.34579994e+00 
 7.89250000e-05  1.34612113e+00 
 7.89500000e-05  1.34643884e+00 
 7.89750000e-05  1.34675312e+00 
 7.90000000e-05  1.34706406e+00 
 7.90250000e-05  1.34737171e+00 
 7.90500000e-05  1.34767614e+00 
 7.90750000e-05  1.34797743e+00 
 7.91000000e-05  1.34827562e+00 
 7.91250000e-05  1.34857078e+00 
 7.91500000e-05  1.34886296e+00 
 7.91750000e-05  1.34915223e+00 
 7.92000000e-05  1.34943864e+00 
 7.92250000e-05  1.34972225e+00 
 7.92500000e-05  1.35000309e+00 
 7.92750000e-05  1.35028124e+00 
 7.93000000e-05  1.35055672e+00 
 7.93250000e-05  1.35082961e+00 
 7.93500000e-05  1.35109993e+00 
 7.93750000e-05  1.35136774e+00 
 7.94000000e-05  1.35163308e+00 
 7.94250000e-05  1.35189599e+00 
 7.94500000e-05  1.35215652e+00 
 7.94750000e-05  1.35241471e+00 
 7.95000000e-05  1.35267059e+00 
 7.95250000e-05  1.35292422e+00 
 7.95500000e-05  1.35317562e+00 
 7.95750000e-05  1.35342483e+00 
 7.96000000e-05  1.35367189e+00 
 7.96250000e-05  1.35391684e+00 
 7.96500000e-05  1.35415971e+00 
 7.96750000e-05  1.35440053e+00 
 7.97000000e-05  1.35463933e+00 
 7.97250000e-05  1.35487616e+00 
 7.97500000e-05  1.35511104e+00 
 7.97750000e-05  1.35534399e+00 
 7.98000000e-05  1.35557506e+00 
 7.98250000e-05  1.35580428e+00 
 7.98500000e-05  1.35603166e+00 
 7.98750000e-05  1.35625724e+00 
 7.99000000e-05  1.35648104e+00 
 7.99250000e-05  1.35670310e+00 
 7.99500000e-05  1.35692343e+00 
 7.99750000e-05  1.35714207e+00 
 8.00000000e-05  1.35735904e+00 
 8.00250000e-05  1.35757437e+00 
 8.00500000e-05  1.35778807e+00 
 8.00750000e-05  1.35800017e+00 
 8.01000000e-05  1.35821070e+00 
 8.01250000e-05  1.35841968e+00 
 8.01500000e-05  1.35862713e+00 
 8.01750000e-05  1.35883306e+00 
 8.02000000e-05  1.35903752e+00 
 8.02250000e-05  1.35924050e+00 
 8.02500000e-05  1.35944204e+00 
 8.02750000e-05  1.35964215e+00 
 8.03000000e-05  1.35984086e+00 
 8.03250000e-05  1.36003818e+00 
 8.03500000e-05  1.36023413e+00 
 8.03750000e-05  1.36042873e+00 
 8.04000000e-05  1.36062200e+00 
 8.04250000e-05  1.36081395e+00 
 8.04500000e-05  1.36100461e+00 
 8.04750000e-05  1.36119398e+00 
 8.05000000e-05  1.36138210e+00 
 8.05250000e-05  1.36156896e+00 
 8.05500000e-05  1.36175460e+00 
 8.05750000e-05  1.36193902e+00 
 8.06000000e-05  1.36212224e+00 
 8.06250000e-05  1.36230428e+00 
 8.06500000e-05  1.36248514e+00 
 8.06750000e-05  1.36266486e+00 
 8.07000000e-05  1.36284343e+00 
 8.07250000e-05  1.36302087e+00 
 8.07500000e-05  1.36319721e+00 
 8.07750000e-05  1.36337244e+00 
 8.08000000e-05  1.36354659e+00 
 8.08250000e-05  1.36371967e+00 
 8.08500000e-05  1.36389168e+00 
 8.08750000e-05  1.36406265e+00 
 8.09000000e-05  1.36423259e+00 
 8.09250000e-05  1.36440150e+00 
 8.09500000e-05  1.36456940e+00 
 8.09750000e-05  1.36473631e+00 
 8.10000000e-05  1.36490223e+00 
 8.10250000e-05  1.36506717e+00 
 8.10500000e-05  1.36523115e+00 
 8.10750000e-05  1.36539417e+00 
 8.11000000e-05  1.36555625e+00 
 8.11250000e-05  1.36571741e+00 
 8.11500000e-05  1.36587764e+00 
 8.11750000e-05  1.36603696e+00 
 8.12000000e-05  1.36619537e+00 
 8.12250000e-05  1.36635290e+00 
 8.12500000e-05  1.36650955e+00 
 8.12750000e-05  1.36666532e+00 
 8.13000000e-05  1.36682024e+00 
 8.13250000e-05  1.36697430e+00 
 8.13500000e-05  1.36712752e+00 
 8.13750000e-05  1.36727990e+00 
 8.14000000e-05  1.36743146e+00 
 8.14250000e-05  1.36758220e+00 
 8.14500000e-05  1.36773214e+00 
 8.14750000e-05  1.36788127e+00 
 8.15000000e-05  1.36802962e+00 
 8.15250000e-05  1.36817718e+00 
 8.15500000e-05  1.36832397e+00 
 8.15750000e-05  1.36846999e+00 
 8.16000000e-05  1.36861525e+00 
 8.16250000e-05  1.36875976e+00 
 8.16500000e-05  1.36890353e+00 
 8.16750000e-05  1.36904656e+00 
 8.17000000e-05  1.36918886e+00 
 8.17250000e-05  1.36933044e+00 
 8.17500000e-05  1.36947131e+00 
 8.17750000e-05  1.36961147e+00 
 8.18000000e-05  1.36975093e+00 
 8.18250000e-05  1.36988970e+00 
 8.18500000e-05  1.37002779e+00 
 8.18750000e-05  1.37016519e+00 
 8.19000000e-05  1.37030192e+00 
 8.19250000e-05  1.37043798e+00 
 8.19500000e-05  1.37057338e+00 
 8.19750000e-05  1.37070813e+00 
 8.20000000e-05  1.37084223e+00 
 8.20250000e-05  1.37097569e+00 
 8.20500000e-05  1.37110852e+00 
 8.20750000e-05  1.37124071e+00 
 8.21000000e-05  1.37137229e+00 
 8.21250000e-05  1.37150324e+00 
 8.21500000e-05  1.37163358e+00 
 8.21750000e-05  1.37176332e+00 
 8.22000000e-05  1.37189245e+00 
 8.22250000e-05  1.37202099e+00 
 8.22500000e-05  1.37214894e+00 
 8.22750000e-05  1.37227631e+00 
 8.23000000e-05  1.37240310e+00 
 8.23250000e-05  1.37252931e+00 
 8.23500000e-05  1.37265495e+00 
 8.23750000e-05  1.37278003e+00 
 8.24000000e-05  1.37290455e+00 
 8.24250000e-05  1.37302852e+00 
 8.24500000e-05  1.37315194e+00 
 8.24750000e-05  1.37327481e+00 
 8.25000000e-05  1.37339715e+00 
 8.25250000e-05  1.37351894e+00 
 8.25500000e-05  1.37364021e+00 
 8.25750000e-05  1.37376096e+00 
 8.26000000e-05  1.37388118e+00 
 8.26250000e-05  1.37400089e+00 
 8.26500000e-05  1.37412008e+00 
 8.26750000e-05  1.37423876e+00 
 8.27000000e-05  1.37435695e+00 
 8.27250000e-05  1.37447463e+00 
 8.27500000e-05  1.37459182e+00 
 8.27750000e-05  1.37470851e+00 
 8.28000000e-05  1.37482472e+00 
 8.28250000e-05  1.37494045e+00 
 8.28500000e-05  1.37505570e+00 
 8.28750000e-05  1.37517047e+00 
 8.29000000e-05  1.37528477e+00 
 8.29250000e-05  1.37539860e+00 
 8.29500000e-05  1.37551197e+00 
 8.29750000e-05  1.37562488e+00 
 8.30000000e-05  1.37573734e+00 
 8.30250000e-05  1.37584934e+00 
 8.30500000e-05  1.37596089e+00 
 8.30750000e-05  1.37607200e+00 
 8.31000000e-05  1.37618266e+00 
 8.31250000e-05  1.37629289e+00 
 8.31500000e-05  1.37640268e+00 
 8.31750000e-05  1.37651204e+00 
 8.32000000e-05  1.37662098e+00 
 8.32250000e-05  1.37672948e+00 
 8.32500000e-05  1.37683757e+00 
 8.32750000e-05  1.37694524e+00 
 8.33000000e-05  1.37705249e+00 
 8.33250000e-05  1.37715933e+00 
 8.33500000e-05  1.37726577e+00 
 8.33750000e-05  1.37737179e+00 
 8.34000000e-05  1.37747742e+00 
 8.34250000e-05  1.37758264e+00 
 8.34500000e-05  1.37768747e+00 
 8.34750000e-05  1.37779191e+00 
 8.35000000e-05  1.37789595e+00 
 8.35250000e-05  1.37799961e+00 
 8.35500000e-05  1.37810288e+00 
 8.35750000e-05  1.37820577e+00 
 8.36000000e-05  1.37830828e+00 
 8.36250000e-05  1.37841042e+00 
 8.36500000e-05  1.37851218e+00 
 8.36750000e-05  1.37861357e+00 
 8.37000000e-05  1.37871459e+00 
 8.37250000e-05  1.37881525e+00 
 8.37500000e-05  1.37891554e+00 
 8.37750000e-05  1.37901547e+00 
 8.38000000e-05  1.37911505e+00 
 8.38250000e-05  1.37921427e+00 
 8.38500000e-05  1.37931313e+00 
 8.38750000e-05  1.37941165e+00 
 8.39000000e-05  1.37950982e+00 
 8.39250000e-05  1.37960764e+00 
 8.39500000e-05  1.37970512e+00 
 8.39750000e-05  1.37980227e+00 
 8.40000000e-05  1.37989907e+00 
 8.40250000e-05  1.37999553e+00 
 8.40500000e-05  1.38009167e+00 
 8.40750000e-05  1.38018747e+00 
 8.41000000e-05  1.38028294e+00 
 8.41250000e-05  1.38037809e+00 
 8.41500000e-05  1.38047291e+00 
 8.41750000e-05  1.38056741e+00 
 8.42000000e-05  1.38066159e+00 
 8.42250000e-05  1.38075545e+00 
 8.42500000e-05  1.38084900e+00 
 8.42750000e-05  1.38094223e+00 
 8.43000000e-05  1.38103516e+00 
 8.43250000e-05  1.38112777e+00 
 8.43500000e-05  1.38122007e+00 
 8.43750000e-05  1.38131207e+00 
 8.44000000e-05  1.38140377e+00 
 8.44250000e-05  1.38149516e+00 
 8.44500000e-05  1.38158626e+00 
 8.44750000e-05  1.38167705e+00 
 8.45000000e-05  1.38176756e+00 
 8.45250000e-05  1.38185777e+00 
 8.45500000e-05  1.38194768e+00 
 8.45750000e-05  1.38203731e+00 
 8.46000000e-05  1.38212665e+00 
 8.46250000e-05  1.38221570e+00 
 8.46500000e-05  1.38230447e+00 
 8.46750000e-05  1.38239296e+00 
 8.47000000e-05  1.38248116e+00 
 8.47250000e-05  1.38256909e+00 
 8.47500000e-05  1.38265674e+00 
 8.47750000e-05  1.38274412e+00 
 8.48000000e-05  1.38283122e+00 
 8.48250000e-05  1.38291805e+00 
 8.48500000e-05  1.38300460e+00 
 8.48750000e-05  1.38309090e+00 
 8.49000000e-05  1.38317692e+00 
 8.49250000e-05  1.38326268e+00 
 8.49500000e-05  1.38334817e+00 
 8.49750000e-05  1.38343340e+00 
 8.50000000e-05  1.38351838e+00 
