 frequency       inoise_spectrum onoise_spectrum
 1.00000000e+00  3.84101411e-05  5.41778429e+00 
 1.05776756e+00  3.73465793e-05  5.26238541e+00 
 1.11887221e+00  3.63124674e-05  5.11083538e+00 
 1.18350673e+00  3.53069899e-05  4.96299172e+00 
 1.25187503e+00  3.43293539e-05  4.81871354e+00 
 1.32419279e+00  3.33787885e-05  4.67786148e+00 
 1.40068818e+00  3.24545441e-05  4.54029762e+00 
 1.48160252e+00  3.15558920e-05  4.40588550e+00 
 1.56719108e+00  3.06821234e-05  4.27449012e+00 
 1.65772389e+00  2.98325493e-05  4.14597796e+00 
 1.75348655e+00  2.90064999e-05  4.02021721e+00 
 1.85478119e+00  2.82033237e-05  3.89707784e+00 
 1.96192737e+00  2.74223874e-05  3.77643199e+00 
 2.07526313e+00  2.66630751e-05  3.65815425e+00 
 2.19514602e+00  2.59247882e-05  3.54212216e+00 
 2.32195425e+00  2.52069444e-05  3.42821679e+00 
 2.45608788e+00  2.45089777e-05  3.31632342e+00 
 2.59797009e+00  2.38303376e-05  3.20633240e+00 
 2.74804848e+00  2.31704891e-05  3.09814002e+00 
 2.90679654e+00  2.25289118e-05  2.99164969e+00 
 3.07471508e+00  2.19050999e-05  2.88677304e+00 
 3.25233387e+00  2.12985612e-05  2.78343126e+00 
 3.44021326e+00  2.07088177e-05  2.68155646e+00 
 3.63894599e+00  2.01354043e-05  2.58109305e+00 
 3.84915902e+00  1.95778687e-05  2.48199910e+00 
 4.07151555e+00  1.90357714e-05  2.38424765e+00 
 4.30671707e+00  1.85086848e-05  2.28782785e+00 
 4.55550561e+00  1.79961933e-05  2.19274582e+00 
 4.81866605e+00  1.74978928e-05  2.09902524e+00 
 5.09702863e+00  1.70133904e-05  2.00670750e+00 
 5.39147154e+00  1.65423040e-05  1.91585136e+00 
 5.70292370e+00  1.60842622e-05  1.82653210e+00 
 6.03236769e+00  1.56389036e-05  1.73884005e+00 
 6.38084285e+00  1.52058772e-05  1.65287854e+00 
 6.74944857e+00  1.47848415e-05  1.56876133e+00 
 7.13934775e+00  1.43754644e-05  1.48660955e+00 
 7.55177045e+00  1.39774232e-05  1.40654827e+00 
 7.98801781e+00  1.35904039e-05  1.32870282e+00 
 8.44946611e+00  1.32141015e-05  1.25319510e+00 
 8.93757115e+00  1.28482191e-05  1.18013992e+00 
 9.45387283e+00  1.24924682e-05  1.10964166e+00 
 1.00000000e+01  1.21465683e-05  1.04179134e+00 
 1.05776756e+01  1.18102467e-05  9.76664197e-01 
 1.11887221e+01  1.14832381e-05  9.14317889e-01 
 1.18350673e+01  1.11652847e-05  8.54791357e-01 
 1.25187503e+01  1.08561357e-05  7.98104343e-01 
 1.32419279e+01  1.05555474e-05  7.44257514e-01 
 1.40068818e+01  1.02632827e-05  6.93233151e-01 
 1.48160252e+01  9.97911118e-06  6.44996292e-01 
 1.56719108e+01  9.70280875e-06  5.99496244e-01 
 1.65772389e+01  9.43415752e-06  5.56668354e-01 
 1.75348655e+01  9.17294564e-06  5.16435936e-01 
 1.85478119e+01  8.91896715e-06  4.78712276e-01 
 1.96192737e+01  8.67202175e-06  4.43402619e-01 
 2.07526313e+01  8.43191472e-06  4.10406087e-01 
 2.19514602e+01  8.19845672e-06  3.79617477e-01 
 2.32195425e+01  7.97146366e-06  3.50928896e-01 
 2.45608788e+01  7.75075654e-06  3.24231231e-01 
 2.59797009e+01  7.53616132e-06  2.99415421e-01 
 2.74804848e+01  7.32750878e-06  2.76373550e-01 
 2.90679654e+01  7.12463439e-06  2.54999755e-01 
 3.07471508e+01  6.92737816e-06  2.35190964e-01 
 3.25233387e+01  6.73558456e-06  2.16847478e-01 
 3.44021326e+01  6.54910234e-06  1.99873411e-01 
 3.63894599e+01  6.36778445e-06  1.84177014e-01 
 3.84915902e+01  6.19148791e-06  1.69670880e-01 
 4.07151555e+01  6.02007370e-06  1.56272069e-01 
 4.30671707e+01  5.85340666e-06  1.43902153e-01 
 4.55550561e+01  5.69135534e-06  1.32487200e-01 
 4.81866605e+01  5.53379198e-06  1.21957705e-01 
 5.09702863e+01  5.38059232e-06  1.12248483e-01 
 5.39147154e+01  5.23163555e-06  1.03298538e-01 
 5.70292370e+01  5.08680422e-06  9.50508980e-02 
 6.03236769e+01  4.94598411e-06  8.74524432e-02 
 6.38084285e+01  4.80906419e-06  8.04537216e-02 
 6.74944857e+01  4.67593648e-06  7.40087577e-02 
 7.13934775e+01  4.54649600e-06  6.80748601e-02 
 7.55177045e+01  4.42064069e-06  6.26124302e-02 
 7.98801781e+01  4.29827130e-06  5.75847734e-02 
 8.44946611e+01  4.17929133e-06  5.29579154e-02 
 8.93757115e+01  4.06360697e-06  4.87004249e-02 
 9.45387283e+01  3.95112698e-06  4.47832431e-02 
 1.00000000e+02  3.84176268e-06  4.11795214e-02 
 1.05776756e+02  3.73542782e-06  3.78644666e-02 
 1.11887221e+02  3.63203855e-06  3.48151946e-02 
 1.18350673e+02  3.53151334e-06  3.20105932e-02 
 1.25187503e+02  3.43377292e-06  2.94311920e-02 
 1.32419279e+02  3.33874023e-06  2.70590411e-02 
 1.40068818e+02  3.24634032e-06  2.48775978e-02 
 1.48160252e+02  3.15650032e-06  2.28716199e-02 
 1.56719108e+02  3.06914940e-06  2.10270678e-02 
 1.65772389e+02  2.98421867e-06  1.93310117e-02 
 1.75348655e+02  2.90164117e-06  1.77715466e-02 
 1.85478119e+02  2.82135176e-06  1.63377131e-02 
 1.96192737e+02  2.74328715e-06  1.50194238e-02 
 2.07526313e+02  2.66738577e-06  1.38073951e-02 
 2.19514602e+02  2.59358777e-06  1.26930844e-02 
 2.32195425e+02  2.52183496e-06  1.16686317e-02 
 2.45608788e+02  2.45207075e-06  1.07268059e-02 
 2.59797009e+02  2.38424013e-06  9.86095522e-03 
 2.74804848e+02  2.31828962e-06  9.06496088e-03 
 2.90679654e+02  2.25416721e-06  8.33319513e-03 
 3.07471508e+02  2.19182232e-06  7.66048208e-03 
 3.25233387e+02  2.13120581e-06  7.04206168e-03 
 3.44021326e+02  2.07226987e-06  6.47355652e-03 
 3.63894599e+02  2.01496803e-06  5.95094133e-03 
 3.84915902e+02  1.95925510e-06  5.47051471e-03 
 4.07151555e+02  1.90508714e-06  5.02887327e-03 
 4.30671707e+02  1.85242145e-06  4.62288771e-03 
 4.55550561e+02  1.80121649e-06  4.24968080e-03 
 4.81866605e+02  1.75143188e-06  3.90660722e-03 
 5.09702863e+02  1.70302838e-06  3.59123485e-03 
 5.39147154e+02  1.65596779e-06  3.30132767e-03 
 5.70292370e+02  1.61021303e-06  3.03482999e-03 
 6.03236769e+02  1.56572800e-06  2.78985193e-03 
 6.38084285e+02  1.52247762e-06  2.56465604e-03 
 6.74944857e+02  1.48042780e-06  2.35764511e-03 
 7.13934775e+02  1.43954537e-06  2.16735076e-03 
 7.55177045e+02  1.39979809e-06  1.99242316e-03 
 7.98801781e+02  1.36115462e-06  1.83162141e-03 
 8.44946611e+02  1.32358448e-06  1.68380477e-03 
 8.93757115e+02  1.28705806e-06  1.54792461e-03 
 9.45387283e+02  1.25154653e-06  1.42301695e-03 
 1.00000000e+03  1.21702191e-06  1.30819564e-03 
 1.05776756e+03  1.18345696e-06  1.20264609e-03 
 1.11887221e+03  1.15082522e-06  1.10561947e-03 
 1.18350673e+03  1.11910095e-06  1.01642743e-03 
 1.25187503e+03  1.08825913e-06  9.34437221e-04 
 1.32419279e+03  1.05827544e-06  8.59067174e-04 
 1.40068818e+03  1.02912625e-06  7.89782608e-04 
 1.48160252e+03  1.00078855e-06  7.26092020e-04 
 1.56719108e+03  9.73239996e-07  6.67543607e-04 
 1.65772389e+03  9.46458871e-07  6.13722055e-04 
 1.75348655e+03  9.20424050e-07  5.64245594e-04 
 1.85478119e+03  8.95115001e-07  5.18763291e-04 
 1.96192737e+03  8.70511762e-07  4.76952557e-04 
 2.07526313e+03  8.46594929e-07  4.38516862e-04 
 2.19514602e+03  8.23345640e-07  4.03183625e-04 
 2.32195425e+03  8.00745557e-07  3.70702282e-04 
 2.45608788e+03  7.78776854e-07  3.40842510e-04 
 2.59797009e+03  7.57422204e-07  3.13392590e-04 
 2.74804848e+03  7.36664762e-07  2.88157903e-04 
 2.90679654e+03  7.16488154e-07  2.64959552e-04 
 3.07471508e+03  6.96876465e-07  2.43633089e-04 
 3.25233387e+03  6.77814223e-07  2.24027350e-04 
 3.44021326e+03  6.59286389e-07  2.06003382e-04 
 3.63894599e+03  6.41278347e-07  1.89433454e-04 
 3.84915902e+03  6.23775887e-07  1.74200154e-04 
 4.07151555e+03  6.06765199e-07  1.60195552e-04 
 4.30671707e+03  5.90232861e-07  1.47320438e-04 
 4.55550561e+03  5.74165824e-07  1.35483615e-04 
 4.81866605e+03  5.58551409e-07  1.24601250e-04 
 5.09702863e+03  5.43377290e-07  1.14596283e-04 
 5.39147154e+03  5.28631488e-07  1.05397879e-04 
 5.70292370e+03  5.14302361e-07  9.69409226e-05 
 6.03236769e+03  5.00378595e-07  8.91655588e-05 
 6.38084285e+03  4.86849193e-07  8.20167662e-05 
 6.74944857e+03  4.73703468e-07  7.54439678e-05 
 7.13934775e+03  4.60931034e-07  6.94006712e-05 
 7.55177045e+03  4.48521799e-07  6.38441389e-05 
 7.98801781e+03  4.36465953e-07  5.87350852e-05 
 8.44946611e+03  4.24753965e-07  5.40373969e-05 
 8.93757115e+03  4.13376573e-07  4.97178774e-05 
 9.45387283e+03  4.02324774e-07  4.57460110e-05 
 1.00000000e+04  3.91589822e-07  4.20937463e-05 
 1.05776756e+04  3.81163218e-07  3.87352971e-05 
 1.11887221e+04  3.71036702e-07  3.56469596e-05 
 1.18350673e+04  3.61202249e-07  3.28069439e-05 
 1.25187503e+04  3.51652060e-07  3.01952199e-05 
 1.32419279e+04  3.42378557e-07  2.77933744e-05 
 1.40068818e+04  3.33374375e-07  2.55844814e-05 
 1.48160252e+04  3.24632361e-07  2.35529812e-05 
 1.56719108e+04  3.16145560e-07  2.16845704e-05 
 1.65772389e+04  3.07907217e-07  1.99661003e-05 
 1.75348655e+04  2.99910764e-07  1.83854840e-05 
 1.85478119e+04  2.92149823e-07  1.69316101e-05 
 1.96192737e+04  2.84618192e-07  1.55942641e-05 
 2.07526313e+04  2.77309846e-07  1.43640563e-05 
 2.19514602e+04  2.70218928e-07  1.32323547e-05 
 2.32195425e+04  2.63339745e-07  1.21912241e-05 
 2.45608788e+04  2.56666766e-07  1.12333696e-05 
 2.59797009e+04  2.50194610e-07  1.03520851e-05 
 2.74804848e+04  2.43918050e-07  9.54120592e-06 
 2.90679654e+04  2.37832003e-07  8.79506446e-06 
 3.07471508e+04  2.31931523e-07  8.10845065e-06 
 3.25233387e+04  2.26211805e-07  7.47657475e-06 
 3.44021326e+04  2.20668173e-07  6.89503343e-06 
 3.63894599e+04  2.15296077e-07  6.35977861e-06 
 3.84915902e+04  2.10091091e-07  5.86708876e-06 
 4.07151555e+04  2.05048910e-07  5.41354252e-06 
 4.30671707e+04  2.00165340e-07  4.99599446e-06 
 4.55550561e+04  1.95436299e-07  4.61155287e-06 
 4.81866605e+04  1.90857813e-07  4.25755917e-06 
 5.09702863e+04  1.86426009e-07  3.93156920e-06 
 5.39147154e+04  1.82137113e-07  3.63133583e-06 
 5.70292370e+04  1.77987447e-07  3.35479310e-06 
 6.03236769e+04  1.73973426e-07  3.10004159e-06 
 6.38084285e+04  1.70091550e-07  2.86533498e-06 
 6.74944857e+04  1.66338406e-07  2.64906768e-06 
 7.13934775e+04  1.62710661e-07  2.44976349e-06 
 7.55177045e+04  1.59205060e-07  2.26606517e-06 
 7.98801781e+04  1.55818425e-07  2.09672480e-06 
 8.44946611e+04  1.52547647e-07  1.94059502e-06 
 8.93757115e+04  1.49389686e-07  1.79662087e-06 
 9.45387283e+04  1.46341571e-07  1.66383236e-06 
 1.00000000e+05  1.43400389e-07  1.54133759e-06 
 1.05776756e+05  1.40563293e-07  1.42831649e-06 
 1.11887221e+05  1.37827490e-07  1.32401501e-06 
 1.18350673e+05  1.35190244e-07  1.22773979e-06 
 1.25187503e+05  1.32648875e-07  1.13885326e-06 
 1.32419279e+05  1.30200752e-07  1.05676917e-06 
 1.40068818e+05  1.27843293e-07  9.80948405e-07 
 1.48160252e+05  1.25573967e-07  9.10895239e-07 
 1.56719108e+05  1.23390287e-07  8.46153793e-07 
 1.65772389e+05  1.21289811e-07  7.86304842e-07 
 1.75348655e+05  1.19270144e-07  7.30962855e-07 
 1.85478119e+05  1.17328930e-07  6.79773273e-07 
 1.96192737e+05  1.15463856e-07  6.32410018e-07 
 2.07526313e+05  1.13672652e-07  5.88573190e-07 
 2.19514602e+05  1.11953086e-07  5.47986957e-07 
 2.32195425e+05  1.10302968e-07  5.10397611e-07 
 2.45608788e+05  1.08720147e-07  4.75571785e-07 
 2.59797009e+05  1.07202514e-07  4.43294807e-07 
 2.74804848e+05  1.05747997e-07  4.13369196e-07 
 2.90679654e+05  1.04354566e-07  3.85613265e-07 
 3.07471508e+05  1.03020232e-07  3.59859852e-07 
 3.25233387e+05  1.01743044e-07  3.35955142e-07 
 3.44021326e+05  1.00521095e-07  3.13757591e-07 
 3.63894599e+05  9.93525205e-08  2.93136928e-07 
 3.84915902e+05  9.82354971e-08  2.73973248e-07 
 4.07151555e+05  9.71682457e-08  2.56156173e-07 
 4.30671707e+05  9.61490321e-08  2.39584077e-07 
 4.55550561e+05  9.51761672e-08  2.24163379e-07 
 4.81866605e+05  9.42480088e-08  2.09807893e-07 
 5.09702863e+05  9.33629623e-08  1.96438227e-07 
 5.39147154e+05  9.25194819e-08  1.83981234e-07 
 5.70292370e+05  9.17160722e-08  1.72369505e-07 
 6.03236769e+05  9.09512891e-08  1.61540905e-07 
 6.38084285e+05  9.02237415e-08  1.51438146e-07 
 6.74944857e+05  8.95320926e-08  1.42008394e-07 
 7.13934775e+05  8.88750616e-08  1.33202911e-07 
 7.55177045e+05  8.82514255e-08  1.24976719e-07 
 7.98801781e+05  8.76600205e-08  1.17288303e-07 
 8.44946611e+05  8.70997446e-08  1.10099326e-07 
 8.93757115e+05  8.65695593e-08  1.03374377e-07 
 9.45387283e+05  8.60684920e-08  9.70807332e-08 
 1.00000000e+06  8.55956387e-08  9.11881456e-08 
 1.05776756e+06  8.51501670e-08  8.56686408e-08 
 1.11887221e+06  8.47313189e-08  8.04963393e-08 
 1.18350673e+06  8.43384146e-08  7.56472891e-08 
 1.25187503e+06  8.39708560e-08  7.10993126e-08 
 1.32419279e+06  8.36281317e-08  6.68318669e-08 
 1.40068818e+06  8.33098213e-08  6.28259153e-08 
 1.48160252e+06  8.30156010e-08  5.90638100e-08 
 1.56719108e+06  8.27452497e-08  5.55291841e-08 
 1.65772389e+06  8.24986556e-08  5.22068532e-08 
 1.75348655e+06  8.22758240e-08  4.90827254e-08 
 1.85478119e+06  8.20768853e-08  4.61437188e-08 
 1.96192737e+06  8.19021043e-08  4.33776860e-08 
 2.07526313e+06  8.17518909e-08  4.07733458e-08 
 2.19514602e+06  8.16268109e-08  3.83202202e-08 
 2.32195425e+06  8.15275987e-08  3.60085773e-08 
 2.45608788e+06  8.14551714e-08  3.38293794e-08 
 2.59797009e+06  8.14106430e-08  3.17742353e-08 
 2.74804848e+06  8.13953414e-08  2.98353575e-08 
 2.90679654e+06  8.14108259e-08  2.80055227e-08 
 3.07471508e+06  8.14589060e-08  2.62780356e-08 
 3.25233387e+06  8.15416618e-08  2.46466965e-08 
 3.44021326e+06  8.16614655e-08  2.31057705e-08 
 3.63894599e+06  8.18210039e-08  2.16499592e-08 
 3.84915902e+06  8.20233018e-08  2.02743745e-08 
 4.07151555e+06  8.22717457e-08  1.89745133e-08 
 4.30671707e+06  8.25701075e-08  1.77462325e-08 
 4.55550561e+06  8.29225678e-08  1.65857258e-08 
 4.81866605e+06  8.33337378e-08  1.54894987e-08 
 5.09702863e+06  8.38086792e-08  1.44543448e-08 
 5.39147154e+06  8.43529199e-08  1.34773207e-08 
 5.70292370e+06  8.49724666e-08  1.25557199e-08 
 6.03236769e+06  8.56738103e-08  1.16870472e-08 
 6.38084285e+06  8.64639243e-08  1.08689913e-08 
 6.74944857e+06  8.73502539e-08  1.00993980e-08 
 7.13934775e+06  8.83406948e-08  9.37624379e-09 
 7.55177045e+06  8.94435588e-08  8.69760930e-09 
 7.98801781e+06  9.06675274e-08  8.06165572e-09 
 8.44946611e+06  9.20215898e-08  7.46660256e-09 
 8.93757115e+06  9.35149672e-08  6.91070868e-09 
 9.45387283e+06  9.51570223e-08  6.39225679e-09 
 1.00000000e+07  9.69571564e-08  5.90954185e-09 
 1.05776756e+07  9.89246942e-08  5.46086346e-09 
 1.11887221e+07  1.01068760e-07  5.04452231e-09 
 1.18350673e+07  1.03398149e-07  4.65882023e-09 
 1.25187503e+07  1.05921192e-07  4.30206347e-09 
 1.32419279e+07  1.08645623e-07  3.97256850e-09 
 1.40068818e+07  1.11578446e-07  3.66866968e-09 
 1.48160252e+07  1.14725805e-07  3.38872795e-09 
 1.56719108e+07  1.18092859e-07  3.13113993e-09 
 1.65772389e+07  1.21683655e-07  2.89434682e-09 
 1.75348655e+07  1.25501002e-07  2.67684259e-09 
 1.85478119e+07  1.29546348e-07  2.47718119e-09 
 1.96192737e+07  1.33819644e-07  2.29398237e-09 
 2.07526313e+07  1.38319214e-07  2.12593632e-09 
 2.19514602e+07  1.43041607e-07  1.97180683e-09 
 2.32195425e+07  1.47981463e-07  1.83043316e-09 
 2.45608788e+07  1.53131361e-07  1.70073075e-09 
 2.59797009e+07  1.58481697e-07  1.58169085e-09 
 2.74804848e+07  1.64020572e-07  1.47237922e-09 
 2.90679654e+07  1.69733708e-07  1.37193408e-09 
 3.07471508e+07  1.75604420e-07  1.27956343e-09 
 3.25233387e+07  1.81613635e-07  1.19454186e-09 
 3.44021326e+07  1.87739990e-07  1.11620703e-09 
 3.63894599e+07  1.93960004e-07  1.04395588e-09 
 3.84915902e+07  2.00248336e-07  9.77240699e-10 
 4.07151555e+07  2.06578136e-07  9.15565112e-10 
 4.30671707e+07  2.12921466e-07  8.58480121e-10 
 4.55550561e+07  2.19249809e-07  8.05580191e-10 
 4.81866605e+07  2.25534614e-07  7.56499478e-10 
 5.09702863e+07  2.31747895e-07  7.10908228e-10 
 5.39147154e+07  2.37862820e-07  6.68509367e-10 
 5.70292370e+07  2.43854294e-07  6.29035320e-10 
 6.03236769e+07  2.49699494e-07  5.92245049e-10 
 6.38084285e+07  2.55378325e-07  5.57921331e-10 
 6.74944857e+07  2.60873804e-07  5.25868266e-10 
 7.13934775e+07  2.66172328e-07  4.95909017e-10 
 7.55177045e+07  2.71263835e-07  4.67883760e-10 
 7.98801781e+07  2.76141860e-07  4.41647849e-10 
 8.44946611e+07  2.80803486e-07  4.17070165e-10 
 8.93757115e+07  2.85249201e-07  3.94031647e-10 
 9.45387283e+07  2.89482686e-07  3.72423988e-10 
 1.00000000e+08  2.93510547e-07  3.52148470e-10 
