 v-sweep         Vout           
-1.00000000e-06  6.03475125e-01 
-9.98000000e-07  6.03821763e-01 
-9.96000000e-07  6.04134244e-01 
-9.94000000e-07  6.04447270e-01 
-9.92000000e-07  6.04760911e-01 
-9.90000000e-07  6.05075164e-01 
-9.88000000e-07  6.05390026e-01 
-9.86000000e-07  6.05705493e-01 
-9.84000000e-07  6.06021560e-01 
-9.82000000e-07  6.06338224e-01 
-9.80000000e-07  6.06655482e-01 
-9.78000000e-07  6.06973329e-01 
-9.76000000e-07  6.07291762e-01 
-9.74000000e-07  6.07610777e-01 
-9.72000000e-07  6.07930371e-01 
-9.70000000e-07  6.08250538e-01 
-9.68000000e-07  6.08571277e-01 
-9.66000000e-07  6.08892581e-01 
-9.64000000e-07  6.09214449e-01 
-9.62000000e-07  6.09536875e-01 
-9.60000000e-07  6.09859857e-01 
-9.58000000e-07  6.10183389e-01 
-9.56000000e-07  6.10507469e-01 
-9.54000000e-07  6.10832091e-01 
-9.52000000e-07  6.11157254e-01 
-9.50000000e-07  6.11482951e-01 
-9.48000000e-07  6.11809180e-01 
-9.46000000e-07  6.12135936e-01 
-9.44000000e-07  6.12463216e-01 
-9.42000000e-07  6.12791015e-01 
-9.40000000e-07  6.13119329e-01 
-9.38000000e-07  6.13448156e-01 
-9.36000000e-07  6.13777490e-01 
-9.34000000e-07  6.14107328e-01 
-9.32000000e-07  6.14437665e-01 
-9.30000000e-07  6.14768498e-01 
-9.28000000e-07  6.15099823e-01 
-9.26000000e-07  6.15431636e-01 
-9.24000000e-07  6.15763932e-01 
-9.22000000e-07  6.16096709e-01 
-9.20000000e-07  6.16429961e-01 
-9.18000000e-07  6.16763685e-01 
-9.16000000e-07  6.17097877e-01 
-9.14000000e-07  6.17432534e-01 
-9.12000000e-07  6.17767650e-01 
-9.10000000e-07  6.18103223e-01 
-9.08000000e-07  6.18439247e-01 
-9.06000000e-07  6.18775721e-01 
-9.04000000e-07  6.19112638e-01 
-9.02000000e-07  6.19449996e-01 
-9.00000000e-07  6.19787791e-01 
-8.98000000e-07  6.20126019e-01 
-8.96000000e-07  6.20464675e-01 
-8.94000000e-07  6.20803756e-01 
-8.92000000e-07  6.21143259e-01 
-8.90000000e-07  6.21483179e-01 
-8.88000000e-07  6.21823512e-01 
-8.86000000e-07  6.22164256e-01 
-8.84000000e-07  6.22505404e-01 
-8.82000000e-07  6.22846955e-01 
-8.80000000e-07  6.23188905e-01 
-8.78000000e-07  6.23531249e-01 
-8.76000000e-07  6.23873984e-01 
-8.74000000e-07  6.24217106e-01 
-8.72000000e-07  6.24560611e-01 
-8.70000000e-07  6.24904496e-01 
-8.68000000e-07  6.25248757e-01 
-8.66000000e-07  6.25593390e-01 
-8.64000000e-07  6.25938392e-01 
-8.62000000e-07  6.26283759e-01 
-8.60000000e-07  6.26629487e-01 
-8.58000000e-07  6.26975573e-01 
-8.56000000e-07  6.27322014e-01 
-8.54000000e-07  6.27668805e-01 
-8.52000000e-07  6.28015943e-01 
-8.50000000e-07  6.28363425e-01 
-8.48000000e-07  6.28711247e-01 
-8.46000000e-07  6.29059406e-01 
-8.44000000e-07  6.29407898e-01 
-8.42000000e-07  6.29756720e-01 
-8.40000000e-07  6.30105868e-01 
-8.38000000e-07  6.30455338e-01 
-8.36000000e-07  6.30805129e-01 
-8.34000000e-07  6.31155236e-01 
-8.32000000e-07  6.31505655e-01 
-8.30000000e-07  6.31856384e-01 
-8.28000000e-07  6.32207419e-01 
-8.26000000e-07  6.32558757e-01 
-8.24000000e-07  6.32910395e-01 
-8.22000000e-07  6.33262330e-01 
-8.20000000e-07  6.33614557e-01 
-8.18000000e-07  6.33967075e-01 
-8.16000000e-07  6.34319879e-01 
-8.14000000e-07  6.34672968e-01 
-8.12000000e-07  6.35026337e-01 
-8.10000000e-07  6.35379983e-01 
-8.08000000e-07  6.35733904e-01 
-8.06000000e-07  6.36088097e-01 
-8.04000000e-07  6.36442558e-01 
-8.02000000e-07  6.36797284e-01 
-8.00000000e-07  6.37152273e-01 
-7.98000000e-07  6.37507521e-01 
-7.96000000e-07  6.37863025e-01 
-7.94000000e-07  6.38218784e-01 
-7.92000000e-07  6.38574792e-01 
-7.90000000e-07  6.38931049e-01 
-7.88000000e-07  6.39287551e-01 
-7.86000000e-07  6.39644295e-01 
-7.84000000e-07  6.40001279e-01 
-7.82000000e-07  6.40358499e-01 
-7.80000000e-07  6.40715953e-01 
-7.78000000e-07  6.41073638e-01 
-7.76000000e-07  6.41431552e-01 
-7.74000000e-07  6.41789691e-01 
-7.72000000e-07  6.42148054e-01 
-7.70000000e-07  6.42506636e-01 
-7.68000000e-07  6.42865438e-01 
-7.66000000e-07  6.43224454e-01 
-7.64000000e-07  6.43583682e-01 
-7.62000000e-07  6.43943122e-01 
-7.60000000e-07  6.44302769e-01 
-7.58000000e-07  6.44662621e-01 
-7.56000000e-07  6.45022675e-01 
-7.54000000e-07  6.45382930e-01 
-7.52000000e-07  6.45743383e-01 
-7.50000000e-07  6.46104031e-01 
-7.48000000e-07  6.46464873e-01 
-7.46000000e-07  6.46825905e-01 
-7.44000000e-07  6.47187125e-01 
-7.42000000e-07  6.47548532e-01 
-7.40000000e-07  6.47910122e-01 
-7.38000000e-07  6.48271894e-01 
-7.36000000e-07  6.48633845e-01 
-7.34000000e-07  6.48995973e-01 
-7.32000000e-07  6.49358276e-01 
-7.30000000e-07  6.49720752e-01 
-7.28000000e-07  6.50083398e-01 
-7.26000000e-07  6.50446212e-01 
-7.24000000e-07  6.50809193e-01 
-7.22000000e-07  6.51172338e-01 
-7.20000000e-07  6.51535645e-01 
-7.18000000e-07  6.51899112e-01 
-7.16000000e-07  6.52262736e-01 
-7.14000000e-07  6.52626518e-01 
-7.12000000e-07  6.52990453e-01 
-7.10000000e-07  6.53354540e-01 
-7.08000000e-07  6.53718777e-01 
-7.06000000e-07  6.54083162e-01 
-7.04000000e-07  6.54447694e-01 
-7.02000000e-07  6.54812370e-01 
-7.00000000e-07  6.55177188e-01 
-6.98000000e-07  6.55542148e-01 
-6.96000000e-07  6.55907246e-01 
-6.94000000e-07  6.56272481e-01 
-6.92000000e-07  6.56637851e-01 
-6.90000000e-07  6.57003355e-01 
-6.88000000e-07  6.57368990e-01 
-6.86000000e-07  6.57734756e-01 
-6.84000000e-07  6.58100650e-01 
-6.82000000e-07  6.58466670e-01 
-6.80000000e-07  6.58832815e-01 
-6.78000000e-07  6.59199084e-01 
-6.76000000e-07  6.59565474e-01 
-6.74000000e-07  6.59931984e-01 
-6.72000000e-07  6.60298613e-01 
-6.70000000e-07  6.60665358e-01 
-6.68000000e-07  6.61032219e-01 
-6.66000000e-07  6.61399194e-01 
-6.64000000e-07  6.61766280e-01 
-6.62000000e-07  6.62133478e-01 
-6.60000000e-07  6.62500784e-01 
-6.58000000e-07  6.62868198e-01 
-6.56000000e-07  6.63235719e-01 
-6.54000000e-07  6.63603344e-01 
-6.52000000e-07  6.63971072e-01 
-6.50000000e-07  6.64338903e-01 
-6.48000000e-07  6.64706834e-01 
-6.46000000e-07  6.65074864e-01 
-6.44000000e-07  6.65442992e-01 
-6.42000000e-07  6.65811217e-01 
-6.40000000e-07  6.66179536e-01 
-6.38000000e-07  6.66547950e-01 
-6.36000000e-07  6.66916456e-01 
-6.34000000e-07  6.67285053e-01 
-6.32000000e-07  6.67653741e-01 
-6.30000000e-07  6.68022517e-01 
-6.28000000e-07  6.68391380e-01 
-6.26000000e-07  6.68760329e-01 
-6.24000000e-07  6.69129364e-01 
-6.22000000e-07  6.69498482e-01 
-6.20000000e-07  6.69867683e-01 
-6.18000000e-07  6.70236966e-01 
-6.16000000e-07  6.70606329e-01 
-6.14000000e-07  6.70975771e-01 
-6.12000000e-07  6.71345291e-01 
-6.10000000e-07  6.71714888e-01 
-6.08000000e-07  6.72084561e-01 
-6.06000000e-07  6.72454308e-01 
-6.04000000e-07  6.72824129e-01 
-6.02000000e-07  6.73194023e-01 
-6.00000000e-07  6.73563988e-01 
-5.98000000e-07  6.73934024e-01 
-5.96000000e-07  6.74304130e-01 
-5.94000000e-07  6.74674304e-01 
-5.92000000e-07  6.75044545e-01 
-5.90000000e-07  6.75414853e-01 
-5.88000000e-07  6.75785226e-01 
-5.86000000e-07  6.76155664e-01 
-5.84000000e-07  6.76526166e-01 
-5.82000000e-07  6.76896730e-01 
-5.80000000e-07  6.77267357e-01 
-5.78000000e-07  6.77638044e-01 
-5.76000000e-07  6.78008791e-01 
-5.74000000e-07  6.78379597e-01 
-5.72000000e-07  6.78750461e-01 
-5.70000000e-07  6.79121382e-01 
-5.68000000e-07  6.79492360e-01 
-5.66000000e-07  6.79863394e-01 
-5.64000000e-07  6.80234481e-01 
-5.62000000e-07  6.80605624e-01 
-5.60000000e-07  6.80976819e-01 
-5.58000000e-07  6.81348067e-01 
-5.56000000e-07  6.81719366e-01 
-5.54000000e-07  6.82090716e-01 
-5.52000000e-07  6.82462116e-01 
-5.50000000e-07  6.82833565e-01 
-5.48000000e-07  6.83205062e-01 
-5.46000000e-07  6.83576608e-01 
-5.44000000e-07  6.83948200e-01 
-5.42000000e-07  6.84319838e-01 
-5.40000000e-07  6.84691522e-01 
-5.38000000e-07  6.85063251e-01 
-5.36000000e-07  6.85435024e-01 
-5.34000000e-07  6.85806840e-01 
-5.32000000e-07  6.86178699e-01 
-5.30000000e-07  6.86550600e-01 
-5.28000000e-07  6.86922543e-01 
-5.26000000e-07  6.87294526e-01 
-5.24000000e-07  6.87666550e-01 
-5.22000000e-07  6.88038613e-01 
-5.20000000e-07  6.88410714e-01 
-5.18000000e-07  6.88782854e-01 
-5.16000000e-07  6.89155032e-01 
-5.14000000e-07  6.89527246e-01 
-5.12000000e-07  6.89899497e-01 
-5.10000000e-07  6.90271785e-01 
-5.08000000e-07  6.90644107e-01 
-5.06000000e-07  6.91016463e-01 
-5.04000000e-07  6.91388855e-01 
-5.02000000e-07  6.91761279e-01 
-5.00000000e-07  6.92133736e-01 
-4.98000000e-07  6.92506226e-01 
-4.96000000e-07  6.92878748e-01 
-4.94000000e-07  6.93251302e-01 
-4.92000000e-07  6.93623886e-01 
-4.90000000e-07  6.93996500e-01 
-4.88000000e-07  6.94369145e-01 
-4.86000000e-07  6.94741819e-01 
-4.84000000e-07  6.95114521e-01 
-4.82000000e-07  6.95487253e-01 
-4.80000000e-07  6.95860011e-01 
-4.78000000e-07  6.96232798e-01 
-4.76000000e-07  6.96605611e-01 
-4.74000000e-07  6.96978451e-01 
-4.72000000e-07  6.97351317e-01 
-4.70000000e-07  6.97724208e-01 
-4.68000000e-07  6.98097125e-01 
-4.66000000e-07  6.98470066e-01 
-4.64000000e-07  6.98843031e-01 
-4.62000000e-07  6.99216021e-01 
-4.60000000e-07  6.99589033e-01 
-4.58000000e-07  6.99962069e-01 
-4.56000000e-07  7.00335127e-01 
-4.54000000e-07  7.00708207e-01 
-4.52000000e-07  7.01081309e-01 
-4.50000000e-07  7.01454433e-01 
-4.48000000e-07  7.01827577e-01 
-4.46000000e-07  7.02200742e-01 
-4.44000000e-07  7.02573927e-01 
-4.42000000e-07  7.02947131e-01 
-4.40000000e-07  7.03320355e-01 
-4.38000000e-07  7.03693598e-01 
-4.36000000e-07  7.04066860e-01 
-4.34000000e-07  7.04440140e-01 
-4.32000000e-07  7.04813437e-01 
-4.30000000e-07  7.05186752e-01 
-4.28000000e-07  7.05560084e-01 
-4.26000000e-07  7.05933433e-01 
-4.24000000e-07  7.06306798e-01 
-4.22000000e-07  7.06680179e-01 
-4.20000000e-07  7.07053576e-01 
-4.18000000e-07  7.07426988e-01 
-4.16000000e-07  7.07800415e-01 
-4.14000000e-07  7.08173857e-01 
-4.12000000e-07  7.08547313e-01 
-4.10000000e-07  7.08920782e-01 
-4.08000000e-07  7.09294265e-01 
-4.06000000e-07  7.09667761e-01 
-4.04000000e-07  7.10041270e-01 
-4.02000000e-07  7.10414792e-01 
-4.00000000e-07  7.10788325e-01 
-3.98000000e-07  7.11161871e-01 
-3.96000000e-07  7.11535427e-01 
-3.94000000e-07  7.11908995e-01 
-3.92000000e-07  7.12282573e-01 
-3.90000000e-07  7.12656161e-01 
-3.88000000e-07  7.13029760e-01 
-3.86000000e-07  7.13403368e-01 
-3.84000000e-07  7.13776986e-01 
-3.82000000e-07  7.14150612e-01 
-3.80000000e-07  7.14524247e-01 
-3.78000000e-07  7.14897890e-01 
-3.76000000e-07  7.15271541e-01 
-3.74000000e-07  7.15645200e-01 
-3.72000000e-07  7.16018866e-01 
-3.70000000e-07  7.16392538e-01 
-3.68000000e-07  7.16766217e-01 
-3.66000000e-07  7.17139903e-01 
-3.64000000e-07  7.17513594e-01 
-3.62000000e-07  7.17887290e-01 
-3.60000000e-07  7.18260992e-01 
-3.58000000e-07  7.18634698e-01 
-3.56000000e-07  7.19008409e-01 
-3.54000000e-07  7.19382124e-01 
-3.52000000e-07  7.19755842e-01 
-3.50000000e-07  7.20129565e-01 
-3.48000000e-07  7.20503290e-01 
-3.46000000e-07  7.20877017e-01 
-3.44000000e-07  7.21250748e-01 
-3.42000000e-07  7.21624481e-01 
-3.40000000e-07  7.21998215e-01 
-3.38000000e-07  7.22371950e-01 
-3.36000000e-07  7.22745687e-01 
-3.34000000e-07  7.23119425e-01 
-3.32000000e-07  7.23493163e-01 
-3.30000000e-07  7.23866901e-01 
-3.28000000e-07  7.24240639e-01 
-3.26000000e-07  7.24614377e-01 
-3.24000000e-07  7.24988114e-01 
-3.22000000e-07  7.25361850e-01 
-3.20000000e-07  7.25735585e-01 
-3.18000000e-07  7.26109318e-01 
-3.16000000e-07  7.26483050e-01 
-3.14000000e-07  7.26856779e-01 
-3.12000000e-07  7.27230505e-01 
-3.10000000e-07  7.27604229e-01 
-3.08000000e-07  7.27977950e-01 
-3.06000000e-07  7.28351667e-01 
-3.04000000e-07  7.28725382e-01 
-3.02000000e-07  7.29099092e-01 
-3.00000000e-07  7.29472798e-01 
-2.98000000e-07  7.29846500e-01 
-2.96000000e-07  7.30220197e-01 
-2.94000000e-07  7.30593890e-01 
-2.92000000e-07  7.30967578e-01 
-2.90000000e-07  7.31341260e-01 
-2.88000000e-07  7.31714937e-01 
-2.86000000e-07  7.32088608e-01 
-2.84000000e-07  7.32462273e-01 
-2.82000000e-07  7.32835932e-01 
-2.80000000e-07  7.33209584e-01 
-2.78000000e-07  7.33583231e-01 
-2.76000000e-07  7.33956870e-01 
-2.74000000e-07  7.34330502e-01 
-2.72000000e-07  7.34704127e-01 
-2.70000000e-07  7.35077745e-01 
-2.68000000e-07  7.35451355e-01 
-2.66000000e-07  7.35824957e-01 
-2.64000000e-07  7.36198551e-01 
-2.62000000e-07  7.36572137e-01 
-2.60000000e-07  7.36945715e-01 
-2.58000000e-07  7.37319284e-01 
-2.56000000e-07  7.37692845e-01 
-2.54000000e-07  7.38066397e-01 
-2.52000000e-07  7.38439939e-01 
-2.50000000e-07  7.38813473e-01 
-2.48000000e-07  7.39186997e-01 
-2.46000000e-07  7.39560512e-01 
-2.44000000e-07  7.39934017e-01 
-2.42000000e-07  7.40307512e-01 
-2.40000000e-07  7.40680998e-01 
-2.38000000e-07  7.41054473e-01 
-2.36000000e-07  7.41427938e-01 
-2.34000000e-07  7.41801392e-01 
-2.32000000e-07  7.42174836e-01 
-2.30000000e-07  7.42548270e-01 
-2.28000000e-07  7.42921692e-01 
-2.26000000e-07  7.43295104e-01 
-2.24000000e-07  7.43668504e-01 
-2.22000000e-07  7.44041894e-01 
-2.20000000e-07  7.44415272e-01 
-2.18000000e-07  7.44788639e-01 
-2.16000000e-07  7.45161993e-01 
-2.14000000e-07  7.45535337e-01 
-2.12000000e-07  7.45908668e-01 
-2.10000000e-07  7.46281988e-01 
-2.08000000e-07  7.46655296e-01 
-2.06000000e-07  7.47028591e-01 
-2.04000000e-07  7.47401874e-01 
-2.02000000e-07  7.47775145e-01 
-2.00000000e-07  7.48148404e-01 
-1.98000000e-07  7.48521650e-01 
-1.96000000e-07  7.48894883e-01 
-1.94000000e-07  7.49268103e-01 
-1.92000000e-07  7.49641311e-01 
-1.90000000e-07  7.50014505e-01 
-1.88000000e-07  7.50387687e-01 
-1.86000000e-07  7.50760855e-01 
-1.84000000e-07  7.51134010e-01 
-1.82000000e-07  7.51507152e-01 
-1.80000000e-07  7.51880280e-01 
-1.78000000e-07  7.52253395e-01 
-1.76000000e-07  7.52626496e-01 
-1.74000000e-07  7.52999583e-01 
-1.72000000e-07  7.53372656e-01 
-1.70000000e-07  7.53745716e-01 
-1.68000000e-07  7.54118761e-01 
-1.66000000e-07  7.54491793e-01 
-1.64000000e-07  7.54864810e-01 
-1.62000000e-07  7.55237813e-01 
-1.60000000e-07  7.55610802e-01 
-1.58000000e-07  7.55983776e-01 
-1.56000000e-07  7.56356736e-01 
-1.54000000e-07  7.56729681e-01 
-1.52000000e-07  7.57102611e-01 
-1.50000000e-07  7.57475527e-01 
-1.48000000e-07  7.57848428e-01 
-1.46000000e-07  7.58221314e-01 
-1.44000000e-07  7.58594185e-01 
-1.42000000e-07  7.58967041e-01 
-1.40000000e-07  7.59339882e-01 
-1.38000000e-07  7.59712708e-01 
-1.36000000e-07  7.60085518e-01 
-1.34000000e-07  7.60458314e-01 
-1.32000000e-07  7.60831093e-01 
-1.30000000e-07  7.61203857e-01 
-1.28000000e-07  7.61576606e-01 
-1.26000000e-07  7.61949339e-01 
-1.24000000e-07  7.62322057e-01 
-1.22000000e-07  7.62694758e-01 
-1.20000000e-07  7.63067444e-01 
-1.18000000e-07  7.63440114e-01 
-1.16000000e-07  7.63812768e-01 
-1.14000000e-07  7.64185406e-01 
-1.12000000e-07  7.64558027e-01 
-1.10000000e-07  7.64930633e-01 
-1.08000000e-07  7.65303222e-01 
-1.06000000e-07  7.65675795e-01 
-1.04000000e-07  7.66048352e-01 
-1.02000000e-07  7.66420893e-01 
-1.00000000e-07  7.66793416e-01 
-9.80000000e-08  7.67165924e-01 
-9.60000000e-08  7.67538414e-01 
-9.40000000e-08  7.67910888e-01 
-9.20000000e-08  7.68283345e-01 
-9.00000000e-08  7.68655786e-01 
-8.80000000e-08  7.69028209e-01 
-8.60000000e-08  7.69400616e-01 
-8.40000000e-08  7.69773006e-01 
-8.20000000e-08  7.70145378e-01 
-8.00000000e-08  7.70517734e-01 
-7.80000000e-08  7.70890072e-01 
-7.60000000e-08  7.71262393e-01 
-7.40000000e-08  7.71634697e-01 
-7.20000000e-08  7.72006983e-01 
-7.00000000e-08  7.72379252e-01 
-6.80000000e-08  7.72751504e-01 
-6.60000000e-08  7.73123738e-01 
-6.40000000e-08  7.73495954e-01 
-6.20000000e-08  7.73868153e-01 
-6.00000000e-08  7.74240334e-01 
-5.80000000e-08  7.74612497e-01 
-5.60000000e-08  7.74984643e-01 
-5.40000000e-08  7.75356770e-01 
-5.20000000e-08  7.75728880e-01 
-5.00000000e-08  7.76100972e-01 
-4.80000000e-08  7.76473046e-01 
-4.60000000e-08  7.76845102e-01 
-4.40000000e-08  7.77217139e-01 
-4.20000000e-08  7.77589158e-01 
-4.00000000e-08  7.77961159e-01 
-3.80000000e-08  7.78333142e-01 
-3.60000000e-08  7.78705106e-01 
-3.40000000e-08  7.79077052e-01 
-3.20000000e-08  7.79448980e-01 
-3.00000000e-08  7.79820889e-01 
-2.80000000e-08  7.80192779e-01 
-2.60000000e-08  7.80564651e-01 
-2.40000000e-08  7.80936504e-01 
-2.20000000e-08  7.81308338e-01 
-2.00000000e-08  7.81680153e-01 
-1.80000000e-08  7.82051950e-01 
-1.60000000e-08  7.82423727e-01 
-1.40000000e-08  7.82795486e-01 
-1.20000000e-08  7.83167226e-01 
-1.00000000e-08  7.83538946e-01 
-8.00000000e-09  7.83910648e-01 
-6.00000000e-09  7.84282330e-01 
-4.00000000e-09  7.84653993e-01 
-2.00000000e-09  7.85025636e-01 
 7.77963366e-21  7.85397261e-01 
 2.00000000e-09  7.85768866e-01 
 4.00000000e-09  7.86140452e-01 
 6.00000000e-09  7.86512018e-01 
 8.00000000e-09  7.86883564e-01 
 1.00000000e-08  7.87255091e-01 
 1.20000000e-08  7.87626598e-01 
 1.40000000e-08  7.87998086e-01 
 1.60000000e-08  7.88369554e-01 
 1.80000000e-08  7.88741001e-01 
 2.00000000e-08  7.89112429e-01 
 2.20000000e-08  7.89483838e-01 
 2.40000000e-08  7.89855226e-01 
 2.60000000e-08  7.90226594e-01 
 2.80000000e-08  7.90597942e-01 
 3.00000000e-08  7.90969270e-01 
 3.20000000e-08  7.91340578e-01 
 3.40000000e-08  7.91711865e-01 
 3.60000000e-08  7.92083132e-01 
 3.80000000e-08  7.92454379e-01 
 4.00000000e-08  7.92825605e-01 
 4.20000000e-08  7.93196811e-01 
 4.40000000e-08  7.93567997e-01 
 4.60000000e-08  7.93939162e-01 
 4.80000000e-08  7.94310306e-01 
 5.00000000e-08  7.94681429e-01 
 5.20000000e-08  7.95052532e-01 
 5.40000000e-08  7.95423614e-01 
 5.60000000e-08  7.95794675e-01 
 5.80000000e-08  7.96165716e-01 
 6.00000000e-08  7.96536735e-01 
 6.20000000e-08  7.96907733e-01 
 6.40000000e-08  7.97278710e-01 
 6.60000000e-08  7.97649666e-01 
 6.80000000e-08  7.98020602e-01 
 7.00000000e-08  7.98391515e-01 
 7.20000000e-08  7.98762408e-01 
 7.40000000e-08  7.99133279e-01 
 7.60000000e-08  7.99504128e-01 
 7.80000000e-08  7.99874957e-01 
 8.00000000e-08  8.00245763e-01 
 8.20000000e-08  8.00616549e-01 
 8.40000000e-08  8.00987312e-01 
 8.60000000e-08  8.01358054e-01 
 8.80000000e-08  8.01728774e-01 
 9.00000000e-08  8.02099472e-01 
 9.20000000e-08  8.02470148e-01 
 9.40000000e-08  8.02840803e-01 
 9.60000000e-08  8.03211435e-01 
 9.80000000e-08  8.03582046e-01 
 1.00000000e-07  8.03952634e-01 
 1.02000000e-07  8.04323200e-01 
 1.04000000e-07  8.04693744e-01 
 1.06000000e-07  8.05064266e-01 
 1.08000000e-07  8.05434765e-01 
 1.10000000e-07  8.05805242e-01 
 1.12000000e-07  8.06175696e-01 
 1.14000000e-07  8.06546128e-01 
 1.16000000e-07  8.06916537e-01 
 1.18000000e-07  8.07286924e-01 
 1.20000000e-07  8.07657287e-01 
 1.22000000e-07  8.08027628e-01 
 1.24000000e-07  8.08397946e-01 
 1.26000000e-07  8.08768241e-01 
 1.28000000e-07  8.09138513e-01 
 1.30000000e-07  8.09508762e-01 
 1.32000000e-07  8.09878988e-01 
 1.34000000e-07  8.10249191e-01 
 1.36000000e-07  8.10619370e-01 
 1.38000000e-07  8.10989526e-01 
 1.40000000e-07  8.11359659e-01 
 1.42000000e-07  8.11729768e-01 
 1.44000000e-07  8.12099854e-01 
 1.46000000e-07  8.12469916e-01 
 1.48000000e-07  8.12839954e-01 
 1.50000000e-07  8.13209968e-01 
 1.52000000e-07  8.13579959e-01 
 1.54000000e-07  8.13949926e-01 
 1.56000000e-07  8.14319869e-01 
 1.58000000e-07  8.14689787e-01 
 1.60000000e-07  8.15059681e-01 
 1.62000000e-07  8.15429552e-01 
 1.64000000e-07  8.15799398e-01 
 1.66000000e-07  8.16169220e-01 
 1.68000000e-07  8.16539017e-01 
 1.70000000e-07  8.16908790e-01 
 1.72000000e-07  8.17278538e-01 
 1.74000000e-07  8.17648262e-01 
 1.76000000e-07  8.18017961e-01 
 1.78000000e-07  8.18387635e-01 
 1.80000000e-07  8.18757284e-01 
 1.82000000e-07  8.19126908e-01 
 1.84000000e-07  8.19496508e-01 
 1.86000000e-07  8.19866082e-01 
 1.88000000e-07  8.20235631e-01 
 1.90000000e-07  8.20605155e-01 
 1.92000000e-07  8.20974653e-01 
 1.94000000e-07  8.21344126e-01 
 1.96000000e-07  8.21713574e-01 
 1.98000000e-07  8.22082996e-01 
 2.00000000e-07  8.22452393e-01 
 2.02000000e-07  8.22821764e-01 
 2.04000000e-07  8.23191108e-01 
 2.06000000e-07  8.23560428e-01 
 2.08000000e-07  8.23929721e-01 
 2.10000000e-07  8.24298989e-01 
 2.12000000e-07  8.24668230e-01 
 2.14000000e-07  8.25037445e-01 
 2.16000000e-07  8.25406634e-01 
 2.18000000e-07  8.25775797e-01 
 2.20000000e-07  8.26144934e-01 
 2.22000000e-07  8.26514044e-01 
 2.24000000e-07  8.26883127e-01 
 2.26000000e-07  8.27252184e-01 
 2.28000000e-07  8.27621215e-01 
 2.30000000e-07  8.27990219e-01 
 2.32000000e-07  8.28359196e-01 
 2.34000000e-07  8.28728146e-01 
 2.36000000e-07  8.29097069e-01 
 2.38000000e-07  8.29465965e-01 
 2.40000000e-07  8.29834834e-01 
 2.42000000e-07  8.30203676e-01 
 2.44000000e-07  8.30572491e-01 
 2.46000000e-07  8.30941279e-01 
 2.48000000e-07  8.31310039e-01 
 2.50000000e-07  8.31678772e-01 
 2.52000000e-07  8.32047477e-01 
 2.54000000e-07  8.32416155e-01 
 2.56000000e-07  8.32784804e-01 
 2.58000000e-07  8.33153427e-01 
 2.60000000e-07  8.33522021e-01 
 2.62000000e-07  8.33890588e-01 
 2.64000000e-07  8.34259127e-01 
 2.66000000e-07  8.34627638e-01 
 2.68000000e-07  8.34996120e-01 
 2.70000000e-07  8.35364575e-01 
 2.72000000e-07  8.35733001e-01 
 2.74000000e-07  8.36101399e-01 
 2.76000000e-07  8.36469769e-01 
 2.78000000e-07  8.36838110e-01 
 2.80000000e-07  8.37206422e-01 
 2.82000000e-07  8.37574706e-01 
 2.84000000e-07  8.37942962e-01 
 2.86000000e-07  8.38311188e-01 
 2.88000000e-07  8.38679386e-01 
 2.90000000e-07  8.39047554e-01 
 2.92000000e-07  8.39415694e-01 
 2.94000000e-07  8.39783805e-01 
 2.96000000e-07  8.40151886e-01 
 2.98000000e-07  8.40519938e-01 
 3.00000000e-07  8.40887961e-01 
 3.02000000e-07  8.41255954e-01 
 3.04000000e-07  8.41623918e-01 
 3.06000000e-07  8.41991852e-01 
 3.08000000e-07  8.42359757e-01 
 3.10000000e-07  8.42727631e-01 
 3.12000000e-07  8.43095476e-01 
 3.14000000e-07  8.43463291e-01 
 3.16000000e-07  8.43831076e-01 
 3.18000000e-07  8.44198831e-01 
 3.20000000e-07  8.44566555e-01 
 3.22000000e-07  8.44934249e-01 
 3.24000000e-07  8.45301913e-01 
 3.26000000e-07  8.45669547e-01 
 3.28000000e-07  8.46037149e-01 
 3.30000000e-07  8.46404721e-01 
 3.32000000e-07  8.46772262e-01 
 3.34000000e-07  8.47139773e-01 
 3.36000000e-07  8.47507252e-01 
 3.38000000e-07  8.47874700e-01 
 3.40000000e-07  8.48242118e-01 
 3.42000000e-07  8.48609503e-01 
 3.44000000e-07  8.48976858e-01 
 3.46000000e-07  8.49344181e-01 
 3.48000000e-07  8.49711472e-01 
 3.50000000e-07  8.50078732e-01 
 3.52000000e-07  8.50445960e-01 
 3.54000000e-07  8.50813155e-01 
 3.56000000e-07  8.51180319e-01 
 3.58000000e-07  8.51547451e-01 
 3.60000000e-07  8.51914551e-01 
 3.62000000e-07  8.52281618e-01 
 3.64000000e-07  8.52648653e-01 
 3.66000000e-07  8.53015655e-01 
 3.68000000e-07  8.53382624e-01 
 3.70000000e-07  8.53749561e-01 
 3.72000000e-07  8.54116465e-01 
 3.74000000e-07  8.54483335e-01 
 3.76000000e-07  8.54850173e-01 
 3.78000000e-07  8.55216977e-01 
 3.80000000e-07  8.55583748e-01 
 3.82000000e-07  8.55950485e-01 
 3.84000000e-07  8.56317189e-01 
 3.86000000e-07  8.56683859e-01 
 3.88000000e-07  8.57050495e-01 
 3.90000000e-07  8.57417097e-01 
 3.92000000e-07  8.57783664e-01 
 3.94000000e-07  8.58150197e-01 
 3.96000000e-07  8.58516696e-01 
 3.98000000e-07  8.58883161e-01 
 4.00000000e-07  8.59249590e-01 
 4.02000000e-07  8.59615985e-01 
 4.04000000e-07  8.59982345e-01 
 4.06000000e-07  8.60348669e-01 
 4.08000000e-07  8.60714959e-01 
 4.10000000e-07  8.61081212e-01 
 4.12000000e-07  8.61447431e-01 
 4.14000000e-07  8.61813613e-01 
 4.16000000e-07  8.62179760e-01 
 4.18000000e-07  8.62545870e-01 
 4.20000000e-07  8.62911945e-01 
 4.22000000e-07  8.63277983e-01 
 4.24000000e-07  8.63643985e-01 
 4.26000000e-07  8.64009950e-01 
 4.28000000e-07  8.64375878e-01 
 4.30000000e-07  8.64741769e-01 
 4.32000000e-07  8.65107624e-01 
 4.34000000e-07  8.65473440e-01 
 4.36000000e-07  8.65839220e-01 
 4.38000000e-07  8.66204961e-01 
 4.40000000e-07  8.66570665e-01 
 4.42000000e-07  8.66936331e-01 
 4.44000000e-07  8.67301959e-01 
 4.46000000e-07  8.67667548e-01 
 4.48000000e-07  8.68033099e-01 
 4.50000000e-07  8.68398612e-01 
 4.52000000e-07  8.68764085e-01 
 4.54000000e-07  8.69129519e-01 
 4.56000000e-07  8.69494914e-01 
 4.58000000e-07  8.69860270e-01 
 4.60000000e-07  8.70225586e-01 
 4.62000000e-07  8.70590862e-01 
 4.64000000e-07  8.70956098e-01 
 4.66000000e-07  8.71321294e-01 
 4.68000000e-07  8.71686450e-01 
 4.70000000e-07  8.72051564e-01 
 4.72000000e-07  8.72416638e-01 
 4.74000000e-07  8.72781671e-01 
 4.76000000e-07  8.73146663e-01 
 4.78000000e-07  8.73511613e-01 
 4.80000000e-07  8.73876522e-01 
 4.82000000e-07  8.74241388e-01 
 4.84000000e-07  8.74606213e-01 
 4.86000000e-07  8.74970995e-01 
 4.88000000e-07  8.75335735e-01 
 4.90000000e-07  8.75700431e-01 
 4.92000000e-07  8.76065085e-01 
 4.94000000e-07  8.76429696e-01 
 4.96000000e-07  8.76794263e-01 
 4.98000000e-07  8.77158786e-01 
 5.00000000e-07  8.77523265e-01 
 5.02000000e-07  8.77887700e-01 
 5.04000000e-07  8.78252091e-01 
 5.06000000e-07  8.78616436e-01 
 5.08000000e-07  8.78980738e-01 
 5.10000000e-07  8.79344993e-01 
 5.12000000e-07  8.79709203e-01 
 5.14000000e-07  8.80073367e-01 
 5.16000000e-07  8.80437486e-01 
 5.18000000e-07  8.80801557e-01 
 5.20000000e-07  8.81165583e-01 
 5.22000000e-07  8.81529562e-01 
 5.24000000e-07  8.81893493e-01 
 5.26000000e-07  8.82257377e-01 
 5.28000000e-07  8.82621213e-01 
 5.30000000e-07  8.82985001e-01 
 5.32000000e-07  8.83348741e-01 
 5.34000000e-07  8.83712433e-01 
 5.36000000e-07  8.84076075e-01 
 5.38000000e-07  8.84439668e-01 
 5.40000000e-07  8.84803212e-01 
 5.42000000e-07  8.85166706e-01 
 5.44000000e-07  8.85530150e-01 
 5.46000000e-07  8.85893543e-01 
 5.48000000e-07  8.86256886e-01 
 5.50000000e-07  8.86620177e-01 
 5.52000000e-07  8.86983417e-01 
 5.54000000e-07  8.87346605e-01 
 5.56000000e-07  8.87709742e-01 
 5.58000000e-07  8.88072825e-01 
 5.60000000e-07  8.88435856e-01 
 5.62000000e-07  8.88798834e-01 
 5.64000000e-07  8.89161758e-01 
 5.66000000e-07  8.89524628e-01 
 5.68000000e-07  8.89887444e-01 
 5.70000000e-07  8.90250206e-01 
 5.72000000e-07  8.90612912e-01 
 5.74000000e-07  8.90975563e-01 
 5.76000000e-07  8.91338159e-01 
 5.78000000e-07  8.91700698e-01 
 5.80000000e-07  8.92063180e-01 
 5.82000000e-07  8.92425606e-01 
 5.84000000e-07  8.92787975e-01 
 5.86000000e-07  8.93150285e-01 
 5.88000000e-07  8.93512538e-01 
 5.90000000e-07  8.93874731e-01 
 5.92000000e-07  8.94236866e-01 
 5.94000000e-07  8.94598942e-01 
 5.96000000e-07  8.94960957e-01 
 5.98000000e-07  8.95322912e-01 
 6.00000000e-07  8.95684807e-01 
 6.02000000e-07  8.96046640e-01 
 6.04000000e-07  8.96408412e-01 
 6.06000000e-07  8.96770121e-01 
 6.08000000e-07  8.97131768e-01 
 6.10000000e-07  8.97493352e-01 
 6.12000000e-07  8.97854872e-01 
 6.14000000e-07  8.98216329e-01 
 6.16000000e-07  8.98577721e-01 
 6.18000000e-07  8.98939047e-01 
 6.20000000e-07  8.99300309e-01 
 6.22000000e-07  8.99661504e-01 
 6.24000000e-07  9.00022633e-01 
 6.26000000e-07  9.00383694e-01 
 6.28000000e-07  9.00744689e-01 
 6.30000000e-07  9.01105615e-01 
 6.32000000e-07  9.01466472e-01 
 6.34000000e-07  9.01827260e-01 
 6.36000000e-07  9.02187978e-01 
 6.38000000e-07  9.02548626e-01 
 6.40000000e-07  9.02909204e-01 
 6.42000000e-07  9.03269709e-01 
 6.44000000e-07  9.03630143e-01 
 6.46000000e-07  9.03990504e-01 
 6.48000000e-07  9.04350792e-01 
 6.50000000e-07  9.04711006e-01 
 6.52000000e-07  9.05071145e-01 
 6.54000000e-07  9.05431209e-01 
 6.56000000e-07  9.05791198e-01 
 6.58000000e-07  9.06151111e-01 
 6.60000000e-07  9.06510946e-01 
 6.62000000e-07  9.06870704e-01 
 6.64000000e-07  9.07230384e-01 
 6.66000000e-07  9.07589984e-01 
 6.68000000e-07  9.07949505e-01 
 6.70000000e-07  9.08308946e-01 
 6.72000000e-07  9.08668306e-01 
 6.74000000e-07  9.09027584e-01 
 6.76000000e-07  9.09386780e-01 
 6.78000000e-07  9.09745893e-01 
 6.80000000e-07  9.10104922e-01 
 6.82000000e-07  9.10463866e-01 
 6.84000000e-07  9.10822725e-01 
 6.86000000e-07  9.11181498e-01 
 6.88000000e-07  9.11540184e-01 
 6.90000000e-07  9.11898782e-01 
 6.92000000e-07  9.12257293e-01 
 6.94000000e-07  9.12615714e-01 
 6.96000000e-07  9.12974045e-01 
 6.98000000e-07  9.13332286e-01 
 7.00000000e-07  9.13690435e-01 
 7.02000000e-07  9.14048491e-01 
 7.04000000e-07  9.14406455e-01 
 7.06000000e-07  9.14764324e-01 
 7.08000000e-07  9.15122099e-01 
 7.10000000e-07  9.15479777e-01 
 7.12000000e-07  9.15837360e-01 
 7.14000000e-07  9.16194844e-01 
 7.16000000e-07  9.16552230e-01 
 7.18000000e-07  9.16909517e-01 
 7.20000000e-07  9.17266704e-01 
 7.22000000e-07  9.17623789e-01 
 7.24000000e-07  9.17980773e-01 
 7.26000000e-07  9.18337653e-01 
 7.28000000e-07  9.18694429e-01 
 7.30000000e-07  9.19051101e-01 
 7.32000000e-07  9.19407666e-01 
 7.34000000e-07  9.19764125e-01 
 7.36000000e-07  9.20120475e-01 
 7.38000000e-07  9.20476717e-01 
 7.40000000e-07  9.20832848e-01 
 7.42000000e-07  9.21188868e-01 
 7.44000000e-07  9.21544777e-01 
 7.46000000e-07  9.21900572e-01 
 7.48000000e-07  9.22256253e-01 
 7.50000000e-07  9.22611818e-01 
 7.52000000e-07  9.22967268e-01 
 7.54000000e-07  9.23322599e-01 
 7.56000000e-07  9.23677812e-01 
 7.58000000e-07  9.24032905e-01 
 7.60000000e-07  9.24387877e-01 
 7.62000000e-07  9.24742727e-01 
 7.64000000e-07  9.25097454e-01 
 7.66000000e-07  9.25452056e-01 
 7.68000000e-07  9.25806533e-01 
 7.70000000e-07  9.26160882e-01 
 7.72000000e-07  9.26515104e-01 
 7.74000000e-07  9.26869196e-01 
 7.76000000e-07  9.27223157e-01 
 7.78000000e-07  9.27576986e-01 
 7.80000000e-07  9.27930683e-01 
 7.82000000e-07  9.28284244e-01 
 7.84000000e-07  9.28637670e-01 
 7.86000000e-07  9.28990959e-01 
 7.88000000e-07  9.29344109e-01 
 7.90000000e-07  9.29697119e-01 
 7.92000000e-07  9.30049988e-01 
 7.94000000e-07  9.30402714e-01 
 7.96000000e-07  9.30755296e-01 
 7.98000000e-07  9.31107733e-01 
 8.00000000e-07  9.31460023e-01 
 8.02000000e-07  9.31812164e-01 
 8.04000000e-07  9.32164156e-01 
 8.06000000e-07  9.32515996e-01 
 8.08000000e-07  9.32867683e-01 
 8.10000000e-07  9.33219217e-01 
 8.12000000e-07  9.33570594e-01 
 8.14000000e-07  9.33921814e-01 
 8.16000000e-07  9.34272875e-01 
 8.18000000e-07  9.34623775e-01 
 8.20000000e-07  9.34974513e-01 
 8.22000000e-07  9.35325088e-01 
 8.24000000e-07  9.35675497e-01 
 8.26000000e-07  9.36025739e-01 
 8.28000000e-07  9.36375813e-01 
 8.30000000e-07  9.36725716e-01 
 8.32000000e-07  9.37075447e-01 
 8.34000000e-07  9.37425004e-01 
 8.36000000e-07  9.37774386e-01 
 8.38000000e-07  9.38123591e-01 
 8.40000000e-07  9.38472616e-01 
 8.42000000e-07  9.38821461e-01 
 8.44000000e-07  9.39170123e-01 
 8.46000000e-07  9.39518601e-01 
 8.48000000e-07  9.39866893e-01 
 8.50000000e-07  9.40214996e-01 
 8.52000000e-07  9.40562910e-01 
 8.54000000e-07  9.40910632e-01 
 8.56000000e-07  9.41258160e-01 
 8.58000000e-07  9.41605493e-01 
 8.60000000e-07  9.41952628e-01 
 8.62000000e-07  9.42299563e-01 
 8.64000000e-07  9.42646297e-01 
 8.66000000e-07  9.42992827e-01 
 8.68000000e-07  9.43339152e-01 
 8.70000000e-07  9.43685269e-01 
 8.72000000e-07  9.44031176e-01 
 8.74000000e-07  9.44376872e-01 
 8.76000000e-07  9.44722355e-01 
 8.78000000e-07  9.45067621e-01 
 8.80000000e-07  9.45412669e-01 
 8.82000000e-07  9.45757497e-01 
 8.84000000e-07  9.46102102e-01 
 8.86000000e-07  9.46446484e-01 
 8.88000000e-07  9.46790638e-01 
 8.90000000e-07  9.47134564e-01 
 8.92000000e-07  9.47478258e-01 
 8.94000000e-07  9.47821719e-01 
 8.96000000e-07  9.48164945e-01 
 8.98000000e-07  9.48507932e-01 
 9.00000000e-07  9.48850679e-01 
 9.02000000e-07  9.49193183e-01 
 9.04000000e-07  9.49535443e-01 
 9.06000000e-07  9.49877455e-01 
 9.08000000e-07  9.50219217e-01 
 9.10000000e-07  9.50560727e-01 
 9.12000000e-07  9.50901982e-01 
 9.14000000e-07  9.51242981e-01 
 9.16000000e-07  9.51583720e-01 
 9.18000000e-07  9.51924197e-01 
 9.20000000e-07  9.52264409e-01 
 9.22000000e-07  9.52604354e-01 
 9.24000000e-07  9.52944030e-01 
 9.26000000e-07  9.53283434e-01 
 9.28000000e-07  9.53622563e-01 
 9.30000000e-07  9.53961414e-01 
 9.32000000e-07  9.54299986e-01 
 9.34000000e-07  9.54638275e-01 
 9.36000000e-07  9.54976280e-01 
 9.38000000e-07  9.55313995e-01 
 9.40000000e-07  9.55651421e-01 
 9.42000000e-07  9.55988553e-01 
 9.44000000e-07  9.56325390e-01 
 9.46000000e-07  9.56661927e-01 
 9.48000000e-07  9.56998163e-01 
 9.50000000e-07  9.57334095e-01 
 9.52000000e-07  9.57669719e-01 
 9.54000000e-07  9.58005034e-01 
 9.56000000e-07  9.58340036e-01 
 9.58000000e-07  9.58674722e-01 
 9.60000000e-07  9.59009090e-01 
 9.62000000e-07  9.59343136e-01 
 9.64000000e-07  9.59676859e-01 
 9.66000000e-07  9.60010254e-01 
 9.68000000e-07  9.60343319e-01 
 9.70000000e-07  9.60676051e-01 
 9.72000000e-07  9.61008447e-01 
 9.74000000e-07  9.61340504e-01 
 9.76000000e-07  9.61672219e-01 
 9.78000000e-07  9.62003589e-01 
 9.80000000e-07  9.62334611e-01 
 9.82000000e-07  9.62665282e-01 
 9.84000000e-07  9.62995599e-01 
 9.86000000e-07  9.63325559e-01 
 9.88000000e-07  9.63655159e-01 
 9.90000000e-07  9.63984395e-01 
 9.92000000e-07  9.64313264e-01 
 9.94000000e-07  9.64641765e-01 
 9.96000000e-07  9.64969892e-01 
 9.98000000e-07  9.65297643e-01 
 1.00000000e-06  9.65625016e-01 
