 v-sweep         Vout           
-5.00000000e-06  4.72960211e-01 
-4.99000000e-06  4.73052299e-01 
-4.98000000e-06  4.73142942e-01 
-4.97000000e-06  4.73233796e-01 
-4.96000000e-06  4.73324865e-01 
-4.95000000e-06  4.73416151e-01 
-4.94000000e-06  4.73507656e-01 
-4.93000000e-06  4.73599379e-01 
-4.92000000e-06  4.73691322e-01 
-4.91000000e-06  4.73783487e-01 
-4.90000000e-06  4.73875875e-01 
-4.89000000e-06  4.73968486e-01 
-4.88000000e-06  4.74061322e-01 
-4.87000000e-06  4.74154385e-01 
-4.86000000e-06  4.74247674e-01 
-4.85000000e-06  4.74341192e-01 
-4.84000000e-06  4.74434940e-01 
-4.83000000e-06  4.74528919e-01 
-4.82000000e-06  4.74623130e-01 
-4.81000000e-06  4.74717574e-01 
-4.80000000e-06  4.74812253e-01 
-4.79000000e-06  4.74907168e-01 
-4.78000000e-06  4.75002321e-01 
-4.77000000e-06  4.75097711e-01 
-4.76000000e-06  4.75193342e-01 
-4.75000000e-06  4.75289214e-01 
-4.74000000e-06  4.75385328e-01 
-4.73000000e-06  4.75481686e-01 
-4.72000000e-06  4.75578290e-01 
-4.71000000e-06  4.75675140e-01 
-4.70000000e-06  4.75772237e-01 
-4.69000000e-06  4.75869584e-01 
-4.68000000e-06  4.75967182e-01 
-4.67000000e-06  4.76065032e-01 
-4.66000000e-06  4.76163135e-01 
-4.65000000e-06  4.76261493e-01 
-4.64000000e-06  4.76360107e-01 
-4.63000000e-06  4.76458980e-01 
-4.62000000e-06  4.76558111e-01 
-4.61000000e-06  4.76657503e-01 
-4.60000000e-06  4.76757158e-01 
-4.59000000e-06  4.76857076e-01 
-4.58000000e-06  4.76957260e-01 
-4.57000000e-06  4.77057710e-01 
-4.56000000e-06  4.77158429e-01 
-4.55000000e-06  4.77259418e-01 
-4.54000000e-06  4.77360678e-01 
-4.53000000e-06  4.77462211e-01 
-4.52000000e-06  4.77564019e-01 
-4.51000000e-06  4.77666103e-01 
-4.50000000e-06  4.77768465e-01 
-4.49000000e-06  4.77871107e-01 
-4.48000000e-06  4.77974029e-01 
-4.47000000e-06  4.78077235e-01 
-4.46000000e-06  4.78180726e-01 
-4.45000000e-06  4.78284502e-01 
-4.44000000e-06  4.78388567e-01 
-4.43000000e-06  4.78492922e-01 
-4.42000000e-06  4.78597568e-01 
-4.41000000e-06  4.78702507e-01 
-4.40000000e-06  4.78807741e-01 
-4.39000000e-06  4.78913273e-01 
-4.38000000e-06  4.79019103e-01 
-4.37000000e-06  4.79125233e-01 
-4.36000000e-06  4.79231666e-01 
-4.35000000e-06  4.79338404e-01 
-4.34000000e-06  4.79445447e-01 
-4.33000000e-06  4.79552799e-01 
-4.32000000e-06  4.79660460e-01 
-4.31000000e-06  4.79768434e-01 
-4.30000000e-06  4.79876721e-01 
-4.29000000e-06  4.79985324e-01 
-4.28000000e-06  4.80094246e-01 
-4.27000000e-06  4.80203487e-01 
-4.26000000e-06  4.80313050e-01 
-4.25000000e-06  4.80422937e-01 
-4.24000000e-06  4.80533151e-01 
-4.23000000e-06  4.80643692e-01 
-4.22000000e-06  4.80754564e-01 
-4.21000000e-06  4.80865768e-01 
-4.20000000e-06  4.80977307e-01 
-4.19000000e-06  4.81089183e-01 
-4.18000000e-06  4.81201398e-01 
-4.17000000e-06  4.81313954e-01 
-4.16000000e-06  4.81426854e-01 
-4.15000000e-06  4.81540099e-01 
-4.14000000e-06  4.81653693e-01 
-4.13000000e-06  4.81767637e-01 
-4.12000000e-06  4.81881934e-01 
-4.11000000e-06  4.81996586e-01 
-4.10000000e-06  4.82111595e-01 
-4.09000000e-06  4.82226965e-01 
-4.08000000e-06  4.82342697e-01 
-4.07000000e-06  4.82458794e-01 
-4.06000000e-06  4.82575258e-01 
-4.05000000e-06  4.82692092e-01 
-4.04000000e-06  4.82809298e-01 
-4.03000000e-06  4.82926880e-01 
-4.02000000e-06  4.83044839e-01 
-4.01000000e-06  4.83163178e-01 
-4.00000000e-06  4.83281900e-01 
-3.99000000e-06  4.83401008e-01 
-3.98000000e-06  4.83520504e-01 
-3.97000000e-06  4.83640391e-01 
-3.96000000e-06  4.83760672e-01 
-3.95000000e-06  4.83881350e-01 
-3.94000000e-06  4.84002427e-01 
-3.93000000e-06  4.84123906e-01 
-3.92000000e-06  4.84245790e-01 
-3.91000000e-06  4.84368083e-01 
-3.90000000e-06  4.84490787e-01 
-3.89000000e-06  4.84613904e-01 
-3.88000000e-06  4.84737439e-01 
-3.87000000e-06  4.84861394e-01 
-3.86000000e-06  4.84985772e-01 
-3.85000000e-06  4.85110576e-01 
-3.84000000e-06  4.85235810e-01 
-3.83000000e-06  4.85361477e-01 
-3.82000000e-06  4.85487580e-01 
-3.81000000e-06  4.85614121e-01 
-3.80000000e-06  4.85741106e-01 
-3.79000000e-06  4.85868536e-01 
-3.78000000e-06  4.85996415e-01 
-3.77000000e-06  4.86124747e-01 
-3.76000000e-06  4.86253535e-01 
-3.75000000e-06  4.86382783e-01 
-3.74000000e-06  4.86512493e-01 
-3.73000000e-06  4.86642671e-01 
-3.72000000e-06  4.86773318e-01 
-3.71000000e-06  4.86904440e-01 
-3.70000000e-06  4.87036039e-01 
-3.69000000e-06  4.87168120e-01 
-3.68000000e-06  4.87300686e-01 
-3.67000000e-06  4.87433741e-01 
-3.66000000e-06  4.87567289e-01 
-3.65000000e-06  4.87701334e-01 
-3.64000000e-06  4.87835880e-01 
-3.63000000e-06  4.87970930e-01 
-3.62000000e-06  4.88106490e-01 
-3.61000000e-06  4.88242563e-01 
-3.60000000e-06  4.88379152e-01 
-3.59000000e-06  4.88516264e-01 
-3.58000000e-06  4.88653901e-01 
-3.57000000e-06  4.88792068e-01 
-3.56000000e-06  4.88930769e-01 
-3.55000000e-06  4.89070010e-01 
-3.54000000e-06  4.89209793e-01 
-3.53000000e-06  4.89350125e-01 
-3.52000000e-06  4.89491009e-01 
-3.51000000e-06  4.89632451e-01 
-3.50000000e-06  4.89774454e-01 
-3.49000000e-06  4.89917024e-01 
-3.48000000e-06  4.90060165e-01 
-3.47000000e-06  4.90203883e-01 
-3.46000000e-06  4.90348182e-01 
-3.45000000e-06  4.90493068e-01 
-3.44000000e-06  4.90638545e-01 
-3.43000000e-06  4.90784619e-01 
-3.42000000e-06  4.90931295e-01 
-3.41000000e-06  4.91078578e-01 
-3.40000000e-06  4.91226474e-01 
-3.39000000e-06  4.91374987e-01 
-3.38000000e-06  4.91524124e-01 
-3.37000000e-06  4.91673891e-01 
-3.36000000e-06  4.91824292e-01 
-3.35000000e-06  4.91975333e-01 
-3.34000000e-06  4.92127021e-01 
-3.33000000e-06  4.92279361e-01 
-3.32000000e-06  4.92432359e-01 
-3.31000000e-06  4.92586021e-01 
-3.30000000e-06  4.92740354e-01 
-3.29000000e-06  4.92895363e-01 
-3.28000000e-06  4.93051055e-01 
-3.27000000e-06  4.93207437e-01 
-3.26000000e-06  4.93364514e-01 
-3.25000000e-06  4.93522293e-01 
-3.24000000e-06  4.93680782e-01 
-3.23000000e-06  4.93839986e-01 
-3.22000000e-06  4.93999913e-01 
-3.21000000e-06  4.94160569e-01 
-3.20000000e-06  4.94321962e-01 
-3.19000000e-06  4.94484098e-01 
-3.18000000e-06  4.94646986e-01 
-3.17000000e-06  4.94810631e-01 
-3.16000000e-06  4.94975043e-01 
-3.15000000e-06  4.95140228e-01 
-3.14000000e-06  4.95306194e-01 
-3.13000000e-06  4.95472949e-01 
-3.12000000e-06  4.95640501e-01 
-3.11000000e-06  4.95808857e-01 
-3.10000000e-06  4.95978026e-01 
-3.09000000e-06  4.96148017e-01 
-3.08000000e-06  4.96318837e-01 
-3.07000000e-06  4.96490495e-01 
-3.06000000e-06  4.96663000e-01 
-3.05000000e-06  4.96836361e-01 
-3.04000000e-06  4.97010586e-01 
-3.03000000e-06  4.97185685e-01 
-3.02000000e-06  4.97361666e-01 
-3.01000000e-06  4.97538539e-01 
-3.00000000e-06  4.97716314e-01 
-2.99000000e-06  4.97895000e-01 
-2.98000000e-06  4.98074607e-01 
-2.97000000e-06  4.98255145e-01 
-2.96000000e-06  4.98436624e-01 
-2.95000000e-06  4.98619054e-01 
-2.94000000e-06  4.98802445e-01 
-2.93000000e-06  4.98986809e-01 
-2.92000000e-06  4.99172156e-01 
-2.91000000e-06  4.99358497e-01 
-2.90000000e-06  4.99545842e-01 
-2.89000000e-06  4.99734204e-01 
-2.88000000e-06  4.99923594e-01 
-2.87000000e-06  5.00114023e-01 
-2.86000000e-06  5.00305504e-01 
-2.85000000e-06  5.00498048e-01 
-2.84000000e-06  5.00691667e-01 
-2.83000000e-06  5.00886375e-01 
-2.82000000e-06  5.01082183e-01 
-2.81000000e-06  5.01279105e-01 
-2.80000000e-06  5.01477154e-01 
-2.79000000e-06  5.01676343e-01 
-2.78000000e-06  5.01876686e-01 
-2.77000000e-06  5.02078196e-01 
-2.76000000e-06  5.02280887e-01 
-2.75000000e-06  5.02484775e-01 
-2.74000000e-06  5.02689873e-01 
-2.73000000e-06  5.02896196e-01 
-2.72000000e-06  5.03103759e-01 
-2.71000000e-06  5.03312578e-01 
-2.70000000e-06  5.03522668e-01 
-2.69000000e-06  5.03734045e-01 
-2.68000000e-06  5.03946726e-01 
-2.67000000e-06  5.04160726e-01 
-2.66000000e-06  5.04376062e-01 
-2.65000000e-06  5.04592753e-01 
-2.64000000e-06  5.04810814e-01 
-2.63000000e-06  5.05030264e-01 
-2.62000000e-06  5.05251121e-01 
-2.61000000e-06  5.05473404e-01 
-2.60000000e-06  5.05697130e-01 
-2.59000000e-06  5.05922319e-01 
-2.58000000e-06  5.06148991e-01 
-2.57000000e-06  5.06377165e-01 
-2.56000000e-06  5.06606862e-01 
-2.55000000e-06  5.06838102e-01 
-2.54000000e-06  5.07070906e-01 
-2.53000000e-06  5.07305296e-01 
-2.52000000e-06  5.07541294e-01 
-2.51000000e-06  5.07778921e-01 
-2.50000000e-06  5.08018201e-01 
-2.49000000e-06  5.08259157e-01 
-2.48000000e-06  5.08501812e-01 
-2.47000000e-06  5.08746191e-01 
-2.46000000e-06  5.08992318e-01 
-2.45000000e-06  5.09240219e-01 
-2.44000000e-06  5.09489918e-01 
-2.43000000e-06  5.09741443e-01 
-2.42000000e-06  5.09994820e-01 
-2.41000000e-06  5.10250076e-01 
-2.40000000e-06  5.10507239e-01 
-2.39000000e-06  5.10766337e-01 
-2.38000000e-06  5.11027400e-01 
-2.37000000e-06  5.11290457e-01 
-2.36000000e-06  5.11555539e-01 
-2.35000000e-06  5.11822677e-01 
-2.34000000e-06  5.12091902e-01 
-2.33000000e-06  5.12363246e-01 
-2.32000000e-06  5.12636743e-01 
-2.31000000e-06  5.12912426e-01 
-2.30000000e-06  5.13190330e-01 
-2.29000000e-06  5.13470490e-01 
-2.28000000e-06  5.13752943e-01 
-2.27000000e-06  5.14037725e-01 
-2.26000000e-06  5.14324873e-01 
-2.25000000e-06  5.14614428e-01 
-2.24000000e-06  5.14906427e-01 
-2.23000000e-06  5.15200912e-01 
-2.22000000e-06  5.15497924e-01 
-2.21000000e-06  5.15797505e-01 
-2.20000000e-06  5.16099698e-01 
-2.19000000e-06  5.16404548e-01 
-2.18000000e-06  5.16712100e-01 
-2.17000000e-06  5.17022401e-01 
-2.16000000e-06  5.17335498e-01 
-2.15000000e-06  5.17651440e-01 
-2.14000000e-06  5.17970276e-01 
-2.13000000e-06  5.18292059e-01 
-2.12000000e-06  5.18616840e-01 
-2.11000000e-06  5.18944673e-01 
-2.10000000e-06  5.19275613e-01 
-2.09000000e-06  5.19609716e-01 
-2.08000000e-06  5.19947041e-01 
-2.07000000e-06  5.20287645e-01 
-2.06000000e-06  5.20631591e-01 
-2.05000000e-06  5.20978940e-01 
-2.04000000e-06  5.21329757e-01 
-2.03000000e-06  5.21684106e-01 
-2.02000000e-06  5.22042055e-01 
-2.01000000e-06  5.22403673e-01 
-2.00000000e-06  5.22769030e-01 
-1.99000000e-06  5.23138200e-01 
-1.98000000e-06  5.23511256e-01 
-1.97000000e-06  5.23888275e-01 
-1.96000000e-06  5.24269336e-01 
-1.95000000e-06  5.24654519e-01 
-1.94000000e-06  5.25043907e-01 
-1.93000000e-06  5.25437585e-01 
-1.92000000e-06  5.25835640e-01 
-1.91000000e-06  5.26238161e-01 
-1.90000000e-06  5.26645242e-01 
-1.89000000e-06  5.27056975e-01 
-1.88000000e-06  5.27473460e-01 
-1.87000000e-06  5.27894794e-01 
-1.86000000e-06  5.28321082e-01 
-1.85000000e-06  5.28752427e-01 
-1.84000000e-06  5.29188940e-01 
-1.83000000e-06  5.29630730e-01 
-1.82000000e-06  5.30077913e-01 
-1.81000000e-06  5.30530606e-01 
-1.80000000e-06  5.30988931e-01 
-1.79000000e-06  5.31453010e-01 
-1.78000000e-06  5.31922973e-01 
-1.77000000e-06  5.32398950e-01 
-1.76000000e-06  5.32881078e-01 
-1.75000000e-06  5.33369493e-01 
-1.74000000e-06  5.33864341e-01 
-1.73000000e-06  5.34365766e-01 
-1.72000000e-06  5.34873921e-01 
-1.71000000e-06  5.35388961e-01 
-1.70000000e-06  5.35911044e-01 
-1.69000000e-06  5.36440336e-01 
-1.68000000e-06  5.36977003e-01 
-1.67000000e-06  5.37521221e-01 
-1.66000000e-06  5.38073166e-01 
-1.65000000e-06  5.38633021e-01 
-1.64000000e-06  5.39200975e-01 
-1.63000000e-06  5.39777220e-01 
-1.62000000e-06  5.40361954e-01 
-1.61000000e-06  5.40955380e-01 
-1.60000000e-06  5.41557708e-01 
-1.59000000e-06  5.42169150e-01 
-1.58000000e-06  5.42789928e-01 
-1.57000000e-06  5.43420265e-01 
-1.56000000e-06  5.44060392e-01 
-1.55000000e-06  5.44710546e-01 
-1.54000000e-06  5.45370968e-01 
-1.53000000e-06  5.46041906e-01 
-1.52000000e-06  5.46723613e-01 
-1.51000000e-06  5.47416346e-01 
-1.50000000e-06  5.48120371e-01 
-1.49000000e-06  5.48835955e-01 
-1.48000000e-06  5.49563375e-01 
-1.47000000e-06  5.50302908e-01 
-1.46000000e-06  5.51054840e-01 
-1.45000000e-06  5.51819458e-01 
-1.44000000e-06  5.52597057e-01 
-1.43000000e-06  5.53387933e-01 
-1.42000000e-06  5.54192386e-01 
-1.41000000e-06  5.55010720e-01 
-1.40000000e-06  5.55843241e-01 
-1.39000000e-06  5.56690256e-01 
-1.38000000e-06  5.57552076e-01 
-1.37000000e-06  5.58429009e-01 
-1.36000000e-06  5.59321366e-01 
-1.35000000e-06  5.60229454e-01 
-1.34000000e-06  5.61153581e-01 
-1.33000000e-06  5.62094049e-01 
-1.32000000e-06  5.63051158e-01 
-1.31000000e-06  5.64025200e-01 
-1.30000000e-06  5.65016464e-01 
-1.29000000e-06  5.66025227e-01 
-1.28000000e-06  5.67051760e-01 
-1.27000000e-06  5.68096319e-01 
-1.26000000e-06  5.69159153e-01 
-1.25000000e-06  5.70240491e-01 
-1.24000000e-06  5.71340550e-01 
-1.23000000e-06  5.72459528e-01 
-1.22000000e-06  5.73597606e-01 
-1.21000000e-06  5.74754941e-01 
-1.20000000e-06  5.75931670e-01 
-1.19000000e-06  5.77127905e-01 
-1.18000000e-06  5.78343735e-01 
-1.17000000e-06  5.79579217e-01 
-1.16000000e-06  5.80834387e-01 
-1.15000000e-06  5.82109245e-01 
-1.14000000e-06  5.83403765e-01 
-1.13000000e-06  5.84717889e-01 
-1.12000000e-06  5.86051528e-01 
-1.11000000e-06  5.87404560e-01 
-1.10000000e-06  5.88776832e-01 
-1.09000000e-06  5.90168159e-01 
-1.08000000e-06  5.91578325e-01 
-1.07000000e-06  5.93007083e-01 
-1.06000000e-06  5.94454155e-01 
-1.05000000e-06  5.95919238e-01 
-1.04000000e-06  5.97401998e-01 
-1.03000000e-06  5.98902077e-01 
-1.02000000e-06  6.00419093e-01 
-1.01000000e-06  6.01952643e-01 
-1.00000000e-06  6.03502303e-01 
-9.90000000e-07  6.05067632e-01 
-9.80000000e-07  6.06648175e-01 
-9.70000000e-07  6.08243463e-01 
-9.60000000e-07  6.09853017e-01 
-9.50000000e-07  6.11476350e-01 
-9.40000000e-07  6.13112970e-01 
-9.30000000e-07  6.14762381e-01 
-9.20000000e-07  6.16424087e-01 
-9.10000000e-07  6.18097589e-01 
-9.00000000e-07  6.19782398e-01 
-8.90000000e-07  6.21478022e-01 
-8.80000000e-07  6.23183981e-01 
-8.70000000e-07  6.24899801e-01 
-8.60000000e-07  6.26625017e-01 
-8.50000000e-07  6.28359174e-01 
-8.40000000e-07  6.30101829e-01 
-8.30000000e-07  6.31852552e-01 
-8.20000000e-07  6.33610926e-01 
-8.10000000e-07  6.35376546e-01 
-8.00000000e-07  6.37149022e-01 
-7.90000000e-07  6.38927978e-01 
-7.80000000e-07  6.40713054e-01 
-7.70000000e-07  6.42503903e-01 
-7.60000000e-07  6.44300193e-01 
-7.50000000e-07  6.46101607e-01 
-7.40000000e-07  6.47907842e-01 
-7.30000000e-07  6.49718609e-01 
-7.20000000e-07  6.51533633e-01 
-7.10000000e-07  6.53352653e-01 
-7.00000000e-07  6.55175419e-01 
-6.90000000e-07  6.57001697e-01 
-6.80000000e-07  6.58831264e-01 
-6.70000000e-07  6.60663907e-01 
-6.60000000e-07  6.62499427e-01 
-6.50000000e-07  6.64337636e-01 
-6.40000000e-07  6.66178354e-01 
-6.30000000e-07  6.68021413e-01 
-6.20000000e-07  6.69866655e-01 
-6.10000000e-07  6.71713930e-01 
-6.00000000e-07  6.73563098e-01 
-5.90000000e-07  6.75414025e-01 
-5.80000000e-07  6.77266587e-01 
-5.70000000e-07  6.79120668e-01 
-5.60000000e-07  6.80976157e-01 
-5.50000000e-07  6.82832951e-01 
-5.40000000e-07  6.84690954e-01 
-5.30000000e-07  6.86550075e-01 
-5.20000000e-07  6.88410229e-01 
-5.10000000e-07  6.90271337e-01 
-5.00000000e-07  6.92133323e-01 
-4.90000000e-07  6.93996121e-01 
-4.80000000e-07  6.95859662e-01 
-4.70000000e-07  6.97723888e-01 
-4.60000000e-07  6.99588740e-01 
-4.50000000e-07  7.01454165e-01 
-4.40000000e-07  7.03320112e-01 
-4.30000000e-07  7.05186532e-01 
-4.20000000e-07  7.07053378e-01 
-4.10000000e-07  7.08920605e-01 
-4.00000000e-07  7.10788170e-01 
-3.90000000e-07  7.12656027e-01 
-3.80000000e-07  7.14524134e-01 
-3.70000000e-07  7.16392446e-01 
-3.60000000e-07  7.18260920e-01 
-3.50000000e-07  7.20129514e-01 
-3.40000000e-07  7.21998184e-01 
-3.30000000e-07  7.23866890e-01 
-3.20000000e-07  7.25735592e-01 
-3.10000000e-07  7.27604253e-01 
-3.00000000e-07  7.29472839e-01 
-2.90000000e-07  7.31341316e-01 
-2.80000000e-07  7.33209655e-01 
-2.70000000e-07  7.35077828e-01 
-2.60000000e-07  7.36945810e-01 
-2.50000000e-07  7.38813578e-01 
-2.40000000e-07  7.40681112e-01 
-2.30000000e-07  7.42548393e-01 
-2.20000000e-07  7.44415404e-01 
-2.10000000e-07  7.46282128e-01 
-2.00000000e-07  7.48148551e-01 
-1.90000000e-07  7.50014658e-01 
-1.80000000e-07  7.51880439e-01 
-1.70000000e-07  7.53745880e-01 
-1.60000000e-07  7.55610971e-01 
-1.50000000e-07  7.57475701e-01 
-1.40000000e-07  7.59340061e-01 
-1.30000000e-07  7.61204041e-01 
-1.20000000e-07  7.63067632e-01 
-1.10000000e-07  7.64930825e-01 
-1.00000000e-07  7.66793612e-01 
-9.00000000e-08  7.68655985e-01 
-8.00000000e-08  7.70517937e-01 
-7.00000000e-08  7.72379459e-01 
-6.00000000e-08  7.74240545e-01 
-5.00000000e-08  7.76101186e-01 
-4.00000000e-08  7.77961377e-01 
-3.00000000e-08  7.79821109e-01 
-2.00000000e-08  7.81680377e-01 
-1.00000000e-08  7.83539174e-01 
-3.74183422e-20  7.85397492e-01 
 1.00000000e-08  7.87255325e-01 
 2.00000000e-08  7.89112666e-01 
 3.00000000e-08  7.90969510e-01 
 4.00000000e-08  7.92825848e-01 
 5.00000000e-08  7.94681676e-01 
 6.00000000e-08  7.96536985e-01 
 7.00000000e-08  7.98391768e-01 
 8.00000000e-08  8.00246020e-01 
 9.00000000e-08  8.02099732e-01 
 1.00000000e-07  8.03952898e-01 
 1.10000000e-07  8.05805509e-01 
 1.20000000e-07  8.07657558e-01 
 1.30000000e-07  8.09509037e-01 
 1.40000000e-07  8.11359938e-01 
 1.50000000e-07  8.13210252e-01 
 1.60000000e-07  8.15059969e-01 
 1.70000000e-07  8.16909082e-01 
 1.80000000e-07  8.18757580e-01 
 1.90000000e-07  8.20605455e-01 
 2.00000000e-07  8.22452698e-01 
 2.10000000e-07  8.24299298e-01 
 2.20000000e-07  8.26145248e-01 
 2.30000000e-07  8.27990537e-01 
 2.40000000e-07  8.29835156e-01 
 2.50000000e-07  8.31679098e-01 
 2.60000000e-07  8.33522353e-01 
 2.70000000e-07  8.35364911e-01 
 2.80000000e-07  8.37206763e-01 
 2.90000000e-07  8.39047899e-01 
 3.00000000e-07  8.40888310e-01 
 3.10000000e-07  8.42727986e-01 
 3.20000000e-07  8.44566915e-01 
 3.30000000e-07  8.46405086e-01 
 3.40000000e-07  8.48242488e-01 
 3.50000000e-07  8.50079109e-01 
 3.60000000e-07  8.51914934e-01 
 3.70000000e-07  8.53749951e-01 
 3.80000000e-07  8.55584145e-01 
 3.90000000e-07  8.57417501e-01 
 4.00000000e-07  8.59250003e-01 
 4.10000000e-07  8.61081633e-01 
 4.20000000e-07  8.62912375e-01 
 4.30000000e-07  8.64742208e-01 
 4.40000000e-07  8.66571114e-01 
 4.50000000e-07  8.68399070e-01 
 4.60000000e-07  8.70226055e-01 
 4.70000000e-07  8.72052045e-01 
 4.80000000e-07  8.73877015e-01 
 4.90000000e-07  8.75700938e-01 
 5.00000000e-07  8.77523786e-01 
 5.10000000e-07  8.79345528e-01 
 5.20000000e-07  8.81166134e-01 
 5.30000000e-07  8.82985569e-01 
 5.40000000e-07  8.84803797e-01 
 5.50000000e-07  8.86620781e-01 
 5.60000000e-07  8.88436480e-01 
 5.70000000e-07  8.90250850e-01 
 5.80000000e-07  8.92063847e-01 
 5.90000000e-07  8.93875422e-01 
 6.00000000e-07  8.95685523e-01 
 6.10000000e-07  8.97494095e-01 
 6.20000000e-07  8.99301080e-01 
 6.30000000e-07  9.01106416e-01 
 6.40000000e-07  9.02910037e-01 
 6.50000000e-07  9.04711873e-01 
 6.60000000e-07  9.06511850e-01 
 6.70000000e-07  9.08309889e-01 
 6.80000000e-07  9.10105905e-01 
 6.90000000e-07  9.11899810e-01 
 7.00000000e-07  9.13691508e-01 
 7.10000000e-07  9.15480900e-01 
 7.20000000e-07  9.17267878e-01 
 7.30000000e-07  9.19052331e-01 
 7.40000000e-07  9.20834136e-01 
 7.50000000e-07  9.22613169e-01 
 7.60000000e-07  9.24389293e-01 
 7.70000000e-07  9.26162368e-01 
 7.80000000e-07  9.27932241e-01 
 7.90000000e-07  9.29698755e-01 
 8.00000000e-07  9.31461741e-01 
 8.10000000e-07  9.33221021e-01 
 8.20000000e-07  9.34976409e-01 
 8.30000000e-07  9.36727707e-01 
 8.40000000e-07  9.38474708e-01 
 8.50000000e-07  9.40217194e-01 
 8.60000000e-07  9.41954936e-01 
 8.70000000e-07  9.43687694e-01 
 8.80000000e-07  9.45415215e-01 
 8.90000000e-07  9.47137238e-01 
 9.00000000e-07  9.48853486e-01 
 9.10000000e-07  9.50563673e-01 
 9.20000000e-07  9.52267499e-01 
 9.30000000e-07  9.53964654e-01 
 9.40000000e-07  9.55654816e-01 
 9.50000000e-07  9.57337650e-01 
 9.60000000e-07  9.59012811e-01 
 9.70000000e-07  9.60679943e-01 
 9.80000000e-07  9.62338679e-01 
 9.90000000e-07  9.63988642e-01 
 1.00000000e-06  9.65629448e-01 
 1.01000000e-06  9.67260701e-01 
 1.02000000e-06  9.68882001e-01 
 1.03000000e-06  9.70492939e-01 
 1.04000000e-06  9.72093104e-01 
 1.05000000e-06  9.73682079e-01 
 1.06000000e-06  9.75259444e-01 
 1.07000000e-06  9.76824780e-01 
 1.08000000e-06  9.78377668e-01 
 1.09000000e-06  9.79917691e-01 
 1.10000000e-06  9.81444436e-01 
 1.11000000e-06  9.82957496e-01 
 1.12000000e-06  9.84456474e-01 
 1.13000000e-06  9.85940979e-01 
 1.14000000e-06  9.87410635e-01 
 1.15000000e-06  9.88865076e-01 
 1.16000000e-06  9.90303955e-01 
 1.17000000e-06  9.91726938e-01 
 1.18000000e-06  9.93133712e-01 
 1.19000000e-06  9.94523984e-01 
 1.20000000e-06  9.95897481e-01 
 1.21000000e-06  9.97253953e-01 
 1.22000000e-06  9.98593174e-01 
 1.23000000e-06  9.99914942e-01 
 1.24000000e-06  1.00121908e+00 
 1.25000000e-06  1.00250544e+00 
 1.26000000e-06  1.00377389e+00 
 1.27000000e-06  1.00502434e+00 
 1.28000000e-06  1.00625671e+00 
 1.29000000e-06  1.00747096e+00 
 1.30000000e-06  1.00866706e+00 
 1.31000000e-06  1.00984502e+00 
 1.32000000e-06  1.01100487e+00 
 1.33000000e-06  1.01214665e+00 
 1.34000000e-06  1.01327044e+00 
 1.35000000e-06  1.01437633e+00 
 1.36000000e-06  1.01546444e+00 
 1.37000000e-06  1.01653490e+00 
 1.38000000e-06  1.01758786e+00 
 1.39000000e-06  1.01862349e+00 
 1.40000000e-06  1.01964197e+00 
 1.41000000e-06  1.02064350e+00 
 1.42000000e-06  1.02162828e+00 
 1.43000000e-06  1.02259655e+00 
 1.44000000e-06  1.02354851e+00 
 1.45000000e-06  1.02448443e+00 
 1.46000000e-06  1.02540453e+00 
 1.47000000e-06  1.02630908e+00 
 1.48000000e-06  1.02719834e+00 
 1.49000000e-06  1.02807255e+00 
 1.50000000e-06  1.02893201e+00 
 1.51000000e-06  1.02977696e+00 
 1.52000000e-06  1.03060768e+00 
 1.53000000e-06  1.03142445e+00 
 1.54000000e-06  1.03222754e+00 
 1.55000000e-06  1.03301721e+00 
 1.56000000e-06  1.03379374e+00 
 1.57000000e-06  1.03455740e+00 
 1.58000000e-06  1.03530846e+00 
 1.59000000e-06  1.03604717e+00 
 1.60000000e-06  1.03677381e+00 
 1.61000000e-06  1.03748863e+00 
 1.62000000e-06  1.03819188e+00 
 1.63000000e-06  1.03888383e+00 
 1.64000000e-06  1.03956471e+00 
 1.65000000e-06  1.04023478e+00 
 1.66000000e-06  1.04089427e+00 
 1.67000000e-06  1.04154341e+00 
 1.68000000e-06  1.04218245e+00 
 1.69000000e-06  1.04281160e+00 
 1.70000000e-06  1.04343108e+00 
 1.71000000e-06  1.04404112e+00 
 1.72000000e-06  1.04464193e+00 
 1.73000000e-06  1.04523371e+00 
 1.74000000e-06  1.04581666e+00 
 1.75000000e-06  1.04639100e+00 
 1.76000000e-06  1.04695690e+00 
 1.77000000e-06  1.04751457e+00 
 1.78000000e-06  1.04806417e+00 
 1.79000000e-06  1.04860591e+00 
 1.80000000e-06  1.04913994e+00 
 1.81000000e-06  1.04966644e+00 
 1.82000000e-06  1.05018558e+00 
 1.83000000e-06  1.05069753e+00 
 1.84000000e-06  1.05120243e+00 
 1.85000000e-06  1.05170045e+00 
 1.86000000e-06  1.05219174e+00 
 1.87000000e-06  1.05267644e+00 
 1.88000000e-06  1.05315469e+00 
 1.89000000e-06  1.05362664e+00 
 1.90000000e-06  1.05409242e+00 
 1.91000000e-06  1.05455217e+00 
 1.92000000e-06  1.05500601e+00 
 1.93000000e-06  1.05545407e+00 
 1.94000000e-06  1.05589646e+00 
 1.95000000e-06  1.05633332e+00 
 1.96000000e-06  1.05676475e+00 
 1.97000000e-06  1.05719087e+00 
 1.98000000e-06  1.05761178e+00 
 1.99000000e-06  1.05802761e+00 
 2.00000000e-06  1.05843844e+00 
 2.01000000e-06  1.05884438e+00 
 2.02000000e-06  1.05924553e+00 
 2.03000000e-06  1.05964199e+00 
 2.04000000e-06  1.06003384e+00 
 2.05000000e-06  1.06042119e+00 
 2.06000000e-06  1.06080412e+00 
 2.07000000e-06  1.06118272e+00 
 2.08000000e-06  1.06155707e+00 
 2.09000000e-06  1.06192725e+00 
 2.10000000e-06  1.06229335e+00 
 2.11000000e-06  1.06265544e+00 
 2.12000000e-06  1.06301360e+00 
 2.13000000e-06  1.06336791e+00 
 2.14000000e-06  1.06371843e+00 
 2.15000000e-06  1.06406524e+00 
 2.16000000e-06  1.06440841e+00 
 2.17000000e-06  1.06474800e+00 
 2.18000000e-06  1.06508408e+00 
 2.19000000e-06  1.06541671e+00 
 2.20000000e-06  1.06574596e+00 
 2.21000000e-06  1.06607189e+00 
 2.22000000e-06  1.06639455e+00 
 2.23000000e-06  1.06671401e+00 
 2.24000000e-06  1.06703032e+00 
 2.25000000e-06  1.06734354e+00 
 2.26000000e-06  1.06765371e+00 
 2.27000000e-06  1.06796090e+00 
 2.28000000e-06  1.06826516e+00 
 2.29000000e-06  1.06856653e+00 
 2.30000000e-06  1.06886507e+00 
 2.31000000e-06  1.06916082e+00 
 2.32000000e-06  1.06945382e+00 
 2.33000000e-06  1.06974414e+00 
 2.34000000e-06  1.07003180e+00 
 2.35000000e-06  1.07031686e+00 
 2.36000000e-06  1.07059935e+00 
 2.37000000e-06  1.07087932e+00 
 2.38000000e-06  1.07115681e+00 
 2.39000000e-06  1.07143187e+00 
 2.40000000e-06  1.07170451e+00 
 2.41000000e-06  1.07197480e+00 
 2.42000000e-06  1.07224276e+00 
 2.43000000e-06  1.07250843e+00 
 2.44000000e-06  1.07277184e+00 
 2.45000000e-06  1.07303304e+00 
 2.46000000e-06  1.07329205e+00 
 2.47000000e-06  1.07354891e+00 
 2.48000000e-06  1.07380365e+00 
 2.49000000e-06  1.07405631e+00 
 2.50000000e-06  1.07430691e+00 
 2.51000000e-06  1.07455549e+00 
 2.52000000e-06  1.07480207e+00 
 2.53000000e-06  1.07504669e+00 
 2.54000000e-06  1.07528938e+00 
 2.55000000e-06  1.07553015e+00 
 2.56000000e-06  1.07576905e+00 
 2.57000000e-06  1.07600610e+00 
 2.58000000e-06  1.07624131e+00 
 2.59000000e-06  1.07647473e+00 
 2.60000000e-06  1.07670638e+00 
 2.61000000e-06  1.07693627e+00 
 2.62000000e-06  1.07716445e+00 
 2.63000000e-06  1.07739092e+00 
 2.64000000e-06  1.07761571e+00 
 2.65000000e-06  1.07783885e+00 
 2.66000000e-06  1.07806036e+00 
 2.67000000e-06  1.07828026e+00 
 2.68000000e-06  1.07849858e+00 
 2.69000000e-06  1.07871533e+00 
 2.70000000e-06  1.07893053e+00 
 2.71000000e-06  1.07914421e+00 
 2.72000000e-06  1.07935639e+00 
 2.73000000e-06  1.07956708e+00 
 2.74000000e-06  1.07977631e+00 
 2.75000000e-06  1.07998409e+00 
 2.76000000e-06  1.08019045e+00 
 2.77000000e-06  1.08039540e+00 
 2.78000000e-06  1.08059895e+00 
 2.79000000e-06  1.08080114e+00 
 2.80000000e-06  1.08100197e+00 
 2.81000000e-06  1.08120146e+00 
 2.82000000e-06  1.08139964e+00 
 2.83000000e-06  1.08159650e+00 
 2.84000000e-06  1.08179208e+00 
 2.85000000e-06  1.08198639e+00 
 2.86000000e-06  1.08217944e+00 
 2.87000000e-06  1.08237125e+00 
 2.88000000e-06  1.08256183e+00 
 2.89000000e-06  1.08275120e+00 
 2.90000000e-06  1.08293938e+00 
 2.91000000e-06  1.08312637e+00 
 2.92000000e-06  1.08331219e+00 
 2.93000000e-06  1.08349686e+00 
 2.94000000e-06  1.08368039e+00 
 2.95000000e-06  1.08386279e+00 
 2.96000000e-06  1.08404408e+00 
 2.97000000e-06  1.08422426e+00 
 2.98000000e-06  1.08440336e+00 
 2.99000000e-06  1.08458138e+00 
 3.00000000e-06  1.08475834e+00 
 3.01000000e-06  1.08493424e+00 
 3.02000000e-06  1.08510911e+00 
 3.03000000e-06  1.08528294e+00 
 3.04000000e-06  1.08545576e+00 
 3.05000000e-06  1.08562758e+00 
 3.06000000e-06  1.08579840e+00 
 3.07000000e-06  1.08596824e+00 
 3.08000000e-06  1.08613710e+00 
 3.09000000e-06  1.08630501e+00 
 3.10000000e-06  1.08647196e+00 
 3.11000000e-06  1.08663797e+00 
 3.12000000e-06  1.08680305e+00 
 3.13000000e-06  1.08696721e+00 
 3.14000000e-06  1.08713046e+00 
 3.15000000e-06  1.08729281e+00 
 3.16000000e-06  1.08745427e+00 
 3.17000000e-06  1.08761485e+00 
 3.18000000e-06  1.08777455e+00 
 3.19000000e-06  1.08793339e+00 
 3.20000000e-06  1.08809137e+00 
 3.21000000e-06  1.08824851e+00 
 3.22000000e-06  1.08840481e+00 
 3.23000000e-06  1.08856028e+00 
 3.24000000e-06  1.08871493e+00 
 3.25000000e-06  1.08886877e+00 
 3.26000000e-06  1.08902181e+00 
 3.27000000e-06  1.08917405e+00 
 3.28000000e-06  1.08932550e+00 
 3.29000000e-06  1.08947618e+00 
 3.30000000e-06  1.08962608e+00 
 3.31000000e-06  1.08977522e+00 
 3.32000000e-06  1.08992360e+00 
 3.33000000e-06  1.09007123e+00 
 3.34000000e-06  1.09021812e+00 
 3.35000000e-06  1.09036427e+00 
 3.36000000e-06  1.09050970e+00 
 3.37000000e-06  1.09065440e+00 
 3.38000000e-06  1.09079839e+00 
 3.39000000e-06  1.09094168e+00 
 3.40000000e-06  1.09108426e+00 
 3.41000000e-06  1.09122615e+00 
 3.42000000e-06  1.09136736e+00 
 3.43000000e-06  1.09150788e+00 
 3.44000000e-06  1.09164773e+00 
 3.45000000e-06  1.09178691e+00 
 3.46000000e-06  1.09192543e+00 
 3.47000000e-06  1.09206329e+00 
 3.48000000e-06  1.09220050e+00 
 3.49000000e-06  1.09233707e+00 
 3.50000000e-06  1.09247300e+00 
 3.51000000e-06  1.09260830e+00 
 3.52000000e-06  1.09274298e+00 
 3.53000000e-06  1.09287703e+00 
 3.54000000e-06  1.09301047e+00 
 3.55000000e-06  1.09314329e+00 
 3.56000000e-06  1.09327552e+00 
 3.57000000e-06  1.09340714e+00 
 3.58000000e-06  1.09353817e+00 
 3.59000000e-06  1.09366861e+00 
 3.60000000e-06  1.09379847e+00 
 3.61000000e-06  1.09392775e+00 
 3.62000000e-06  1.09405646e+00 
 3.63000000e-06  1.09418460e+00 
 3.64000000e-06  1.09431218e+00 
 3.65000000e-06  1.09443919e+00 
 3.66000000e-06  1.09456566e+00 
 3.67000000e-06  1.09469157e+00 
 3.68000000e-06  1.09481694e+00 
 3.69000000e-06  1.09494177e+00 
 3.70000000e-06  1.09506607e+00 
 3.71000000e-06  1.09518984e+00 
 3.72000000e-06  1.09531307e+00 
 3.73000000e-06  1.09543579e+00 
 3.74000000e-06  1.09555799e+00 
 3.75000000e-06  1.09567968e+00 
 3.76000000e-06  1.09580086e+00 
 3.77000000e-06  1.09592153e+00 
 3.78000000e-06  1.09604170e+00 
 3.79000000e-06  1.09616137e+00 
 3.80000000e-06  1.09628056e+00 
 3.81000000e-06  1.09639925e+00 
 3.82000000e-06  1.09651746e+00 
 3.83000000e-06  1.09663519e+00 
 3.84000000e-06  1.09675244e+00 
 3.85000000e-06  1.09686922e+00 
 3.86000000e-06  1.09698552e+00 
 3.87000000e-06  1.09710137e+00 
 3.88000000e-06  1.09721675e+00 
 3.89000000e-06  1.09733167e+00 
 3.90000000e-06  1.09744613e+00 
 3.91000000e-06  1.09756015e+00 
 3.92000000e-06  1.09767372e+00 
 3.93000000e-06  1.09778684e+00 
 3.94000000e-06  1.09789952e+00 
 3.95000000e-06  1.09801177e+00 
 3.96000000e-06  1.09812358e+00 
 3.97000000e-06  1.09823496e+00 
 3.98000000e-06  1.09834591e+00 
 3.99000000e-06  1.09845644e+00 
 4.00000000e-06  1.09856654e+00 
 4.01000000e-06  1.09867623e+00 
 4.02000000e-06  1.09878551e+00 
 4.03000000e-06  1.09889437e+00 
 4.04000000e-06  1.09900282e+00 
 4.05000000e-06  1.09911087e+00 
 4.06000000e-06  1.09921851e+00 
 4.07000000e-06  1.09932575e+00 
 4.08000000e-06  1.09943260e+00 
 4.09000000e-06  1.09953905e+00 
 4.10000000e-06  1.09964512e+00 
 4.11000000e-06  1.09975079e+00 
 4.12000000e-06  1.09985608e+00 
 4.13000000e-06  1.09996099e+00 
 4.14000000e-06  1.10006551e+00 
 4.15000000e-06  1.10016966e+00 
 4.16000000e-06  1.10027343e+00 
 4.17000000e-06  1.10037684e+00 
 4.18000000e-06  1.10047987e+00 
 4.19000000e-06  1.10058254e+00 
 4.20000000e-06  1.10068484e+00 
 4.21000000e-06  1.10078678e+00 
 4.22000000e-06  1.10088836e+00 
 4.23000000e-06  1.10098959e+00 
 4.24000000e-06  1.10109046e+00 
 4.25000000e-06  1.10119098e+00 
 4.26000000e-06  1.10129115e+00 
 4.27000000e-06  1.10139098e+00 
 4.28000000e-06  1.10149046e+00 
 4.29000000e-06  1.10158960e+00 
 4.30000000e-06  1.10168839e+00 
 4.31000000e-06  1.10178686e+00 
 4.32000000e-06  1.10188498e+00 
 4.33000000e-06  1.10198278e+00 
 4.34000000e-06  1.10208024e+00 
 4.35000000e-06  1.10217737e+00 
 4.36000000e-06  1.10227418e+00 
 4.37000000e-06  1.10237067e+00 
 4.38000000e-06  1.10246683e+00 
 4.39000000e-06  1.10256267e+00 
 4.40000000e-06  1.10265820e+00 
 4.41000000e-06  1.10275341e+00 
 4.42000000e-06  1.10284831e+00 
 4.43000000e-06  1.10294289e+00 
 4.44000000e-06  1.10303717e+00 
 4.45000000e-06  1.10313114e+00 
 4.46000000e-06  1.10322481e+00 
 4.47000000e-06  1.10331817e+00 
 4.48000000e-06  1.10341123e+00 
 4.49000000e-06  1.10350399e+00 
 4.50000000e-06  1.10359645e+00 
 4.51000000e-06  1.10368862e+00 
 4.52000000e-06  1.10378049e+00 
 4.53000000e-06  1.10387207e+00 
 4.54000000e-06  1.10396336e+00 
 4.55000000e-06  1.10405437e+00 
 4.56000000e-06  1.10414508e+00 
 4.57000000e-06  1.10423552e+00 
 4.58000000e-06  1.10432567e+00 
 4.59000000e-06  1.10441553e+00 
 4.60000000e-06  1.10450512e+00 
 4.61000000e-06  1.10459444e+00 
 4.62000000e-06  1.10468347e+00 
 4.63000000e-06  1.10477224e+00 
 4.64000000e-06  1.10486072e+00 
 4.65000000e-06  1.10494894e+00 
 4.66000000e-06  1.10503689e+00 
 4.67000000e-06  1.10512458e+00 
 4.68000000e-06  1.10521199e+00 
 4.69000000e-06  1.10529915e+00 
 4.70000000e-06  1.10538604e+00 
 4.71000000e-06  1.10547266e+00 
 4.72000000e-06  1.10555903e+00 
 4.73000000e-06  1.10564515e+00 
 4.74000000e-06  1.10573100e+00 
 4.75000000e-06  1.10581660e+00 
 4.76000000e-06  1.10590195e+00 
 4.77000000e-06  1.10598704e+00 
 4.78000000e-06  1.10607189e+00 
 4.79000000e-06  1.10615648e+00 
 4.80000000e-06  1.10624083e+00 
 4.81000000e-06  1.10632494e+00 
 4.82000000e-06  1.10640879e+00 
 4.83000000e-06  1.10649241e+00 
 4.84000000e-06  1.10657578e+00 
 4.85000000e-06  1.10665892e+00 
 4.86000000e-06  1.10674181e+00 
 4.87000000e-06  1.10682447e+00 
 4.88000000e-06  1.10690689e+00 
 4.89000000e-06  1.10698907e+00 
 4.90000000e-06  1.10707103e+00 
 4.91000000e-06  1.10715275e+00 
 4.92000000e-06  1.10723424e+00 
 4.93000000e-06  1.10731550e+00 
 4.94000000e-06  1.10739653e+00 
 4.95000000e-06  1.10747733e+00 
 4.96000000e-06  1.10755791e+00 
 4.97000000e-06  1.10763827e+00 
 4.98000000e-06  1.10771840e+00 
 4.99000000e-06  1.10779831e+00 
 5.00000000e-06  1.10787800e+00 
