 v-sweep         Vout           
 0.00000000e+00  3.28238646e-01 
 1.00000000e-02  3.28239138e-01 
 2.00000000e-02  3.28239870e-01 
 3.00000000e-02  3.28240845e-01 
 4.00000000e-02  3.28242143e-01 
 5.00000000e-02  3.28243874e-01 
 6.00000000e-02  3.28246182e-01 
 7.00000000e-02  3.28249260e-01 
 8.00000000e-02  3.28253369e-01 
 9.00000000e-02  3.28258854e-01 
 1.00000000e-01  3.28266179e-01 
 1.10000000e-01  3.28275967e-01 
 1.20000000e-01  3.28289048e-01 
 1.30000000e-01  3.28306536e-01 
 1.40000000e-01  3.28329924e-01 
 1.50000000e-01  3.28361209e-01 
 1.60000000e-01  3.28403066e-01 
 1.70000000e-01  3.28459073e-01 
 1.80000000e-01  3.28534018e-01 
 1.90000000e-01  3.28634292e-01 
 2.00000000e-01  3.28768423e-01 
 2.10000000e-01  3.28973366e-01 
 2.20000000e-01  3.29221429e-01 
 2.30000000e-01  3.29552306e-01 
 2.40000000e-01  3.29992843e-01 
 2.50000000e-01  3.30577910e-01 
 2.60000000e-01  3.31352267e-01 
 2.70000000e-01  3.32372450e-01 
 2.80000000e-01  3.33708353e-01 
 2.90000000e-01  3.35443883e-01 
 3.00000000e-01  3.37675820e-01 
 3.10000000e-01  3.40509754e-01 
 3.20000000e-01  3.44052046e-01 
 3.30000000e-01  3.48397434e-01 
 3.40000000e-01  3.53613411e-01 
 3.50000000e-01  3.59724504e-01 
 3.60000000e-01  3.66701468e-01 
 3.70000000e-01  3.74460925e-01 
 3.80000000e-01  3.82878136e-01 
 3.90000000e-01  3.91809444e-01 
 4.00000000e-01  4.01115853e-01 
 4.10000000e-01  4.10679767e-01 
 4.20000000e-01  4.20411795e-01 
 4.30000000e-01  4.30249476e-01 
 4.40000000e-01  4.40151845e-01 
 4.50000000e-01  4.50093208e-01 
 4.60000000e-01  4.60057905e-01 
 4.70000000e-01  4.70036543e-01 
 4.80000000e-01  4.80020065e-01 
 4.90000000e-01  4.90013749e-01 
 5.00000000e-01  5.00009478e-01 
 5.10000000e-01  5.10006792e-01 
 5.20000000e-01  5.20005063e-01 
 5.30000000e-01  5.30003925e-01 
 5.40000000e-01  5.40003156e-01 
 5.50000000e-01  5.50002620e-01 
 5.60000000e-01  5.60002233e-01 
 5.70000000e-01  5.70001942e-01 
 5.80000000e-01  5.80001717e-01 
 5.90000000e-01  5.90001536e-01 
 6.00000000e-01  6.00001385e-01 
 6.10000000e-01  6.10001256e-01 
 6.20000000e-01  6.20001143e-01 
 6.30000000e-01  6.30001043e-01 
 6.40000000e-01  6.40000951e-01 
 6.50000000e-01  6.50000866e-01 
 6.60000000e-01  6.60000787e-01 
 6.70000000e-01  6.70000713e-01 
 6.80000000e-01  6.80000642e-01 
 6.90000000e-01  6.90000575e-01 
 7.00000000e-01  7.00000509e-01 
 7.10000000e-01  7.10000446e-01 
 7.20000000e-01  7.20000385e-01 
 7.30000000e-01  7.30000326e-01 
 7.40000000e-01  7.40000267e-01 
 7.50000000e-01  7.50000210e-01 
 7.60000000e-01  7.60000153e-01 
 7.70000000e-01  7.70000097e-01 
 7.80000000e-01  7.80000042e-01 
 7.90000000e-01  7.89999987e-01 
 8.00000000e-01  7.99999932e-01 
 8.10000000e-01  8.09999877e-01 
 8.20000000e-01  8.19999822e-01 
 8.30000000e-01  8.29999768e-01 
 8.40000000e-01  8.39999713e-01 
 8.50000000e-01  8.49999658e-01 
 8.60000000e-01  8.59999602e-01 
 8.70000000e-01  8.69999547e-01 
 8.80000000e-01  8.79999490e-01 
 8.90000000e-01  8.89999434e-01 
 9.00000000e-01  8.99999376e-01 
 9.10000000e-01  9.09999319e-01 
 9.20000000e-01  9.19999260e-01 
 9.30000000e-01  9.29999200e-01 
 9.40000000e-01  9.39999140e-01 
 9.50000000e-01  9.49999078e-01 
 9.60000000e-01  9.59999014e-01 
 9.70000000e-01  9.69998949e-01 
 9.80000000e-01  9.79998880e-01 
 9.90000000e-01  9.89998807e-01 
 1.00000000e+00  9.99998728e-01 
 1.01000000e+00  1.00999864e+00 
 1.02000000e+00  1.01999854e+00 
 1.03000000e+00  1.02999842e+00 
 1.04000000e+00  1.03999828e+00 
 1.05000000e+00  1.04999810e+00 
 1.06000000e+00  1.05999787e+00 
 1.07000000e+00  1.06999755e+00 
 1.08000000e+00  1.07999712e+00 
 1.09000000e+00  1.08999651e+00 
 1.10000000e+00  1.09999566e+00 
 1.11000000e+00  1.10999445e+00 
 1.12000000e+00  1.11999273e+00 
 1.13000000e+00  1.12999030e+00 
 1.14000000e+00  1.13998689e+00 
 1.15000000e+00  1.14998218e+00 
 1.16000000e+00  1.15997580e+00 
 1.17000000e+00  1.16996741e+00 
 1.18000000e+00  1.17995673e+00 
 1.19000000e+00  1.18994365e+00 
 1.20000000e+00  1.19992821e+00 
 1.21000000e+00  1.20991064e+00 
 1.22000000e+00  1.21989125e+00 
 1.23000000e+00  1.22987037e+00 
 1.24000000e+00  1.23984829e+00 
 1.25000000e+00  1.24982525e+00 
 1.26000000e+00  1.25980143e+00 
 1.27000000e+00  1.26977695e+00 
 1.28000000e+00  1.27975188e+00 
 1.29000000e+00  1.28972625e+00 
 1.30000000e+00  1.29970003e+00 
 1.31000000e+00  1.30967316e+00 
 1.32000000e+00  1.31964549e+00 
 1.33000000e+00  1.32961682e+00 
 1.34000000e+00  1.33958680e+00 
 1.35000000e+00  1.34955494e+00 
 1.36000000e+00  1.35952053e+00 
 1.37000000e+00  1.36948252e+00 
 1.38000000e+00  1.37943943e+00 
 1.39000000e+00  1.38938920e+00 
 1.40000000e+00  1.39932897e+00 
 1.41000000e+00  1.40925491e+00 
 1.42000000e+00  1.41916205e+00 
 1.43000000e+00  1.42904423e+00 
 1.44000000e+00  1.43889417e+00 
 1.45000000e+00  1.44870378e+00 
 1.46000000e+00  1.45846461e+00 
 1.47000000e+00  1.46816844e+00 
 1.48000000e+00  1.47780775e+00 
 1.49000000e+00  1.48737607e+00 
 1.50000000e+00  1.49686813e+00 
 1.51000000e+00  1.50627972e+00 
 1.52000000e+00  1.51560729e+00 
 1.53000000e+00  1.52484790e+00 
 1.54000000e+00  1.53399945e+00 
 1.55000000e+00  1.54306055e+00 
 1.56000000e+00  1.55203027e+00 
 1.57000000e+00  1.56090802e+00 
 1.58000000e+00  1.56969328e+00 
 1.59000000e+00  1.57838558e+00 
 1.60000000e+00  1.58698434e+00 
 1.61000000e+00  1.59548875e+00 
 1.62000000e+00  1.60389772e+00 
 1.63000000e+00  1.61220973e+00 
 1.64000000e+00  1.62042275e+00 
 1.65000000e+00  1.62853409e+00 
 1.66000000e+00  1.63654027e+00 
 1.67000000e+00  1.64443684e+00 
 1.68000000e+00  1.65221817e+00 
 1.69000000e+00  1.65987713e+00 
 1.70000000e+00  1.66740476e+00 
 1.71000000e+00  1.67478981e+00 
 1.72000000e+00  1.68201810e+00 
 1.73000000e+00  1.68907184e+00 
 1.74000000e+00  1.69592867e+00 
 1.75000000e+00  1.70256068e+00 
 1.76000000e+00  1.70893338e+00 
 1.77000000e+00  1.71500493e+00 
 1.78000000e+00  1.72072623e+00 
 1.79000000e+00  1.72604252e+00 
 1.80000000e+00  1.73089763e+00 
