 time            v(inp)          v(out)         
 0.00000000e+00  9.00000000e-01  8.99999376e-01 
 1.10000000e-11  9.00000000e-01  8.99999376e-01 
 2.20000000e-11  9.00000000e-01  8.99999376e-01 
 4.40000000e-11  9.00000000e-01  8.99999376e-01 
 8.80000000e-11  9.00000000e-01  8.99999376e-01 
 1.76000000e-10  9.00000000e-01  8.99999376e-01 
 3.52000000e-10  9.00000000e-01  8.99999376e-01 
 7.04000000e-10  9.00000000e-01  8.99999376e-01 
 1.40800000e-09  9.00000000e-01  8.99999376e-01 
 2.50800000e-09  9.00000000e-01  8.99999376e-01 
 3.60800000e-09  9.00000000e-01  8.99999376e-01 
 4.70800000e-09  9.00000000e-01  8.99999376e-01 
 5.80800000e-09  9.00000000e-01  8.99999376e-01 
 6.90800000e-09  9.00000000e-01  8.99999376e-01 
 8.00800000e-09  9.00000000e-01  8.99999376e-01 
 9.10800000e-09  9.00000000e-01  8.99999376e-01 
 1.02080000e-08  9.00000000e-01  8.99999376e-01 
 1.13080000e-08  9.00000000e-01  8.99999376e-01 
 1.24080000e-08  9.00000000e-01  8.99999376e-01 
 1.35080000e-08  9.00000000e-01  8.99999376e-01 
 1.46080000e-08  9.00000000e-01  8.99999376e-01 
 1.57080000e-08  9.00000000e-01  8.99999376e-01 
 1.68080000e-08  9.00000000e-01  8.99999376e-01 
 1.79080000e-08  9.00000000e-01  8.99999376e-01 
 1.90080000e-08  9.00000000e-01  8.99999376e-01 
 2.01080000e-08  9.00000000e-01  8.99999376e-01 
 2.12080000e-08  9.00000000e-01  8.99999376e-01 
 2.23080000e-08  9.00000000e-01  8.99999376e-01 
 2.34080000e-08  9.00000000e-01  8.99999376e-01 
 2.45080000e-08  9.00000000e-01  8.99999376e-01 
 2.56080000e-08  9.00000000e-01  8.99999376e-01 
 2.67080000e-08  9.00000000e-01  8.99999376e-01 
 2.78080000e-08  9.00000000e-01  8.99999376e-01 
 2.89080000e-08  9.00000000e-01  8.99999376e-01 
 3.00080000e-08  9.00000000e-01  8.99999376e-01 
 3.11080000e-08  9.00000000e-01  8.99999376e-01 
 3.22080000e-08  9.00000000e-01  8.99999376e-01 
 3.33080000e-08  9.00000000e-01  8.99999376e-01 
 3.44080000e-08  9.00000000e-01  8.99999376e-01 
 3.55080000e-08  9.00000000e-01  8.99999376e-01 
 3.66080000e-08  9.00000000e-01  8.99999376e-01 
 3.77080000e-08  9.00000000e-01  8.99999376e-01 
 3.88080000e-08  9.00000000e-01  8.99999376e-01 
 3.99080000e-08  9.00000000e-01  8.99999376e-01 
 4.10080000e-08  9.00000000e-01  8.99999376e-01 
 4.21080000e-08  9.00000000e-01  8.99999376e-01 
 4.32080000e-08  9.00000000e-01  8.99999376e-01 
 4.43080000e-08  9.00000000e-01  8.99999376e-01 
 4.54080000e-08  9.00000000e-01  8.99999376e-01 
 4.65080000e-08  9.00000000e-01  8.99999376e-01 
 4.76080000e-08  9.00000000e-01  8.99999376e-01 
 4.87080000e-08  9.00000000e-01  8.99999376e-01 
 4.98080000e-08  9.00000000e-01  8.99999376e-01 
 5.09080000e-08  9.00000000e-01  8.99999376e-01 
 5.20080000e-08  9.00000000e-01  8.99999376e-01 
 5.31080000e-08  9.00000000e-01  8.99999376e-01 
 5.42080000e-08  9.00000000e-01  8.99999376e-01 
 5.53080000e-08  9.00000000e-01  8.99999376e-01 
 5.64080000e-08  9.00000000e-01  8.99999376e-01 
 5.75080000e-08  9.00000000e-01  8.99999376e-01 
 5.86080000e-08  9.00000000e-01  8.99999376e-01 
 5.97080000e-08  9.00000000e-01  8.99999376e-01 
 6.08080000e-08  9.00000000e-01  8.99999376e-01 
 6.19080000e-08  9.00000000e-01  8.99999376e-01 
 6.30080000e-08  9.00000000e-01  8.99999376e-01 
 6.41080000e-08  9.00000000e-01  8.99999376e-01 
 6.52080000e-08  9.00000000e-01  8.99999376e-01 
 6.63080000e-08  9.00000000e-01  8.99999376e-01 
 6.74080000e-08  9.00000000e-01  8.99999376e-01 
 6.85080000e-08  9.00000000e-01  8.99999376e-01 
 6.96080000e-08  9.00000000e-01  8.99999376e-01 
 7.07080000e-08  9.00000000e-01  8.99999376e-01 
 7.18080000e-08  9.00000000e-01  8.99999376e-01 
 7.29080000e-08  9.00000000e-01  8.99999376e-01 
 7.40080000e-08  9.00000000e-01  8.99999376e-01 
 7.51080000e-08  9.00000000e-01  8.99999376e-01 
 7.62080000e-08  9.00000000e-01  8.99999376e-01 
 7.73080000e-08  9.00000000e-01  8.99999376e-01 
 7.84080000e-08  9.00000000e-01  8.99999376e-01 
 7.95080000e-08  9.00000000e-01  8.99999376e-01 
 8.06080000e-08  9.00000000e-01  8.99999376e-01 
 8.17080000e-08  9.00000000e-01  8.99999376e-01 
 8.28080000e-08  9.00000000e-01  8.99999376e-01 
 8.39080000e-08  9.00000000e-01  8.99999376e-01 
 8.50080000e-08  9.00000000e-01  8.99999376e-01 
 8.61080000e-08  9.00000000e-01  8.99999376e-01 
 8.72080000e-08  9.00000000e-01  8.99999376e-01 
 8.83080000e-08  9.00000000e-01  8.99999376e-01 
 8.94080000e-08  9.00000000e-01  8.99999376e-01 
 9.05080000e-08  9.00000000e-01  8.99999376e-01 
 9.16080000e-08  9.00000000e-01  8.99999376e-01 
 9.27080000e-08  9.00000000e-01  8.99999376e-01 
 9.38080000e-08  9.00000000e-01  8.99999376e-01 
 9.49080000e-08  9.00000000e-01  8.99999376e-01 
 9.60080000e-08  9.00000000e-01  8.99999376e-01 
 9.71080000e-08  9.00000000e-01  8.99999376e-01 
 9.82080000e-08  9.00000000e-01  8.99999376e-01 
 9.93080000e-08  9.00000000e-01  8.99999376e-01 
 1.00000000e-07  9.00000000e-01  8.99999376e-01 
 1.00001000e-07  9.30000000e-01  9.00025714e-01 
 1.00003000e-07  9.90000000e-01  9.00077937e-01 
 1.00007000e-07  1.11000000e+00  9.00167508e-01 
 1.00010000e-07  1.20000000e+00  9.00230366e-01 
 1.00010800e-07  1.20000000e+00  9.00230472e-01 
 1.00012400e-07  1.20000000e+00  9.00230690e-01 
 1.00015600e-07  1.20000000e+00  9.00231146e-01 
 1.00022000e-07  1.20000000e+00  9.00232135e-01 
 1.00034800e-07  1.20000000e+00  9.00234369e-01 
 1.00060400e-07  1.20000000e+00  9.00239528e-01 
 1.00111600e-07  1.20000000e+00  9.00251122e-01 
 1.00214000e-07  1.20000000e+00  9.00274762e-01 
 1.00418800e-07  1.20000000e+00  9.00316651e-01 
 1.00828400e-07  1.20000000e+00  9.00388077e-01 
 1.01551627e-07  1.20000000e+00  9.00519252e-01 
 1.02651627e-07  1.20000000e+00  9.00753276e-01 
 1.03751627e-07  1.20000000e+00  9.01012586e-01 
 1.04851627e-07  1.20000000e+00  9.01289872e-01 
 1.05951627e-07  1.20000000e+00  9.01584655e-01 
 1.07051627e-07  1.20000000e+00  9.01895664e-01 
 1.08151627e-07  1.20000000e+00  9.02221697e-01 
 1.09251627e-07  1.20000000e+00  9.02561323e-01 
 1.10351627e-07  1.20000000e+00  9.02912990e-01 
 1.11451627e-07  1.20000000e+00  9.03275194e-01 
 1.12551627e-07  1.20000000e+00  9.03646651e-01 
 1.13651627e-07  1.20000000e+00  9.04026345e-01 
 1.14751627e-07  1.20000000e+00  9.04413496e-01 
 1.15851627e-07  1.20000000e+00  9.04807500e-01 
 1.16951627e-07  1.20000000e+00  9.05207871e-01 
 1.18051627e-07  1.20000000e+00  9.05614205e-01 
 1.19151627e-07  1.20000000e+00  9.06026151e-01 
 1.20251627e-07  1.20000000e+00  9.06443397e-01 
 1.21351627e-07  1.20000000e+00  9.06865660e-01 
 1.22451627e-07  1.20000000e+00  9.07292683e-01 
 1.23551627e-07  1.20000000e+00  9.07724224e-01 
 1.24651627e-07  1.20000000e+00  9.08160061e-01 
 1.25751627e-07  1.20000000e+00  9.08599985e-01 
 1.26851627e-07  1.20000000e+00  9.09043801e-01 
 1.27951627e-07  1.20000000e+00  9.09491326e-01 
 1.29051627e-07  1.20000000e+00  9.09942388e-01 
 1.30151627e-07  1.20000000e+00  9.10396824e-01 
 1.31251627e-07  1.20000000e+00  9.10854483e-01 
 1.32351627e-07  1.20000000e+00  9.11315220e-01 
 1.33451627e-07  1.20000000e+00  9.11778900e-01 
 1.34551627e-07  1.20000000e+00  9.12245394e-01 
 1.35651627e-07  1.20000000e+00  9.12714582e-01 
 1.36751627e-07  1.20000000e+00  9.13186349e-01 
 1.37851627e-07  1.20000000e+00  9.13660585e-01 
 1.38951627e-07  1.20000000e+00  9.14137193e-01 
 1.40051627e-07  1.20000000e+00  9.14616068e-01 
 1.41151627e-07  1.20000000e+00  9.15097113e-01 
 1.42251627e-07  1.20000000e+00  9.15580246e-01 
 1.43351627e-07  1.20000000e+00  9.16065385e-01 
 1.44451627e-07  1.20000000e+00  9.16552449e-01 
 1.45551627e-07  1.20000000e+00  9.17041363e-01 
 1.46651627e-07  1.20000000e+00  9.17532057e-01 
 1.47751627e-07  1.20000000e+00  9.18024461e-01 
 1.48851627e-07  1.20000000e+00  9.18518511e-01 
 1.49951627e-07  1.20000000e+00  9.19014144e-01 
 1.51051627e-07  1.20000000e+00  9.19511301e-01 
 1.52151627e-07  1.20000000e+00  9.20009926e-01 
 1.53251627e-07  1.20000000e+00  9.20509965e-01 
 1.54351627e-07  1.20000000e+00  9.21011366e-01 
 1.55451627e-07  1.20000000e+00  9.21514080e-01 
 1.56551627e-07  1.20000000e+00  9.22018060e-01 
 1.57651627e-07  1.20000000e+00  9.22523260e-01 
 1.58751627e-07  1.20000000e+00  9.23029638e-01 
 1.59851627e-07  1.20000000e+00  9.23537151e-01 
 1.60951627e-07  1.20000000e+00  9.24045762e-01 
 1.62051627e-07  1.20000000e+00  9.24555430e-01 
 1.63151627e-07  1.20000000e+00  9.25066121e-01 
 1.64251627e-07  1.20000000e+00  9.25577798e-01 
 1.65351627e-07  1.20000000e+00  9.26090429e-01 
 1.66451627e-07  1.20000000e+00  9.26603981e-01 
 1.67551627e-07  1.20000000e+00  9.27118424e-01 
 1.68651627e-07  1.20000000e+00  9.27633727e-01 
 1.69751627e-07  1.20000000e+00  9.28149862e-01 
 1.70851627e-07  1.20000000e+00  9.28666802e-01 
 1.71951627e-07  1.20000000e+00  9.29184520e-01 
 1.73051627e-07  1.20000000e+00  9.29702991e-01 
 1.74151627e-07  1.20000000e+00  9.30222190e-01 
 1.75251627e-07  1.20000000e+00  9.30742094e-01 
 1.76351627e-07  1.20000000e+00  9.31262680e-01 
 1.77451627e-07  1.20000000e+00  9.31783927e-01 
 1.78551627e-07  1.20000000e+00  9.32305812e-01 
 1.79651627e-07  1.20000000e+00  9.32828317e-01 
 1.80751627e-07  1.20000000e+00  9.33351421e-01 
 1.81851627e-07  1.20000000e+00  9.33875106e-01 
 1.82951627e-07  1.20000000e+00  9.34399353e-01 
 1.84051627e-07  1.20000000e+00  9.34924145e-01 
 1.85151627e-07  1.20000000e+00  9.35449465e-01 
 1.86251627e-07  1.20000000e+00  9.35975297e-01 
 1.87351627e-07  1.20000000e+00  9.36501624e-01 
 1.88451627e-07  1.20000000e+00  9.37028432e-01 
 1.89551627e-07  1.20000000e+00  9.37555706e-01 
 1.90651627e-07  1.20000000e+00  9.38083431e-01 
 1.91751627e-07  1.20000000e+00  9.38611594e-01 
 1.92851627e-07  1.20000000e+00  9.39140182e-01 
 1.93951627e-07  1.20000000e+00  9.39669182e-01 
 1.95051627e-07  1.20000000e+00  9.40198581e-01 
 1.96151627e-07  1.20000000e+00  9.40728367e-01 
 1.97251627e-07  1.20000000e+00  9.41258529e-01 
 1.98351627e-07  1.20000000e+00  9.41789056e-01 
 1.99451627e-07  1.20000000e+00  9.42319935e-01 
 2.00551627e-07  1.20000000e+00  9.42851158e-01 
 2.01651627e-07  1.20000000e+00  9.43382714e-01 
 2.02751627e-07  1.20000000e+00  9.43914593e-01 
 2.03851627e-07  1.20000000e+00  9.44446784e-01 
 2.04951627e-07  1.20000000e+00  9.44979280e-01 
 2.06051627e-07  1.20000000e+00  9.45512071e-01 
 2.07151627e-07  1.20000000e+00  9.46045148e-01 
 2.08251627e-07  1.20000000e+00  9.46578504e-01 
 2.09351627e-07  1.20000000e+00  9.47112128e-01 
 2.10451627e-07  1.20000000e+00  9.47646015e-01 
 2.11551627e-07  1.20000000e+00  9.48180156e-01 
 2.12651627e-07  1.20000000e+00  9.48714543e-01 
 2.13751627e-07  1.20000000e+00  9.49249170e-01 
 2.14851627e-07  1.20000000e+00  9.49784029e-01 
 2.15951627e-07  1.20000000e+00  9.50319113e-01 
 2.17051627e-07  1.20000000e+00  9.50854417e-01 
 2.18151627e-07  1.20000000e+00  9.51389933e-01 
 2.19251627e-07  1.20000000e+00  9.51925655e-01 
 2.20351627e-07  1.20000000e+00  9.52461578e-01 
 2.21451627e-07  1.20000000e+00  9.52997694e-01 
 2.22551627e-07  1.20000000e+00  9.53534000e-01 
 2.23651627e-07  1.20000000e+00  9.54070488e-01 
 2.24751627e-07  1.20000000e+00  9.54607155e-01 
 2.25851627e-07  1.20000000e+00  9.55143993e-01 
 2.26951627e-07  1.20000000e+00  9.55680999e-01 
 2.28051627e-07  1.20000000e+00  9.56218168e-01 
 2.29151627e-07  1.20000000e+00  9.56755494e-01 
 2.30251627e-07  1.20000000e+00  9.57292973e-01 
 2.31351627e-07  1.20000000e+00  9.57830600e-01 
 2.32451627e-07  1.20000000e+00  9.58368372e-01 
 2.33551627e-07  1.20000000e+00  9.58906283e-01 
 2.34651627e-07  1.20000000e+00  9.59444330e-01 
 2.35751627e-07  1.20000000e+00  9.59982508e-01 
 2.36851627e-07  1.20000000e+00  9.60520813e-01 
 2.37951627e-07  1.20000000e+00  9.61059242e-01 
 2.39051627e-07  1.20000000e+00  9.61597791e-01 
 2.40151627e-07  1.20000000e+00  9.62136457e-01 
 2.41251627e-07  1.20000000e+00  9.62675235e-01 
 2.42351627e-07  1.20000000e+00  9.63214122e-01 
 2.43451627e-07  1.20000000e+00  9.63753115e-01 
 2.44551627e-07  1.20000000e+00  9.64292210e-01 
 2.45651627e-07  1.20000000e+00  9.64831405e-01 
 2.46751627e-07  1.20000000e+00  9.65370697e-01 
 2.47851627e-07  1.20000000e+00  9.65910081e-01 
 2.48951627e-07  1.20000000e+00  9.66449555e-01 
 2.50051627e-07  1.20000000e+00  9.66989117e-01 
 2.51151627e-07  1.20000000e+00  9.67528764e-01 
 2.52251627e-07  1.20000000e+00  9.68068492e-01 
 2.53351627e-07  1.20000000e+00  9.68608300e-01 
 2.54451627e-07  1.20000000e+00  9.69148183e-01 
 2.55551627e-07  1.20000000e+00  9.69688141e-01 
 2.56651627e-07  1.20000000e+00  9.70228170e-01 
 2.57751627e-07  1.20000000e+00  9.70768269e-01 
 2.58851627e-07  1.20000000e+00  9.71308434e-01 
 2.59951627e-07  1.20000000e+00  9.71848663e-01 
 2.61051627e-07  1.20000000e+00  9.72388954e-01 
 2.62151627e-07  1.20000000e+00  9.72929305e-01 
 2.63251627e-07  1.20000000e+00  9.73469714e-01 
 2.64351627e-07  1.20000000e+00  9.74010179e-01 
 2.65451627e-07  1.20000000e+00  9.74550697e-01 
 2.66551627e-07  1.20000000e+00  9.75091266e-01 
 2.67651627e-07  1.20000000e+00  9.75631885e-01 
 2.68751627e-07  1.20000000e+00  9.76172552e-01 
 2.69851627e-07  1.20000000e+00  9.76713264e-01 
 2.70951627e-07  1.20000000e+00  9.77254020e-01 
 2.72051627e-07  1.20000000e+00  9.77794818e-01 
 2.73151627e-07  1.20000000e+00  9.78335657e-01 
 2.74251627e-07  1.20000000e+00  9.78876533e-01 
 2.75351627e-07  1.20000000e+00  9.79417447e-01 
 2.76451627e-07  1.20000000e+00  9.79958396e-01 
 2.77551627e-07  1.20000000e+00  9.80499378e-01 
 2.78651627e-07  1.20000000e+00  9.81040393e-01 
 2.79751627e-07  1.20000000e+00  9.81581437e-01 
 2.80851627e-07  1.20000000e+00  9.82122511e-01 
 2.81951627e-07  1.20000000e+00  9.82663611e-01 
 2.83051627e-07  1.20000000e+00  9.83204738e-01 
 2.84151627e-07  1.20000000e+00  9.83745888e-01 
 2.85251627e-07  1.20000000e+00  9.84287062e-01 
 2.86351627e-07  1.20000000e+00  9.84828257e-01 
 2.87451627e-07  1.20000000e+00  9.85369472e-01 
 2.88551627e-07  1.20000000e+00  9.85910706e-01 
 2.89651627e-07  1.20000000e+00  9.86451957e-01 
 2.90751627e-07  1.20000000e+00  9.86993224e-01 
 2.91851627e-07  1.20000000e+00  9.87534505e-01 
 2.92951627e-07  1.20000000e+00  9.88075801e-01 
 2.94051627e-07  1.20000000e+00  9.88617108e-01 
 2.95151627e-07  1.20000000e+00  9.89158426e-01 
 2.96251627e-07  1.20000000e+00  9.89699754e-01 
 2.97351627e-07  1.20000000e+00  9.90241090e-01 
 2.98451627e-07  1.20000000e+00  9.90782434e-01 
 2.99551627e-07  1.20000000e+00  9.91323784e-01 
 3.00651627e-07  1.20000000e+00  9.91865138e-01 
 3.01751627e-07  1.20000000e+00  9.92406497e-01 
 3.02851627e-07  1.20000000e+00  9.92947857e-01 
 3.03951627e-07  1.20000000e+00  9.93489220e-01 
 3.05051627e-07  1.20000000e+00  9.94030582e-01 
 3.06151627e-07  1.20000000e+00  9.94571944e-01 
 3.07251627e-07  1.20000000e+00  9.95113304e-01 
 3.08351627e-07  1.20000000e+00  9.95654661e-01 
 3.09451627e-07  1.20000000e+00  9.96196014e-01 
 3.10551627e-07  1.20000000e+00  9.96737362e-01 
 3.11651627e-07  1.20000000e+00  9.97278703e-01 
 3.12751627e-07  1.20000000e+00  9.97820038e-01 
 3.13851627e-07  1.20000000e+00  9.98361364e-01 
 3.14951627e-07  1.20000000e+00  9.98902680e-01 
 3.16051627e-07  1.20000000e+00  9.99443986e-01 
 3.17151627e-07  1.20000000e+00  9.99985281e-01 
 3.18251627e-07  1.20000000e+00  1.00052656e+00 
 3.19351627e-07  1.20000000e+00  1.00106783e+00 
 3.20451627e-07  1.20000000e+00  1.00160909e+00 
 3.21551627e-07  1.20000000e+00  1.00215033e+00 
 3.22651627e-07  1.20000000e+00  1.00269155e+00 
 3.23751627e-07  1.20000000e+00  1.00323275e+00 
 3.24851627e-07  1.20000000e+00  1.00377394e+00 
 3.25951627e-07  1.20000000e+00  1.00431510e+00 
 3.27051627e-07  1.20000000e+00  1.00485625e+00 
 3.28151627e-07  1.20000000e+00  1.00539737e+00 
 3.29251627e-07  1.20000000e+00  1.00593848e+00 
 3.30351627e-07  1.20000000e+00  1.00647955e+00 
 3.31451627e-07  1.20000000e+00  1.00702061e+00 
 3.32551627e-07  1.20000000e+00  1.00756164e+00 
 3.33651627e-07  1.20000000e+00  1.00810264e+00 
 3.34751627e-07  1.20000000e+00  1.00864361e+00 
 3.35851627e-07  1.20000000e+00  1.00918455e+00 
 3.36951627e-07  1.20000000e+00  1.00972547e+00 
 3.38051627e-07  1.20000000e+00  1.01026635e+00 
 3.39151627e-07  1.20000000e+00  1.01080721e+00 
 3.40251627e-07  1.20000000e+00  1.01134803e+00 
 3.41351627e-07  1.20000000e+00  1.01188881e+00 
 3.42451627e-07  1.20000000e+00  1.01242956e+00 
 3.43551627e-07  1.20000000e+00  1.01297028e+00 
 3.44651627e-07  1.20000000e+00  1.01351096e+00 
 3.45751627e-07  1.20000000e+00  1.01405160e+00 
 3.46851627e-07  1.20000000e+00  1.01459220e+00 
 3.47951627e-07  1.20000000e+00  1.01513276e+00 
 3.49051627e-07  1.20000000e+00  1.01567328e+00 
 3.50151627e-07  1.20000000e+00  1.01621375e+00 
 3.51251627e-07  1.20000000e+00  1.01675419e+00 
 3.52351627e-07  1.20000000e+00  1.01729458e+00 
 3.53451627e-07  1.20000000e+00  1.01783492e+00 
 3.54551627e-07  1.20000000e+00  1.01837522e+00 
 3.55651627e-07  1.20000000e+00  1.01891547e+00 
 3.56751627e-07  1.20000000e+00  1.01945567e+00 
 3.57851627e-07  1.20000000e+00  1.01999582e+00 
 3.58951627e-07  1.20000000e+00  1.02053591e+00 
 3.60051627e-07  1.20000000e+00  1.02107596e+00 
 3.61151627e-07  1.20000000e+00  1.02161595e+00 
 3.62251627e-07  1.20000000e+00  1.02215589e+00 
 3.63351627e-07  1.20000000e+00  1.02269577e+00 
 3.64451627e-07  1.20000000e+00  1.02323559e+00 
 3.65551627e-07  1.20000000e+00  1.02377536e+00 
 3.66651627e-07  1.20000000e+00  1.02431506e+00 
 3.67751627e-07  1.20000000e+00  1.02485471e+00 
 3.68851627e-07  1.20000000e+00  1.02539429e+00 
 3.69951627e-07  1.20000000e+00  1.02593381e+00 
 3.71051627e-07  1.20000000e+00  1.02647326e+00 
 3.72151627e-07  1.20000000e+00  1.02701265e+00 
 3.73251627e-07  1.20000000e+00  1.02755196e+00 
 3.74351627e-07  1.20000000e+00  1.02809121e+00 
 3.75451627e-07  1.20000000e+00  1.02863039e+00 
 3.76551627e-07  1.20000000e+00  1.02916950e+00 
 3.77651627e-07  1.20000000e+00  1.02970854e+00 
 3.78751627e-07  1.20000000e+00  1.03024749e+00 
 3.79851627e-07  1.20000000e+00  1.03078638e+00 
 3.80951627e-07  1.20000000e+00  1.03132518e+00 
 3.82051627e-07  1.20000000e+00  1.03186391e+00 
 3.83151627e-07  1.20000000e+00  1.03240256e+00 
 3.84251627e-07  1.20000000e+00  1.03294112e+00 
 3.85351627e-07  1.20000000e+00  1.03347960e+00 
 3.86451627e-07  1.20000000e+00  1.03401800e+00 
 3.87551627e-07  1.20000000e+00  1.03455631e+00 
 3.88651627e-07  1.20000000e+00  1.03509453e+00 
 3.89751627e-07  1.20000000e+00  1.03563266e+00 
 3.90851627e-07  1.20000000e+00  1.03617070e+00 
 3.91951627e-07  1.20000000e+00  1.03670864e+00 
 3.93051627e-07  1.20000000e+00  1.03724650e+00 
 3.94151627e-07  1.20000000e+00  1.03778425e+00 
 3.95251627e-07  1.20000000e+00  1.03832191e+00 
 3.96351627e-07  1.20000000e+00  1.03885946e+00 
 3.97451627e-07  1.20000000e+00  1.03939691e+00 
 3.98551627e-07  1.20000000e+00  1.03993426e+00 
 3.99651627e-07  1.20000000e+00  1.04047151e+00 
 4.00751627e-07  1.20000000e+00  1.04100864e+00 
 4.01851627e-07  1.20000000e+00  1.04154567e+00 
 4.02951627e-07  1.20000000e+00  1.04208258e+00 
 4.04051627e-07  1.20000000e+00  1.04261939e+00 
 4.05151627e-07  1.20000000e+00  1.04315607e+00 
 4.06251627e-07  1.20000000e+00  1.04369264e+00 
 4.07351627e-07  1.20000000e+00  1.04422909e+00 
 4.08451627e-07  1.20000000e+00  1.04476542e+00 
 4.09551627e-07  1.20000000e+00  1.04530162e+00 
 4.10651627e-07  1.20000000e+00  1.04583770e+00 
 4.11751627e-07  1.20000000e+00  1.04637365e+00 
 4.12851627e-07  1.20000000e+00  1.04690947e+00 
 4.13951627e-07  1.20000000e+00  1.04744516e+00 
 4.15051627e-07  1.20000000e+00  1.04798072e+00 
 4.16151627e-07  1.20000000e+00  1.04851613e+00 
 4.17251627e-07  1.20000000e+00  1.04905141e+00 
 4.18351627e-07  1.20000000e+00  1.04958655e+00 
 4.19451627e-07  1.20000000e+00  1.05012154e+00 
 4.20551627e-07  1.20000000e+00  1.05065638e+00 
 4.21651627e-07  1.20000000e+00  1.05119108e+00 
 4.22751627e-07  1.20000000e+00  1.05172563e+00 
 4.23851627e-07  1.20000000e+00  1.05226002e+00 
 4.24951627e-07  1.20000000e+00  1.05279425e+00 
 4.26051627e-07  1.20000000e+00  1.05332833e+00 
 4.27151627e-07  1.20000000e+00  1.05386224e+00 
 4.28251627e-07  1.20000000e+00  1.05439599e+00 
 4.29351627e-07  1.20000000e+00  1.05492957e+00 
 4.30451627e-07  1.20000000e+00  1.05546298e+00 
 4.31551627e-07  1.20000000e+00  1.05599622e+00 
 4.32651627e-07  1.20000000e+00  1.05652928e+00 
 4.33751627e-07  1.20000000e+00  1.05706216e+00 
 4.34851627e-07  1.20000000e+00  1.05759487e+00 
 4.35951627e-07  1.20000000e+00  1.05812738e+00 
 4.37051627e-07  1.20000000e+00  1.05865971e+00 
 4.38151627e-07  1.20000000e+00  1.05919185e+00 
 4.39251627e-07  1.20000000e+00  1.05972379e+00 
 4.40351627e-07  1.20000000e+00  1.06025554e+00 
 4.41451627e-07  1.20000000e+00  1.06078709e+00 
 4.42551627e-07  1.20000000e+00  1.06131843e+00 
 4.43651627e-07  1.20000000e+00  1.06184957e+00 
 4.44751627e-07  1.20000000e+00  1.06238049e+00 
 4.45851627e-07  1.20000000e+00  1.06291120e+00 
 4.46951627e-07  1.20000000e+00  1.06344170e+00 
 4.48051627e-07  1.20000000e+00  1.06397197e+00 
 4.49151627e-07  1.20000000e+00  1.06450202e+00 
 4.50251627e-07  1.20000000e+00  1.06503184e+00 
 4.51351627e-07  1.20000000e+00  1.06556143e+00 
 4.52451627e-07  1.20000000e+00  1.06609078e+00 
 4.53551627e-07  1.20000000e+00  1.06661990e+00 
 4.54651627e-07  1.20000000e+00  1.06714877e+00 
 4.55751627e-07  1.20000000e+00  1.06767739e+00 
 4.56851627e-07  1.20000000e+00  1.06820577e+00 
 4.57951627e-07  1.20000000e+00  1.06873389e+00 
 4.59051627e-07  1.20000000e+00  1.06926175e+00 
 4.60151627e-07  1.20000000e+00  1.06978934e+00 
 4.61251627e-07  1.20000000e+00  1.07031667e+00 
 4.62351627e-07  1.20000000e+00  1.07084373e+00 
 4.63451627e-07  1.20000000e+00  1.07137051e+00 
 4.64551627e-07  1.20000000e+00  1.07189701e+00 
 4.65651627e-07  1.20000000e+00  1.07242323e+00 
 4.66751627e-07  1.20000000e+00  1.07294916e+00 
 4.67851627e-07  1.20000000e+00  1.07347479e+00 
 4.68951627e-07  1.20000000e+00  1.07400012e+00 
 4.70051627e-07  1.20000000e+00  1.07452516e+00 
 4.71151627e-07  1.20000000e+00  1.07504988e+00 
 4.72251627e-07  1.20000000e+00  1.07557429e+00 
 4.73351627e-07  1.20000000e+00  1.07609839e+00 
 4.74451627e-07  1.20000000e+00  1.07662216e+00 
 4.75551627e-07  1.20000000e+00  1.07714561e+00 
 4.76651627e-07  1.20000000e+00  1.07766872e+00 
 4.77751627e-07  1.20000000e+00  1.07819150e+00 
 4.78851627e-07  1.20000000e+00  1.07871393e+00 
 4.79951627e-07  1.20000000e+00  1.07923601e+00 
 4.81051627e-07  1.20000000e+00  1.07975774e+00 
 4.82151627e-07  1.20000000e+00  1.08027912e+00 
 4.83251627e-07  1.20000000e+00  1.08080012e+00 
 4.84351627e-07  1.20000000e+00  1.08132076e+00 
 4.85451627e-07  1.20000000e+00  1.08184102e+00 
 4.86551627e-07  1.20000000e+00  1.08236091e+00 
 4.87651627e-07  1.20000000e+00  1.08288040e+00 
 4.88751627e-07  1.20000000e+00  1.08339950e+00 
 4.89851627e-07  1.20000000e+00  1.08391821e+00 
 4.90951627e-07  1.20000000e+00  1.08443650e+00 
 4.92051627e-07  1.20000000e+00  1.08495439e+00 
 4.93151627e-07  1.20000000e+00  1.08547186e+00 
 4.94251627e-07  1.20000000e+00  1.08598891e+00 
 4.95351627e-07  1.20000000e+00  1.08650553e+00 
 4.96451627e-07  1.20000000e+00  1.08702171e+00 
 4.97551627e-07  1.20000000e+00  1.08753745e+00 
 4.98651627e-07  1.20000000e+00  1.08805274e+00 
 4.99751627e-07  1.20000000e+00  1.08856757e+00 
 5.00851627e-07  1.20000000e+00  1.08908195e+00 
 5.01951627e-07  1.20000000e+00  1.08959585e+00 
 5.03051627e-07  1.20000000e+00  1.09010928e+00 
 5.04151627e-07  1.20000000e+00  1.09062223e+00 
 5.05251627e-07  1.20000000e+00  1.09113468e+00 
 5.06351627e-07  1.20000000e+00  1.09164664e+00 
 5.07451627e-07  1.20000000e+00  1.09215810e+00 
 5.08551627e-07  1.20000000e+00  1.09266904e+00 
 5.09651627e-07  1.20000000e+00  1.09317946e+00 
 5.10751627e-07  1.20000000e+00  1.09368936e+00 
 5.11851627e-07  1.20000000e+00  1.09419873e+00 
 5.12951627e-07  1.20000000e+00  1.09470755e+00 
 5.14051627e-07  1.20000000e+00  1.09521583e+00 
 5.15151627e-07  1.20000000e+00  1.09572355e+00 
 5.16251627e-07  1.20000000e+00  1.09623070e+00 
 5.17351627e-07  1.20000000e+00  1.09673728e+00 
 5.18451627e-07  1.20000000e+00  1.09724328e+00 
 5.19551627e-07  1.20000000e+00  1.09774870e+00 
 5.20651627e-07  1.20000000e+00  1.09825351e+00 
 5.21751627e-07  1.20000000e+00  1.09875772e+00 
 5.22851627e-07  1.20000000e+00  1.09926132e+00 
 5.23951627e-07  1.20000000e+00  1.09976430e+00 
 5.25051627e-07  1.20000000e+00  1.10026664e+00 
 5.26151627e-07  1.20000000e+00  1.10076835e+00 
 5.27251627e-07  1.20000000e+00  1.10126941e+00 
 5.28351627e-07  1.20000000e+00  1.10176981e+00 
 5.29451627e-07  1.20000000e+00  1.10226955e+00 
 5.30551627e-07  1.20000000e+00  1.10276862e+00 
 5.31651627e-07  1.20000000e+00  1.10326700e+00 
 5.32751627e-07  1.20000000e+00  1.10376469e+00 
 5.33851627e-07  1.20000000e+00  1.10426168e+00 
 5.34951627e-07  1.20000000e+00  1.10475796e+00 
 5.36051627e-07  1.20000000e+00  1.10525352e+00 
 5.37151627e-07  1.20000000e+00  1.10574835e+00 
 5.38251627e-07  1.20000000e+00  1.10624244e+00 
 5.39351627e-07  1.20000000e+00  1.10673578e+00 
 5.40451627e-07  1.20000000e+00  1.10722837e+00 
 5.41551627e-07  1.20000000e+00  1.10772018e+00 
 5.42651627e-07  1.20000000e+00  1.10821123e+00 
 5.43751627e-07  1.20000000e+00  1.10870148e+00 
 5.44851627e-07  1.20000000e+00  1.10919094e+00 
 5.45951627e-07  1.20000000e+00  1.10967959e+00 
 5.47051627e-07  1.20000000e+00  1.11016742e+00 
 5.48151627e-07  1.20000000e+00  1.11065443e+00 
 5.49251627e-07  1.20000000e+00  1.11114059e+00 
 5.50351627e-07  1.20000000e+00  1.11162591e+00 
 5.51451627e-07  1.20000000e+00  1.11211038e+00 
 5.52551627e-07  1.20000000e+00  1.11259397e+00 
 5.53651627e-07  1.20000000e+00  1.11307669e+00 
 5.54751627e-07  1.20000000e+00  1.11355851e+00 
 5.55851627e-07  1.20000000e+00  1.11403944e+00 
 5.56951627e-07  1.20000000e+00  1.11451946e+00 
 5.58051627e-07  1.20000000e+00  1.11499855e+00 
 5.59151627e-07  1.20000000e+00  1.11547671e+00 
 5.60251627e-07  1.20000000e+00  1.11595393e+00 
 5.61351627e-07  1.20000000e+00  1.11643020e+00 
 5.62451627e-07  1.20000000e+00  1.11690550e+00 
 5.63551627e-07  1.20000000e+00  1.11737982e+00 
 5.64651627e-07  1.20000000e+00  1.11785316e+00 
 5.65751627e-07  1.20000000e+00  1.11832550e+00 
 5.66851627e-07  1.20000000e+00  1.11879683e+00 
 5.67951627e-07  1.20000000e+00  1.11926714e+00 
 5.69051627e-07  1.20000000e+00  1.11973642e+00 
 5.70151627e-07  1.20000000e+00  1.12020465e+00 
 5.71251627e-07  1.20000000e+00  1.12067184e+00 
 5.72351627e-07  1.20000000e+00  1.12113795e+00 
 5.73451627e-07  1.20000000e+00  1.12160299e+00 
 5.74551627e-07  1.20000000e+00  1.12206694e+00 
 5.75651627e-07  1.20000000e+00  1.12252980e+00 
 5.76751627e-07  1.20000000e+00  1.12299154e+00 
 5.77851627e-07  1.20000000e+00  1.12345216e+00 
 5.78951627e-07  1.20000000e+00  1.12391164e+00 
 5.80051627e-07  1.20000000e+00  1.12436998e+00 
 5.81151627e-07  1.20000000e+00  1.12482717e+00 
 5.82251627e-07  1.20000000e+00  1.12528318e+00 
 5.83351627e-07  1.20000000e+00  1.12573802e+00 
 5.84451627e-07  1.20000000e+00  1.12619166e+00 
 5.85551627e-07  1.20000000e+00  1.12664410e+00 
 5.86651627e-07  1.20000000e+00  1.12709533e+00 
 5.87751627e-07  1.20000000e+00  1.12754533e+00 
 5.88851627e-07  1.20000000e+00  1.12799409e+00 
 5.89951627e-07  1.20000000e+00  1.12844160e+00 
 5.91051627e-07  1.20000000e+00  1.12888785e+00 
 5.92151627e-07  1.20000000e+00  1.12933283e+00 
 5.93251627e-07  1.20000000e+00  1.12977653e+00 
 5.94351627e-07  1.20000000e+00  1.13021893e+00 
 5.95451627e-07  1.20000000e+00  1.13066003e+00 
 5.96551627e-07  1.20000000e+00  1.13109980e+00 
 5.97651627e-07  1.20000000e+00  1.13153825e+00 
 5.98751627e-07  1.20000000e+00  1.13197536e+00 
 5.99851627e-07  1.20000000e+00  1.13241111e+00 
 6.00951627e-07  1.20000000e+00  1.13284550e+00 
 6.02051627e-07  1.20000000e+00  1.13327852e+00 
 6.03151627e-07  1.20000000e+00  1.13371015e+00 
 6.04251627e-07  1.20000000e+00  1.13414039e+00 
 6.05351627e-07  1.20000000e+00  1.13456922e+00 
 6.06451627e-07  1.20000000e+00  1.13499662e+00 
 6.07551627e-07  1.20000000e+00  1.13542260e+00 
 6.08651627e-07  1.20000000e+00  1.13584714e+00 
 6.09751627e-07  1.20000000e+00  1.13627023e+00 
 6.10851627e-07  1.20000000e+00  1.13669185e+00 
 6.11951627e-07  1.20000000e+00  1.13711200e+00 
 6.13051627e-07  1.20000000e+00  1.13753067e+00 
 6.14151627e-07  1.20000000e+00  1.13794784e+00 
 6.15251627e-07  1.20000000e+00  1.13836351e+00 
 6.16351627e-07  1.20000000e+00  1.13877767e+00 
 6.17451627e-07  1.20000000e+00  1.13919030e+00 
 6.18551627e-07  1.20000000e+00  1.13960139e+00 
 6.19651627e-07  1.20000000e+00  1.14001094e+00 
 6.20751627e-07  1.20000000e+00  1.14041894e+00 
 6.21851627e-07  1.20000000e+00  1.14082537e+00 
 6.22951627e-07  1.20000000e+00  1.14123022e+00 
 6.24051627e-07  1.20000000e+00  1.14163349e+00 
 6.25151627e-07  1.20000000e+00  1.14203517e+00 
 6.26251627e-07  1.20000000e+00  1.14243524e+00 
 6.27351627e-07  1.20000000e+00  1.14283371e+00 
 6.28451627e-07  1.20000000e+00  1.14323055e+00 
 6.29551627e-07  1.20000000e+00  1.14362576e+00 
 6.30651627e-07  1.20000000e+00  1.14401933e+00 
 6.31751627e-07  1.20000000e+00  1.14441125e+00 
 6.32851627e-07  1.20000000e+00  1.14480152e+00 
 6.33951627e-07  1.20000000e+00  1.14519012e+00 
 6.35051627e-07  1.20000000e+00  1.14557705e+00 
 6.36151627e-07  1.20000000e+00  1.14596230e+00 
 6.37251627e-07  1.20000000e+00  1.14634586e+00 
 6.38351627e-07  1.20000000e+00  1.14672772e+00 
 6.39451627e-07  1.20000000e+00  1.14710788e+00 
 6.40551627e-07  1.20000000e+00  1.14748632e+00 
 6.41651627e-07  1.20000000e+00  1.14786305e+00 
 6.42751627e-07  1.20000000e+00  1.14823805e+00 
 6.43851627e-07  1.20000000e+00  1.14861131e+00 
 6.44951627e-07  1.20000000e+00  1.14898283e+00 
 6.46051627e-07  1.20000000e+00  1.14935261e+00 
 6.47151627e-07  1.20000000e+00  1.14972063e+00 
 6.48251627e-07  1.20000000e+00  1.15008690e+00 
 6.49351627e-07  1.20000000e+00  1.15045140e+00 
 6.50451627e-07  1.20000000e+00  1.15081412e+00 
 6.51551627e-07  1.20000000e+00  1.15117507e+00 
 6.52651627e-07  1.20000000e+00  1.15153423e+00 
 6.53751627e-07  1.20000000e+00  1.15189161e+00 
 6.54851627e-07  1.20000000e+00  1.15224719e+00 
 6.55951627e-07  1.20000000e+00  1.15260097e+00 
 6.57051627e-07  1.20000000e+00  1.15295295e+00 
 6.58151627e-07  1.20000000e+00  1.15330312e+00 
 6.59251627e-07  1.20000000e+00  1.15365148e+00 
 6.60351627e-07  1.20000000e+00  1.15399802e+00 
 6.61451627e-07  1.20000000e+00  1.15434274e+00 
 6.62551627e-07  1.20000000e+00  1.15468563e+00 
 6.63651627e-07  1.20000000e+00  1.15502670e+00 
 6.64751627e-07  1.20000000e+00  1.15536593e+00 
 6.65851627e-07  1.20000000e+00  1.15570333e+00 
 6.66951627e-07  1.20000000e+00  1.15603889e+00 
 6.68051627e-07  1.20000000e+00  1.15637261e+00 
 6.69151627e-07  1.20000000e+00  1.15670448e+00 
 6.70251627e-07  1.20000000e+00  1.15703451e+00 
 6.71351627e-07  1.20000000e+00  1.15736269e+00 
 6.72451627e-07  1.20000000e+00  1.15768902e+00 
 6.73551627e-07  1.20000000e+00  1.15801350e+00 
 6.74651627e-07  1.20000000e+00  1.15833612e+00 
 6.75751627e-07  1.20000000e+00  1.15865689e+00 
 6.76851627e-07  1.20000000e+00  1.15897580e+00 
 6.77951627e-07  1.20000000e+00  1.15929286e+00 
 6.79051627e-07  1.20000000e+00  1.15960805e+00 
 6.80151627e-07  1.20000000e+00  1.15992139e+00 
 6.81251627e-07  1.20000000e+00  1.16023286e+00 
 6.82351627e-07  1.20000000e+00  1.16054248e+00 
 6.83451627e-07  1.20000000e+00  1.16085024e+00 
 6.84551627e-07  1.20000000e+00  1.16115614e+00 
 6.85651627e-07  1.20000000e+00  1.16146017e+00 
 6.86751627e-07  1.20000000e+00  1.16176235e+00 
 6.87851627e-07  1.20000000e+00  1.16206268e+00 
 6.88951627e-07  1.20000000e+00  1.16236114e+00 
 6.90051627e-07  1.20000000e+00  1.16265775e+00 
 6.91151627e-07  1.20000000e+00  1.16295251e+00 
 6.92251627e-07  1.20000000e+00  1.16324541e+00 
 6.93351627e-07  1.20000000e+00  1.16353646e+00 
 6.94451627e-07  1.20000000e+00  1.16382566e+00 
 6.95551627e-07  1.20000000e+00  1.16411301e+00 
 6.96651627e-07  1.20000000e+00  1.16439852e+00 
 6.97751627e-07  1.20000000e+00  1.16468219e+00 
 6.98851627e-07  1.20000000e+00  1.16496402e+00 
 6.99951627e-07  1.20000000e+00  1.16524401e+00 
 7.01051627e-07  1.20000000e+00  1.16552216e+00 
 7.02151627e-07  1.20000000e+00  1.16579849e+00 
 7.03251627e-07  1.20000000e+00  1.16607298e+00 
 7.04351627e-07  1.20000000e+00  1.16634566e+00 
 7.05451627e-07  1.20000000e+00  1.16661651e+00 
 7.06551627e-07  1.20000000e+00  1.16688555e+00 
 7.07651627e-07  1.20000000e+00  1.16715277e+00 
 7.08751627e-07  1.20000000e+00  1.16741818e+00 
 7.09851627e-07  1.20000000e+00  1.16768179e+00 
 7.10951627e-07  1.20000000e+00  1.16794360e+00 
 7.12051627e-07  1.20000000e+00  1.16820362e+00 
 7.13151627e-07  1.20000000e+00  1.16846184e+00 
 7.14251627e-07  1.20000000e+00  1.16871828e+00 
 7.15351627e-07  1.20000000e+00  1.16897294e+00 
 7.16451627e-07  1.20000000e+00  1.16922582e+00 
 7.17551627e-07  1.20000000e+00  1.16947693e+00 
 7.18651627e-07  1.20000000e+00  1.16972628e+00 
 7.19751627e-07  1.20000000e+00  1.16997387e+00 
 7.20851627e-07  1.20000000e+00  1.17021971e+00 
 7.21951627e-07  1.20000000e+00  1.17046379e+00 
 7.23051627e-07  1.20000000e+00  1.17070614e+00 
 7.24151627e-07  1.20000000e+00  1.17094675e+00 
 7.25251627e-07  1.20000000e+00  1.17118563e+00 
 7.26351627e-07  1.20000000e+00  1.17142279e+00 
 7.27451627e-07  1.20000000e+00  1.17165823e+00 
 7.28551627e-07  1.20000000e+00  1.17189196e+00 
 7.29651627e-07  1.20000000e+00  1.17212399e+00 
 7.30751627e-07  1.20000000e+00  1.17235432e+00 
 7.31851627e-07  1.20000000e+00  1.17258296e+00 
 7.32951627e-07  1.20000000e+00  1.17280992e+00 
 7.34051627e-07  1.20000000e+00  1.17303520e+00 
 7.35151627e-07  1.20000000e+00  1.17325881e+00 
 7.36251627e-07  1.20000000e+00  1.17348076e+00 
 7.37351627e-07  1.20000000e+00  1.17370106e+00 
 7.38451627e-07  1.20000000e+00  1.17391971e+00 
 7.39551627e-07  1.20000000e+00  1.17413672e+00 
 7.40651627e-07  1.20000000e+00  1.17435210e+00 
 7.41751627e-07  1.20000000e+00  1.17456586e+00 
 7.42851627e-07  1.20000000e+00  1.17477800e+00 
 7.43951627e-07  1.20000000e+00  1.17498853e+00 
 7.45051627e-07  1.20000000e+00  1.17519746e+00 
 7.46151627e-07  1.20000000e+00  1.17540480e+00 
 7.47251627e-07  1.20000000e+00  1.17561055e+00 
 7.48351627e-07  1.20000000e+00  1.17581472e+00 
 7.49451627e-07  1.20000000e+00  1.17601733e+00 
 7.50551627e-07  1.20000000e+00  1.17621838e+00 
 7.51651627e-07  1.20000000e+00  1.17641787e+00 
 7.52751627e-07  1.20000000e+00  1.17661582e+00 
 7.53851627e-07  1.20000000e+00  1.17681223e+00 
 7.54951627e-07  1.20000000e+00  1.17700712e+00 
 7.56051627e-07  1.20000000e+00  1.17720049e+00 
 7.57151627e-07  1.20000000e+00  1.17739234e+00 
 7.58251627e-07  1.20000000e+00  1.17758270e+00 
 7.59351627e-07  1.20000000e+00  1.17777156e+00 
 7.60451627e-07  1.20000000e+00  1.17795893e+00 
 7.61551627e-07  1.20000000e+00  1.17814483e+00 
 7.62651627e-07  1.20000000e+00  1.17832926e+00 
 7.63751627e-07  1.20000000e+00  1.17851224e+00 
 7.64851627e-07  1.20000000e+00  1.17869376e+00 
 7.65951627e-07  1.20000000e+00  1.17887384e+00 
 7.67051627e-07  1.20000000e+00  1.17905248e+00 
 7.68151627e-07  1.20000000e+00  1.17922971e+00 
 7.69251627e-07  1.20000000e+00  1.17940551e+00 
 7.70351627e-07  1.20000000e+00  1.17957991e+00 
 7.71451627e-07  1.20000000e+00  1.17975291e+00 
 7.72551627e-07  1.20000000e+00  1.17992452e+00 
 7.73651627e-07  1.20000000e+00  1.18009475e+00 
 7.74751627e-07  1.20000000e+00  1.18026361e+00 
 7.75851627e-07  1.20000000e+00  1.18043111e+00 
 7.76951627e-07  1.20000000e+00  1.18059725e+00 
 7.78051627e-07  1.20000000e+00  1.18076205e+00 
 7.79151627e-07  1.20000000e+00  1.18092550e+00 
 7.80251627e-07  1.20000000e+00  1.18108764e+00 
 7.81351627e-07  1.20000000e+00  1.18124845e+00 
 7.82451627e-07  1.20000000e+00  1.18140795e+00 
 7.83551627e-07  1.20000000e+00  1.18156615e+00 
 7.84651627e-07  1.20000000e+00  1.18172306e+00 
 7.85751627e-07  1.20000000e+00  1.18187868e+00 
 7.86851627e-07  1.20000000e+00  1.18203303e+00 
 7.87951627e-07  1.20000000e+00  1.18218611e+00 
 7.89051627e-07  1.20000000e+00  1.18233794e+00 
 7.90151627e-07  1.20000000e+00  1.18248852e+00 
 7.91251627e-07  1.20000000e+00  1.18263785e+00 
 7.92351627e-07  1.20000000e+00  1.18278595e+00 
 7.93451627e-07  1.20000000e+00  1.18293284e+00 
 7.94551627e-07  1.20000000e+00  1.18307850e+00 
 7.95651627e-07  1.20000000e+00  1.18322296e+00 
 7.96751627e-07  1.20000000e+00  1.18336623e+00 
 7.97851627e-07  1.20000000e+00  1.18350830e+00 
 7.98951627e-07  1.20000000e+00  1.18364920e+00 
 8.00051627e-07  1.20000000e+00  1.18378893e+00 
 8.01151627e-07  1.20000000e+00  1.18392749e+00 
 8.02251627e-07  1.20000000e+00  1.18406490e+00 
 8.03351627e-07  1.20000000e+00  1.18420116e+00 
 8.04451627e-07  1.20000000e+00  1.18433628e+00 
 8.05551627e-07  1.20000000e+00  1.18447028e+00 
 8.06651627e-07  1.20000000e+00  1.18460315e+00 
 8.07751627e-07  1.20000000e+00  1.18473491e+00 
 8.08851627e-07  1.20000000e+00  1.18486557e+00 
 8.09951627e-07  1.20000000e+00  1.18499514e+00 
 8.11051627e-07  1.20000000e+00  1.18512361e+00 
 8.12151627e-07  1.20000000e+00  1.18525101e+00 
 8.13251627e-07  1.20000000e+00  1.18537733e+00 
 8.14351627e-07  1.20000000e+00  1.18550259e+00 
 8.15451627e-07  1.20000000e+00  1.18562680e+00 
 8.16551627e-07  1.20000000e+00  1.18574996e+00 
 8.17651627e-07  1.20000000e+00  1.18587208e+00 
 8.18751627e-07  1.20000000e+00  1.18599318e+00 
 8.19851627e-07  1.20000000e+00  1.18611324e+00 
 8.20951627e-07  1.20000000e+00  1.18623230e+00 
 8.22051627e-07  1.20000000e+00  1.18635034e+00 
 8.23151627e-07  1.20000000e+00  1.18646739e+00 
 8.24251627e-07  1.20000000e+00  1.18658345e+00 
 8.25351627e-07  1.20000000e+00  1.18669852e+00 
 8.26451627e-07  1.20000000e+00  1.18681261e+00 
 8.27551627e-07  1.20000000e+00  1.18692574e+00 
 8.28651627e-07  1.20000000e+00  1.18703791e+00 
 8.29751627e-07  1.20000000e+00  1.18714912e+00 
 8.30851627e-07  1.20000000e+00  1.18725939e+00 
 8.31951627e-07  1.20000000e+00  1.18736872e+00 
 8.33051627e-07  1.20000000e+00  1.18747712e+00 
 8.34151627e-07  1.20000000e+00  1.18758460e+00 
 8.35251627e-07  1.20000000e+00  1.18769116e+00 
 8.36351627e-07  1.20000000e+00  1.18779681e+00 
 8.37451627e-07  1.20000000e+00  1.18790157e+00 
 8.38551627e-07  1.20000000e+00  1.18800542e+00 
 8.39651627e-07  1.20000000e+00  1.18810840e+00 
 8.40751627e-07  1.20000000e+00  1.18821049e+00 
 8.41851627e-07  1.20000000e+00  1.18831171e+00 
 8.42951627e-07  1.20000000e+00  1.18841206e+00 
 8.44051627e-07  1.20000000e+00  1.18851156e+00 
 8.45151627e-07  1.20000000e+00  1.18861020e+00 
 8.46251627e-07  1.20000000e+00  1.18870800e+00 
 8.47351627e-07  1.20000000e+00  1.18880496e+00 
 8.48451627e-07  1.20000000e+00  1.18890109e+00 
 8.49551627e-07  1.20000000e+00  1.18899640e+00 
 8.50651627e-07  1.20000000e+00  1.18909089e+00 
 8.51751627e-07  1.20000000e+00  1.18918457e+00 
 8.52851627e-07  1.20000000e+00  1.18927745e+00 
 8.53951627e-07  1.20000000e+00  1.18936953e+00 
 8.55051627e-07  1.20000000e+00  1.18946082e+00 
 8.56151627e-07  1.20000000e+00  1.18955132e+00 
 8.57251627e-07  1.20000000e+00  1.18964105e+00 
 8.58351627e-07  1.20000000e+00  1.18973001e+00 
 8.59451627e-07  1.20000000e+00  1.18981820e+00 
 8.60551627e-07  1.20000000e+00  1.18990563e+00 
 8.61651627e-07  1.20000000e+00  1.18999231e+00 
 8.62751627e-07  1.20000000e+00  1.19007825e+00 
 8.63851627e-07  1.20000000e+00  1.19016344e+00 
 8.64951627e-07  1.20000000e+00  1.19024790e+00 
 8.66051627e-07  1.20000000e+00  1.19033164e+00 
 8.67151627e-07  1.20000000e+00  1.19041465e+00 
 8.68251627e-07  1.20000000e+00  1.19049695e+00 
 8.69351627e-07  1.20000000e+00  1.19057854e+00 
 8.70451627e-07  1.20000000e+00  1.19065942e+00 
 8.71551627e-07  1.20000000e+00  1.19073961e+00 
 8.72651627e-07  1.20000000e+00  1.19081911e+00 
 8.73751627e-07  1.20000000e+00  1.19089792e+00 
 8.74851627e-07  1.20000000e+00  1.19097605e+00 
 8.75951627e-07  1.20000000e+00  1.19105351e+00 
 8.77051627e-07  1.20000000e+00  1.19113030e+00 
 8.78151627e-07  1.20000000e+00  1.19120642e+00 
 8.79251627e-07  1.20000000e+00  1.19128189e+00 
 8.80351627e-07  1.20000000e+00  1.19135671e+00 
 8.81451627e-07  1.20000000e+00  1.19143088e+00 
 8.82551627e-07  1.20000000e+00  1.19150441e+00 
 8.83651627e-07  1.20000000e+00  1.19157730e+00 
 8.84751627e-07  1.20000000e+00  1.19164956e+00 
 8.85851627e-07  1.20000000e+00  1.19172120e+00 
 8.86951627e-07  1.20000000e+00  1.19179223e+00 
 8.88051627e-07  1.20000000e+00  1.19186263e+00 
 8.89151627e-07  1.20000000e+00  1.19193243e+00 
 8.90251627e-07  1.20000000e+00  1.19200162e+00 
 8.91351627e-07  1.20000000e+00  1.19207022e+00 
 8.92451627e-07  1.20000000e+00  1.19213822e+00 
 8.93551627e-07  1.20000000e+00  1.19220564e+00 
 8.94651627e-07  1.20000000e+00  1.19227247e+00 
 8.95751627e-07  1.20000000e+00  1.19233872e+00 
 8.96851627e-07  1.20000000e+00  1.19240440e+00 
 8.97951627e-07  1.20000000e+00  1.19246951e+00 
 8.99051627e-07  1.20000000e+00  1.19253406e+00 
 9.00151627e-07  1.20000000e+00  1.19259805e+00 
 9.01251627e-07  1.20000000e+00  1.19266148e+00 
 9.02351627e-07  1.20000000e+00  1.19272437e+00 
 9.03451627e-07  1.20000000e+00  1.19278671e+00 
 9.04551627e-07  1.20000000e+00  1.19284851e+00 
 9.05651627e-07  1.20000000e+00  1.19290978e+00 
 9.06751627e-07  1.20000000e+00  1.19297051e+00 
 9.07851627e-07  1.20000000e+00  1.19303072e+00 
 9.08951627e-07  1.20000000e+00  1.19309041e+00 
 9.10051627e-07  1.20000000e+00  1.19314958e+00 
 9.11151627e-07  1.20000000e+00  1.19320824e+00 
 9.12251627e-07  1.20000000e+00  1.19326639e+00 
 9.13351627e-07  1.20000000e+00  1.19332403e+00 
 9.14451627e-07  1.20000000e+00  1.19338118e+00 
 9.15551627e-07  1.20000000e+00  1.19343783e+00 
 9.16651627e-07  1.20000000e+00  1.19349399e+00 
 9.17751627e-07  1.20000000e+00  1.19354966e+00 
 9.18851627e-07  1.20000000e+00  1.19360485e+00 
 9.19951627e-07  1.20000000e+00  1.19365957e+00 
 9.21051627e-07  1.20000000e+00  1.19371380e+00 
 9.22151627e-07  1.20000000e+00  1.19376757e+00 
 9.23251627e-07  1.20000000e+00  1.19382088e+00 
 9.24351627e-07  1.20000000e+00  1.19387372e+00 
 9.25451627e-07  1.20000000e+00  1.19392610e+00 
 9.26551627e-07  1.20000000e+00  1.19397803e+00 
 9.27651627e-07  1.20000000e+00  1.19402950e+00 
 9.28751627e-07  1.20000000e+00  1.19408053e+00 
 9.29851627e-07  1.20000000e+00  1.19413112e+00 
 9.30951627e-07  1.20000000e+00  1.19418127e+00 
 9.32051627e-07  1.20000000e+00  1.19423099e+00 
 9.33151627e-07  1.20000000e+00  1.19428027e+00 
 9.34251627e-07  1.20000000e+00  1.19432913e+00 
 9.35351627e-07  1.20000000e+00  1.19437756e+00 
 9.36451627e-07  1.20000000e+00  1.19442558e+00 
 9.37551627e-07  1.20000000e+00  1.19447318e+00 
 9.38651627e-07  1.20000000e+00  1.19452036e+00 
 9.39751627e-07  1.20000000e+00  1.19456714e+00 
 9.40851627e-07  1.20000000e+00  1.19461350e+00 
 9.41951627e-07  1.20000000e+00  1.19465947e+00 
 9.43051627e-07  1.20000000e+00  1.19470504e+00 
 9.44151627e-07  1.20000000e+00  1.19475022e+00 
 9.45251627e-07  1.20000000e+00  1.19479500e+00 
 9.46351627e-07  1.20000000e+00  1.19483939e+00 
 9.47451627e-07  1.20000000e+00  1.19488340e+00 
 9.48551627e-07  1.20000000e+00  1.19492703e+00 
 9.49651627e-07  1.20000000e+00  1.19497028e+00 
 9.50751627e-07  1.20000000e+00  1.19501315e+00 
 9.51851627e-07  1.20000000e+00  1.19505565e+00 
 9.52951627e-07  1.20000000e+00  1.19509778e+00 
 9.54051627e-07  1.20000000e+00  1.19513955e+00 
 9.55151627e-07  1.20000000e+00  1.19518096e+00 
 9.56251627e-07  1.20000000e+00  1.19522201e+00 
 9.57351627e-07  1.20000000e+00  1.19526270e+00 
 9.58451627e-07  1.20000000e+00  1.19530303e+00 
 9.59551627e-07  1.20000000e+00  1.19534302e+00 
 9.60651627e-07  1.20000000e+00  1.19538266e+00 
 9.61751627e-07  1.20000000e+00  1.19542196e+00 
 9.62851627e-07  1.20000000e+00  1.19546092e+00 
 9.63951627e-07  1.20000000e+00  1.19549954e+00 
 9.65051627e-07  1.20000000e+00  1.19553782e+00 
 9.66151627e-07  1.20000000e+00  1.19557578e+00 
 9.67251627e-07  1.20000000e+00  1.19561340e+00 
 9.68351627e-07  1.20000000e+00  1.19565070e+00 
 9.69451627e-07  1.20000000e+00  1.19568767e+00 
 9.70551627e-07  1.20000000e+00  1.19572432e+00 
 9.71651627e-07  1.20000000e+00  1.19576066e+00 
 9.72751627e-07  1.20000000e+00  1.19579668e+00 
 9.73851627e-07  1.20000000e+00  1.19583239e+00 
 9.74951627e-07  1.20000000e+00  1.19586779e+00 
 9.76051627e-07  1.20000000e+00  1.19590288e+00 
 9.77151627e-07  1.20000000e+00  1.19593766e+00 
 9.78251627e-07  1.20000000e+00  1.19597215e+00 
 9.79351627e-07  1.20000000e+00  1.19600634e+00 
 9.80451627e-07  1.20000000e+00  1.19604023e+00 
 9.81551627e-07  1.20000000e+00  1.19607383e+00 
 9.82651627e-07  1.20000000e+00  1.19610713e+00 
 9.83751627e-07  1.20000000e+00  1.19614015e+00 
 9.84851627e-07  1.20000000e+00  1.19617288e+00 
 9.85951627e-07  1.20000000e+00  1.19620533e+00 
 9.87051627e-07  1.20000000e+00  1.19623749e+00 
 9.88151627e-07  1.20000000e+00  1.19626938e+00 
 9.89251627e-07  1.20000000e+00  1.19630099e+00 
 9.90351627e-07  1.20000000e+00  1.19633233e+00 
 9.91451627e-07  1.20000000e+00  1.19636339e+00 
 9.92551627e-07  1.20000000e+00  1.19639419e+00 
 9.93651627e-07  1.20000000e+00  1.19642472e+00 
 9.94751627e-07  1.20000000e+00  1.19645498e+00 
 9.95851627e-07  1.20000000e+00  1.19648498e+00 
 9.96951627e-07  1.20000000e+00  1.19651473e+00 
 9.98051627e-07  1.20000000e+00  1.19654421e+00 
 9.99151627e-07  1.20000000e+00  1.19657344e+00 
 1.00025163e-06  1.20000000e+00  1.19660242e+00 
 1.00135163e-06  1.20000000e+00  1.19663114e+00 
 1.00245163e-06  1.20000000e+00  1.19665962e+00 
 1.00355163e-06  1.20000000e+00  1.19668785e+00 
 1.00465163e-06  1.20000000e+00  1.19671583e+00 
 1.00575163e-06  1.20000000e+00  1.19674358e+00 
 1.00685163e-06  1.20000000e+00  1.19677108e+00 
 1.00795163e-06  1.20000000e+00  1.19679834e+00 
 1.00905163e-06  1.20000000e+00  1.19682537e+00 
 1.01015163e-06  1.20000000e+00  1.19685216e+00 
 1.01125163e-06  1.20000000e+00  1.19687872e+00 
 1.01235163e-06  1.20000000e+00  1.19690506e+00 
 1.01345163e-06  1.20000000e+00  1.19693116e+00 
 1.01455163e-06  1.20000000e+00  1.19695704e+00 
 1.01565163e-06  1.20000000e+00  1.19698269e+00 
 1.01675163e-06  1.20000000e+00  1.19700812e+00 
 1.01785163e-06  1.20000000e+00  1.19703333e+00 
 1.01895163e-06  1.20000000e+00  1.19705832e+00 
 1.02005163e-06  1.20000000e+00  1.19708310e+00 
 1.02115163e-06  1.20000000e+00  1.19710766e+00 
 1.02225163e-06  1.20000000e+00  1.19713201e+00 
 1.02335163e-06  1.20000000e+00  1.19715615e+00 
 1.02445163e-06  1.20000000e+00  1.19718008e+00 
 1.02555163e-06  1.20000000e+00  1.19720380e+00 
 1.02665163e-06  1.20000000e+00  1.19722732e+00 
 1.02775163e-06  1.20000000e+00  1.19725063e+00 
 1.02885163e-06  1.20000000e+00  1.19727374e+00 
 1.02995163e-06  1.20000000e+00  1.19729665e+00 
 1.03105163e-06  1.20000000e+00  1.19731937e+00 
 1.03215163e-06  1.20000000e+00  1.19734188e+00 
 1.03325163e-06  1.20000000e+00  1.19736420e+00 
 1.03435163e-06  1.20000000e+00  1.19738633e+00 
 1.03545163e-06  1.20000000e+00  1.19740827e+00 
 1.03655163e-06  1.20000000e+00  1.19743001e+00 
 1.03765163e-06  1.20000000e+00  1.19745157e+00 
 1.03875163e-06  1.20000000e+00  1.19747295e+00 
 1.03985163e-06  1.20000000e+00  1.19749413e+00 
 1.04095163e-06  1.20000000e+00  1.19751514e+00 
 1.04205163e-06  1.20000000e+00  1.19753596e+00 
 1.04315163e-06  1.20000000e+00  1.19755660e+00 
 1.04425163e-06  1.20000000e+00  1.19757706e+00 
 1.04535163e-06  1.20000000e+00  1.19759735e+00 
 1.04645163e-06  1.20000000e+00  1.19761746e+00 
 1.04755163e-06  1.20000000e+00  1.19763740e+00 
 1.04865163e-06  1.20000000e+00  1.19765716e+00 
 1.04975163e-06  1.20000000e+00  1.19767675e+00 
 1.05085163e-06  1.20000000e+00  1.19769618e+00 
 1.05195163e-06  1.20000000e+00  1.19771543e+00 
 1.05305163e-06  1.20000000e+00  1.19773452e+00 
 1.05415163e-06  1.20000000e+00  1.19775345e+00 
 1.05525163e-06  1.20000000e+00  1.19777221e+00 
 1.05635163e-06  1.20000000e+00  1.19779080e+00 
 1.05745163e-06  1.20000000e+00  1.19780924e+00 
 1.05855163e-06  1.20000000e+00  1.19782752e+00 
 1.05965163e-06  1.20000000e+00  1.19784564e+00 
 1.06075163e-06  1.20000000e+00  1.19786360e+00 
 1.06185163e-06  1.20000000e+00  1.19788141e+00 
 1.06295163e-06  1.20000000e+00  1.19789906e+00 
 1.06405163e-06  1.20000000e+00  1.19791656e+00 
 1.06515163e-06  1.20000000e+00  1.19793391e+00 
 1.06625163e-06  1.20000000e+00  1.19795111e+00 
 1.06735163e-06  1.20000000e+00  1.19796816e+00 
 1.06845163e-06  1.20000000e+00  1.19798507e+00 
 1.06955163e-06  1.20000000e+00  1.19800182e+00 
 1.07065163e-06  1.20000000e+00  1.19801843e+00 
 1.07175163e-06  1.20000000e+00  1.19803490e+00 
 1.07285163e-06  1.20000000e+00  1.19805123e+00 
 1.07395163e-06  1.20000000e+00  1.19806741e+00 
 1.07505163e-06  1.20000000e+00  1.19808346e+00 
 1.07615163e-06  1.20000000e+00  1.19809937e+00 
 1.07725163e-06  1.20000000e+00  1.19811513e+00 
 1.07835163e-06  1.20000000e+00  1.19813077e+00 
 1.07945163e-06  1.20000000e+00  1.19814627e+00 
 1.08055163e-06  1.20000000e+00  1.19816163e+00 
 1.08165163e-06  1.20000000e+00  1.19817686e+00 
 1.08275163e-06  1.20000000e+00  1.19819196e+00 
 1.08385163e-06  1.20000000e+00  1.19820693e+00 
 1.08495163e-06  1.20000000e+00  1.19822177e+00 
 1.08605163e-06  1.20000000e+00  1.19823648e+00 
 1.08715163e-06  1.20000000e+00  1.19825106e+00 
 1.08825163e-06  1.20000000e+00  1.19826552e+00 
 1.08935163e-06  1.20000000e+00  1.19827985e+00 
 1.09045163e-06  1.20000000e+00  1.19829406e+00 
 1.09155163e-06  1.20000000e+00  1.19830815e+00 
 1.09265163e-06  1.20000000e+00  1.19832211e+00 
 1.09375163e-06  1.20000000e+00  1.19833596e+00 
 1.09485163e-06  1.20000000e+00  1.19834968e+00 
 1.09595163e-06  1.20000000e+00  1.19836329e+00 
 1.09705163e-06  1.20000000e+00  1.19837677e+00 
 1.09815163e-06  1.20000000e+00  1.19839014e+00 
 1.09925163e-06  1.20000000e+00  1.19840340e+00 
 1.10000000e-06  1.20000000e+00  1.19841235e+00 
