 frequency       AmagdB          Aphdeg         
 1.00000000e+02  1.97911038e+01  1.79944171e+02 
 1.02305973e+02  1.97911036e+01  1.79942883e+02 
 1.04665121e+02  1.97911034e+01  1.79941566e+02 
 1.07078670e+02  1.97911032e+01  1.79940219e+02 
 1.09547876e+02  1.97911029e+01  1.79938840e+02 
 1.12074020e+02  1.97911027e+01  1.79937430e+02 
 1.14658417e+02  1.97911025e+01  1.79935987e+02 
 1.17302409e+02  1.97911022e+01  1.79934511e+02 
 1.20007371e+02  1.97911020e+01  1.79933001e+02 
 1.22774708e+02  1.97911017e+01  1.79931456e+02 
 1.25605860e+02  1.97911014e+01  1.79929875e+02 
 1.28502297e+02  1.97911011e+01  1.79928258e+02 
 1.31465525e+02  1.97911008e+01  1.79926604e+02 
 1.34497085e+02  1.97911005e+01  1.79924911e+02 
 1.37598551e+02  1.97911001e+01  1.79923180e+02 
 1.40771537e+02  1.97910998e+01  1.79921408e+02 
 1.44017690e+02  1.97910994e+01  1.79919596e+02 
 1.47338699e+02  1.97910990e+01  1.79917742e+02 
 1.50736290e+02  1.97910986e+01  1.79915845e+02 
 1.54212228e+02  1.97910982e+01  1.79913904e+02 
 1.57768320e+02  1.97910977e+01  1.79911919e+02 
 1.61406415e+02  1.97910972e+01  1.79909888e+02 
 1.65128404e+02  1.97910968e+01  1.79907810e+02 
 1.68936220e+02  1.97910962e+01  1.79905684e+02 
 1.72831844e+02  1.97910957e+01  1.79903509e+02 
 1.76817299e+02  1.97910951e+01  1.79901284e+02 
 1.80894658e+02  1.97910945e+01  1.79899008e+02 
 1.85066040e+02  1.97910939e+01  1.79896679e+02 
 1.89333613e+02  1.97910933e+01  1.79894296e+02 
 1.93699595e+02  1.97910926e+01  1.79891859e+02 
 1.98166255e+02  1.97910919e+01  1.79889365e+02 
 2.02735916e+02  1.97910911e+01  1.79886814e+02 
 2.07410951e+02  1.97910904e+01  1.79884204e+02 
 2.12193792e+02  1.97910896e+01  1.79881534e+02 
 2.17086923e+02  1.97910887e+01  1.79878802e+02 
 2.22092889e+02  1.97910878e+01  1.79876007e+02 
 2.27214291e+02  1.97910869e+01  1.79873148e+02 
 2.32453791e+02  1.97910859e+01  1.79870223e+02 
 2.37814113e+02  1.97910849e+01  1.79867230e+02 
 2.43298042e+02  1.97910838e+01  1.79864169e+02 
 2.48908429e+02  1.97910827e+01  1.79861036e+02 
 2.54648190e+02  1.97910815e+01  1.79857832e+02 
 2.60520309e+02  1.97910803e+01  1.79854554e+02 
 2.66527837e+02  1.97910790e+01  1.79851200e+02 
 2.72673897e+02  1.97910777e+01  1.79847768e+02 
 2.78961683e+02  1.97910763e+01  1.79844258e+02 
 2.85394464e+02  1.97910748e+01  1.79840667e+02 
 2.91975583e+02  1.97910732e+01  1.79836992e+02 
 2.98708461e+02  1.97910716e+01  1.79833234e+02 
 3.05596598e+02  1.97910699e+01  1.79829388e+02 
 3.12643573e+02  1.97910682e+01  1.79825454e+02 
 3.19853049e+02  1.97910663e+01  1.79821429e+02 
 3.27228774e+02  1.97910644e+01  1.79817311e+02 
 3.34774581e+02  1.97910624e+01  1.79813098e+02 
 3.42494392e+02  1.97910602e+01  1.79808788e+02 
 3.50392221e+02  1.97910580e+01  1.79804379e+02 
 3.58472171e+02  1.97910557e+01  1.79799868e+02 
 3.66738442e+02  1.97910533e+01  1.79795253e+02 
 3.75195331e+02  1.97910507e+01  1.79790532e+02 
 3.83847234e+02  1.97910481e+01  1.79785702e+02 
 3.92698648e+02  1.97910453e+01  1.79780760e+02 
 4.01754173e+02  1.97910424e+01  1.79775705e+02 
 4.11018515e+02  1.97910393e+01  1.79770532e+02 
 4.20496491e+02  1.97910361e+01  1.79765241e+02 
 4.30193027e+02  1.97910328e+01  1.79759828e+02 
 4.40113162e+02  1.97910293e+01  1.79754289e+02 
 4.50262052e+02  1.97910256e+01  1.79748623e+02 
 4.60644974e+02  1.97910218e+01  1.79742827e+02 
 4.71267322e+02  1.97910178e+01  1.79736897e+02 
 4.82134619e+02  1.97910136e+01  1.79730830e+02 
 4.93252513e+02  1.97910092e+01  1.79724623e+02 
 5.04626783e+02  1.97910046e+01  1.79718273e+02 
 5.16263340e+02  1.97909997e+01  1.79711776e+02 
 5.28168234e+02  1.97909947e+01  1.79705130e+02 
 5.40347650e+02  1.97909894e+01  1.79698330e+02 
 5.52807921e+02  1.97909839e+01  1.79691374e+02 
 5.65555523e+02  1.97909781e+01  1.79684257e+02 
 5.78597080e+02  1.97909721e+01  1.79676977e+02 
 5.91939372e+02  1.97909657e+01  1.79669528e+02 
 6.05589334e+02  1.97909591e+01  1.79661907e+02 
 6.19554061e+02  1.97909522e+01  1.79654111e+02 
 6.33840810e+02  1.97909449e+01  1.79646135e+02 
 6.48457008e+02  1.97909373e+01  1.79637976e+02 
 6.63410251e+02  1.97909294e+01  1.79629628e+02 
 6.78708313e+02  1.97909210e+01  1.79621087e+02 
 6.94359143e+02  1.97909123e+01  1.79612350e+02 
 7.10370877e+02  1.97909032e+01  1.79603411e+02 
 7.26751838e+02  1.97908937e+01  1.79594266e+02 
 7.43510539e+02  1.97908837e+01  1.79584910e+02 
 7.60655691e+02  1.97908732e+01  1.79575339e+02 
 7.78196206e+02  1.97908623e+01  1.79565547e+02 
 7.96141200e+02  1.97908508e+01  1.79555529e+02 
 8.14500001e+02  1.97908388e+01  1.79545280e+02 
 8.33282151e+02  1.97908263e+01  1.79534794e+02 
 8.52497412e+02  1.97908132e+01  1.79524067e+02 
 8.72155772e+02  1.97907994e+01  1.79513093e+02 
 8.92267449e+02  1.97907850e+01  1.79501865e+02 
 9.12842895e+02  1.97907700e+01  1.79490379e+02 
 9.33892805e+02  1.97907542e+01  1.79478628e+02 
 9.55428121e+02  1.97907377e+01  1.79466606e+02 
 9.77460036e+02  1.97907204e+01  1.79454307e+02 
 1.00000000e+03  1.97907024e+01  1.79441724e+02 
 1.02305973e+03  1.97906835e+01  1.79428851e+02 
 1.04665121e+03  1.97906637e+01  1.79415682e+02 
 1.07078670e+03  1.97906430e+01  1.79402208e+02 
 1.09547876e+03  1.97906213e+01  1.79388424e+02 
 1.12074020e+03  1.97905986e+01  1.79374323e+02 
 1.14658417e+03  1.97905748e+01  1.79359896e+02 
 1.17302409e+03  1.97905500e+01  1.79345137e+02 
 1.20007371e+03  1.97905239e+01  1.79330037e+02 
 1.22774708e+03  1.97904967e+01  1.79314589e+02 
 1.25605860e+03  1.97904682e+01  1.79298785e+02 
 1.28502297e+03  1.97904383e+01  1.79282617e+02 
 1.31465525e+03  1.97904071e+01  1.79266076e+02 
 1.34497085e+03  1.97903744e+01  1.79249154e+02 
 1.37598551e+03  1.97903402e+01  1.79231842e+02 
 1.40771537e+03  1.97903044e+01  1.79214130e+02 
 1.44017690e+03  1.97902669e+01  1.79196011e+02 
 1.47338699e+03  1.97902277e+01  1.79177473e+02 
 1.50736290e+03  1.97901867e+01  1.79158509e+02 
 1.54212228e+03  1.97901437e+01  1.79139107e+02 
 1.57768320e+03  1.97900987e+01  1.79119258e+02 
 1.61406415e+03  1.97900517e+01  1.79098952e+02 
 1.65128404e+03  1.97900024e+01  1.79078177e+02 
 1.68936220e+03  1.97899508e+01  1.79056924e+02 
 1.72831844e+03  1.97898969e+01  1.79035181e+02 
 1.76817299e+03  1.97898404e+01  1.79012936e+02 
 1.80894658e+03  1.97897813e+01  1.78990180e+02 
 1.85066040e+03  1.97897194e+01  1.78966898e+02 
 1.89333613e+03  1.97896546e+01  1.78943080e+02 
 1.93699595e+03  1.97895869e+01  1.78918714e+02 
 1.98166255e+03  1.97895159e+01  1.78893786e+02 
 2.02735916e+03  1.97894417e+01  1.78868283e+02 
 2.07410951e+03  1.97893639e+01  1.78842193e+02 
 2.12193792e+03  1.97892826e+01  1.78815501e+02 
 2.17086923e+03  1.97891975e+01  1.78788195e+02 
 2.22092889e+03  1.97891084e+01  1.78760259e+02 
 2.27214291e+03  1.97890151e+01  1.78731680e+02 
 2.32453791e+03  1.97889175e+01  1.78702443e+02 
 2.37814113e+03  1.97888154e+01  1.78672532e+02 
 2.43298042e+03  1.97887085e+01  1.78641932e+02 
 2.48908429e+03  1.97885966e+01  1.78610627e+02 
 2.54648190e+03  1.97884794e+01  1.78578601e+02 
 2.60520309e+03  1.97883569e+01  1.78545838e+02 
 2.66527837e+03  1.97882286e+01  1.78512320e+02 
 2.72673897e+03  1.97880943e+01  1.78478030e+02 
 2.78961683e+03  1.97879538e+01  1.78442950e+02 
 2.85394464e+03  1.97878067e+01  1.78407063e+02 
 2.91975583e+03  1.97876528e+01  1.78370349e+02 
 2.98708461e+03  1.97874916e+01  1.78332790e+02 
 3.05596598e+03  1.97873230e+01  1.78294367e+02 
 3.12643573e+03  1.97871465e+01  1.78255059e+02 
 3.19853049e+03  1.97869618e+01  1.78214846e+02 
 3.27228774e+03  1.97867685e+01  1.78173708e+02 
 3.34774581e+03  1.97865662e+01  1.78131623e+02 
 3.42494392e+03  1.97863544e+01  1.78088569e+02 
 3.50392221e+03  1.97861328e+01  1.78044525e+02 
 3.58472171e+03  1.97859008e+01  1.77999468e+02 
 3.66738442e+03  1.97856581e+01  1.77953374e+02 
 3.75195331e+03  1.97854040e+01  1.77906220e+02 
 3.83847234e+03  1.97851381e+01  1.77857981e+02 
 3.92698648e+03  1.97848598e+01  1.77808633e+02 
 4.01754173e+03  1.97845685e+01  1.77758151e+02 
 4.11018515e+03  1.97842637e+01  1.77706507e+02 
 4.20496491e+03  1.97839447e+01  1.77653677e+02 
 4.30193027e+03  1.97836108e+01  1.77599632e+02 
 4.40113162e+03  1.97832614e+01  1.77544346e+02 
 4.50262052e+03  1.97828957e+01  1.77487789e+02 
 4.60644974e+03  1.97825130e+01  1.77429933e+02 
 4.71267322e+03  1.97821124e+01  1.77370748e+02 
 4.82134619e+03  1.97816932e+01  1.77310204e+02 
 4.93252513e+03  1.97812545e+01  1.77248270e+02 
 5.04626783e+03  1.97807954e+01  1.77184914e+02 
 5.16263340e+03  1.97803149e+01  1.77120105e+02 
 5.28168234e+03  1.97798121e+01  1.77053808e+02 
 5.40347650e+03  1.97792858e+01  1.76985990e+02 
 5.52807921e+03  1.97787351e+01  1.76916617e+02 
 5.65555523e+03  1.97781588e+01  1.76845654e+02 
 5.78597080e+03  1.97775556e+01  1.76773064e+02 
 5.91939372e+03  1.97769244e+01  1.76698810e+02 
 6.05589334e+03  1.97762639e+01  1.76622855e+02 
 6.19554061e+03  1.97755726e+01  1.76545161e+02 
 6.33840810e+03  1.97748493e+01  1.76465688e+02 
 6.48457008e+03  1.97740923e+01  1.76384396e+02 
 6.63410251e+03  1.97733001e+01  1.76301245e+02 
 6.78708313e+03  1.97724711e+01  1.76216191e+02 
 6.94359143e+03  1.97716036e+01  1.76129193e+02 
 7.10370877e+03  1.97706959e+01  1.76040207e+02 
 7.26751838e+03  1.97697460e+01  1.75949189e+02 
 7.43510539e+03  1.97687520e+01  1.75856092e+02 
 7.60655691e+03  1.97677119e+01  1.75760870e+02 
 7.78196206e+03  1.97666235e+01  1.75663477e+02 
 7.96141200e+03  1.97654846e+01  1.75563863e+02 
 8.14500001e+03  1.97642930e+01  1.75461978e+02 
 8.33282151e+03  1.97630461e+01  1.75357774e+02 
 8.52497412e+03  1.97617414e+01  1.75251197e+02 
 8.72155772e+03  1.97603762e+01  1.75142196e+02 
 8.92267449e+03  1.97589478e+01  1.75030718e+02 
 9.12842895e+03  1.97574533e+01  1.74916706e+02 
 9.33892805e+03  1.97558897e+01  1.74800106e+02 
 9.55428121e+03  1.97542537e+01  1.74680861e+02 
 9.77460036e+03  1.97525420e+01  1.74558913e+02 
 1.00000000e+04  1.97507512e+01  1.74434203e+02 
 1.02305973e+04  1.97488776e+01  1.74306670e+02 
 1.04665121e+04  1.97469175e+01  1.74176253e+02 
 1.07078670e+04  1.97448669e+01  1.74042891e+02 
 1.09547876e+04  1.97427217e+01  1.73906518e+02 
 1.12074020e+04  1.97404775e+01  1.73767070e+02 
 1.14658417e+04  1.97381299e+01  1.73624481e+02 
 1.17302409e+04  1.97356742e+01  1.73478685e+02 
 1.20007371e+04  1.97331053e+01  1.73329612e+02 
 1.22774708e+04  1.97304182e+01  1.73177192e+02 
 1.25605860e+04  1.97276076e+01  1.73021356e+02 
 1.28502297e+04  1.97246678e+01  1.72862031e+02 
 1.31465525e+04  1.97215930e+01  1.72699144e+02 
 1.34497085e+04  1.97183770e+01  1.72532620e+02 
 1.37598551e+04  1.97150136e+01  1.72362384e+02 
 1.40771537e+04  1.97114961e+01  1.72188360e+02 
 1.44017690e+04  1.97078175e+01  1.72010468e+02 
 1.47338699e+04  1.97039706e+01  1.71828631e+02 
 1.50736290e+04  1.96999479e+01  1.71642768e+02 
 1.54212228e+04  1.96957416e+01  1.71452797e+02 
 1.57768320e+04  1.96913434e+01  1.71258636e+02 
 1.61406415e+04  1.96867447e+01  1.71060202e+02 
 1.65128404e+04  1.96819368e+01  1.70857410e+02 
 1.68936220e+04  1.96769102e+01  1.70650174e+02 
 1.72831844e+04  1.96716554e+01  1.70438408e+02 
 1.76817299e+04  1.96661622e+01  1.70222025e+02 
 1.80894658e+04  1.96604202e+01  1.70000935e+02 
 1.85066040e+04  1.96544184e+01  1.69775050e+02 
 1.89333613e+04  1.96481456e+01  1.69544280e+02 
 1.93699595e+04  1.96415897e+01  1.69308534e+02 
 1.98166255e+04  1.96347387e+01  1.69067720e+02 
 2.02735916e+04  1.96275796e+01  1.68821747e+02 
 2.07410951e+04  1.96200991e+01  1.68570522e+02 
 2.12193792e+04  1.96122834e+01  1.68313952e+02 
 2.17086923e+04  1.96041181e+01  1.68051944e+02 
 2.22092889e+04  1.95955884e+01  1.67784404e+02 
 2.27214291e+04  1.95866786e+01  1.67511239e+02 
 2.32453791e+04  1.95773727e+01  1.67232355e+02 
 2.37814113e+04  1.95676540e+01  1.66947659e+02 
 2.43298042e+04  1.95575052e+01  1.66657058e+02 
 2.48908429e+04  1.95469082e+01  1.66360458e+02 
 2.54648190e+04  1.95358446e+01  1.66057768e+02 
 2.60520309e+04  1.95242948e+01  1.65748896e+02 
 2.66527837e+04  1.95122391e+01  1.65433752e+02 
 2.72673897e+04  1.94996568e+01  1.65112245e+02 
 2.78961683e+04  1.94865264e+01  1.64784289e+02 
 2.85394464e+04  1.94728258e+01  1.64449795e+02 
 2.91975583e+04  1.94585322e+01  1.64108679e+02 
 2.98708461e+04  1.94436220e+01  1.63760858e+02 
 3.05596598e+04  1.94280710e+01  1.63406251e+02 
 3.12643573e+04  1.94118538e+01  1.63044779e+02 
 3.19853049e+04  1.93949447e+01  1.62676367e+02 
 3.27228774e+04  1.93773171e+01  1.62300941e+02 
 3.34774581e+04  1.93589434e+01  1.61918432e+02 
 3.42494392e+04  1.93397955e+01  1.61528773e+02 
 3.50392221e+04  1.93198443e+01  1.61131904e+02 
 3.58472171e+04  1.92990601e+01  1.60727764e+02 
 3.66738442e+04  1.92774123e+01  1.60316301e+02 
 3.75195331e+04  1.92548697e+01  1.59897467e+02 
 3.83847234e+04  1.92314000e+01  1.59471216e+02 
 3.92698648e+04  1.92069706e+01  1.59037512e+02 
 4.01754173e+04  1.91815479e+01  1.58596322e+02 
 4.11018515e+04  1.91550977e+01  1.58147621e+02 
 4.20496491e+04  1.91275850e+01  1.57691388e+02 
 4.30193027e+04  1.90989743e+01  1.57227611e+02 
 4.40113162e+04  1.90692294e+01  1.56756286e+02 
 4.50262052e+04  1.90383137e+01  1.56277415e+02 
 4.60644974e+04  1.90061897e+01  1.55791010e+02 
 4.71267322e+04  1.89728196e+01  1.55297089e+02 
 4.82134619e+04  1.89381654e+01  1.54795681e+02 
 4.93252513e+04  1.89021883e+01  1.54286823e+02 
 5.04626783e+04  1.88648494e+01  1.53770562e+02 
 5.16263340e+04  1.88261095e+01  1.53246956e+02 
 5.28168234e+04  1.87859291e+01  1.52716070e+02 
 5.40347650e+04  1.87442687e+01  1.52177982e+02 
 5.52807921e+04  1.87010888e+01  1.51632781e+02 
 5.65555523e+04  1.86563497e+01  1.51080565e+02 
 5.78597080e+04  1.86100120e+01  1.50521445e+02 
 5.91939372e+04  1.85620364e+01  1.49955542e+02 
 6.05589334e+04  1.85123842e+01  1.49382990e+02 
 6.19554061e+04  1.84610166e+01  1.48803933e+02 
 6.33840810e+04  1.84078957e+01  1.48218527e+02 
 6.48457008e+04  1.83529840e+01  1.47626941e+02 
 6.63410251e+04  1.82962449e+01  1.47029355e+02 
 6.78708313e+04  1.82376424e+01  1.46425960e+02 
 6.94359143e+04  1.81771415e+01  1.45816958e+02 
 7.10370877e+04  1.81147083e+01  1.45202565e+02 
 7.26751838e+04  1.80503101e+01  1.44583006e+02 
 7.43510539e+04  1.79839151e+01  1.43958516e+02 
 7.60655691e+04  1.79154934e+01  1.43329343e+02 
 7.78196206e+04  1.78450160e+01  1.42695744e+02 
 7.96141200e+04  1.77724559e+01  1.42057986e+02 
 8.14500001e+04  1.76977876e+01  1.41416345e+02 
 8.33282151e+04  1.76209873e+01  1.40771105e+02 
 8.52497412e+04  1.75420332e+01  1.40122559e+02 
 8.72155772e+04  1.74609052e+01  1.39471008e+02 
 8.92267449e+04  1.73775855e+01  1.38816759e+02 
 9.12842895e+04  1.72920581e+01  1.38160126e+02 
 9.33892805e+04  1.72043094e+01  1.37501426e+02 
 9.55428121e+04  1.71143279e+01  1.36840984e+02 
 9.77460036e+04  1.70221042e+01  1.36179127e+02 
 1.00000000e+05  1.69276315e+01  1.35516184e+02 
 1.02305973e+05  1.68309049e+01  1.34852488e+02 
 1.04665121e+05  1.67319223e+01  1.34188372e+02 
 1.07078670e+05  1.66306836e+01  1.33524170e+02 
 1.09547876e+05  1.65271912e+01  1.32860214e+02 
 1.12074020e+05  1.64214498e+01  1.32196837e+02 
 1.14658417e+05  1.63134664e+01  1.31534367e+02 
 1.17302409e+05  1.62032502e+01  1.30873131e+02 
 1.20007371e+05  1.60908129e+01  1.30213450e+02 
 1.22774708e+05  1.59761682e+01  1.29555643e+02 
 1.25605860e+05  1.58593320e+01  1.28900020e+02 
 1.28502297e+05  1.57403223e+01  1.28246887e+02 
 1.31465525e+05  1.56191590e+01  1.27596542e+02 
 1.34497085e+05  1.54958641e+01  1.26949275e+02 
 1.37598551e+05  1.53704614e+01  1.26305368e+02 
 1.40771537e+05  1.52429765e+01  1.25665095e+02 
 1.44017690e+05  1.51134364e+01  1.25028718e+02 
 1.47338699e+05  1.49818701e+01  1.24396492e+02 
 1.50736290e+05  1.48483078e+01  1.23768658e+02 
 1.54212228e+05  1.47127810e+01  1.23145450e+02 
 1.57768320e+05  1.45753227e+01  1.22527089e+02 
 1.61406415e+05  1.44359669e+01  1.21913783e+02 
 1.65128404e+05  1.42947485e+01  1.21305731e+02 
 1.68936220e+05  1.41517037e+01  1.20703120e+02 
 1.72831844e+05  1.40068691e+01  1.20106122e+02 
 1.76817299e+05  1.38602823e+01  1.19514902e+02 
 1.80894658e+05  1.37119814e+01  1.18929608e+02 
 1.85066040e+05  1.35620051e+01  1.18350380e+02 
 1.89333613e+05  1.34103923e+01  1.17777344e+02 
 1.93699595e+05  1.32571825e+01  1.17210613e+02 
 1.98166255e+05  1.31024151e+01  1.16650292e+02 
 2.02735916e+05  1.29461298e+01  1.16096471e+02 
 2.07410951e+05  1.27883664e+01  1.15549231e+02 
 2.12193792e+05  1.26291645e+01  1.15008641e+02 
 2.17086923e+05  1.24685636e+01  1.14474759e+02 
 2.22092889e+05  1.23066032e+01  1.13947632e+02 
 2.27214291e+05  1.21433223e+01  1.13427300e+02 
 2.32453791e+05  1.19787596e+01  1.12913788e+02 
 2.37814113e+05  1.18129536e+01  1.12407116e+02 
 2.43298042e+05  1.16459423e+01  1.11907293e+02 
 2.48908429e+05  1.14777630e+01  1.11414318e+02 
 2.54648190e+05  1.13084527e+01  1.10928184e+02 
 2.60520309e+05  1.11380478e+01  1.10448873e+02 
 2.66527837e+05  1.09665840e+01  1.09976363e+02 
 2.72673897e+05  1.07940964e+01  1.09510621e+02 
 2.78961683e+05  1.06206195e+01  1.09051609e+02 
 2.85394464e+05  1.04461870e+01  1.08599281e+02 
 2.91975583e+05  1.02708319e+01  1.08153587e+02 
 2.98708461e+05  1.00945866e+01  1.07714469e+02 
 3.05596598e+05  9.91748270e+00  1.07281863e+02 
 3.12643573e+05  9.73955090e+00  1.06855702e+02 
 3.19853049e+05  9.56082129e+00  1.06435912e+02 
 3.27228774e+05  9.38132318e+00  1.06022416e+02 
 3.34774581e+05  9.20108506e+00  1.05615132e+02 
 3.42494392e+05  9.02013470e+00  1.05213974e+02 
 3.50392221e+05  8.83849908e+00  1.04818851e+02 
 3.58472171e+05  8.65620441e+00  1.04429671e+02 
 3.66738442e+05  8.47327616e+00  1.04046337e+02 
 3.75195331e+05  8.28973906e+00  1.03668751e+02 
 3.83847234e+05  8.10561707e+00  1.03296810e+02 
 3.92698648e+05  7.92093343e+00  1.02930410e+02 
 4.01754173e+05  7.73571069e+00  1.02569445e+02 
 4.11018515e+05  7.54997066e+00  1.02213806e+02 
 4.20496491e+05  7.36373448e+00  1.01863382e+02 
 4.30193027e+05  7.17702259e+00  1.01518063e+02 
 4.40113162e+05  6.98985480e+00  1.01177733e+02 
 4.50262052e+05  6.80225024e+00  1.00842280e+02 
 4.60644974e+05  6.61422743e+00  1.00511586e+02 
 4.71267322e+05  6.42580427e+00  1.00185536e+02 
 4.82134619e+05  6.23699807e+00  9.98640111e+01 
 4.93252513e+05  6.04782555e+00  9.95468934e+01 
 5.04626783e+05  5.85830287e+00  9.92340640e+01 
 5.16263340e+05  5.66844566e+00  9.89254032e+01 
 5.28168234e+05  5.47826900e+00  9.86207913e+01 
 5.40347650e+05  5.28778748e+00  9.83201080e+01 
 5.52807921e+05  5.09701519e+00  9.80232328e+01 
 5.65555523e+05  4.90596575e+00  9.77300451e+01 
 5.78597080e+05  4.71465231e+00  9.74404241e+01 
 5.91939372e+05  4.52308761e+00  9.71542492e+01 
 6.05589334e+05  4.33128394e+00  9.68713994e+01 
 6.19554061e+05  4.13925320e+00  9.65917543e+01 
 6.33840810e+05  3.94700690e+00  9.63151930e+01 
 6.48457008e+05  3.75455619e+00  9.60415953e+01 
 6.63410251e+05  3.56191185e+00  9.57708408e+01 
 6.78708313e+05  3.36908432e+00  9.55028094e+01 
 6.94359143e+05  3.17608374e+00  9.52373814e+01 
 7.10370877e+05  2.98291994e+00  9.49744370e+01 
 7.26751838e+05  2.78960244e+00  9.47138570e+01 
 7.43510539e+05  2.59614050e+00  9.44555222e+01 
 7.60655691e+05  2.40254312e+00  9.41993138e+01 
 7.78196206e+05  2.20881907e+00  9.39451133e+01 
 7.96141200e+05  2.01497686e+00  9.36928024e+01 
 8.14500001e+05  1.82102482e+00  9.34422632e+01 
 8.33282151e+05  1.62697104e+00  9.31933778e+01 
 8.52497412e+05  1.43282347e+00  9.29460289e+01 
 8.72155772e+05  1.23858985e+00  9.27000993e+01 
 8.92267449e+05  1.04427778e+00  9.24554719e+01 
 9.12842895e+05  8.49894718e-01  9.22120300e+01 
 9.33892805e+05  6.55447971e-01  9.19696572e+01 
 9.55428121e+05  4.60944747e-01  9.17282371e+01 
 9.77460036e+05  2.66392143e-01  9.14876535e+01 
 1.00000000e+06  7.17971621e-02  9.12477904e+01 
 1.02305973e+06 -1.22833268e-01  9.10085321e+01 
 1.04665121e+06 -3.17492289e-01  9.07697628e+01 
 1.07078670e+06 -5.12173095e-01  9.05313668e+01 
 1.09547876e+06 -7.06868918e-01  9.02932286e+01 
 1.12074020e+06 -9.01573023e-01  9.00552326e+01 
 1.14658417e+06 -1.09627869e+00  8.98172635e+01 
 1.17302409e+06 -1.29097919e+00  8.95792057e+01 
 1.20007371e+06 -1.48566781e+00  8.93409437e+01 
 1.22774708e+06 -1.68033779e+00  8.91023621e+01 
 1.25605860e+06 -1.87498234e+00  8.88633451e+01 
 1.28502297e+06 -2.06959463e+00  8.86237772e+01 
 1.31465525e+06 -2.26416777e+00  8.83835425e+01 
 1.34497085e+06 -2.45869480e+00  8.81425252e+01 
 1.37598551e+06 -2.65316865e+00  8.79006090e+01 
 1.40771537e+06 -2.84758218e+00  8.76576779e+01 
 1.44017690e+06 -3.04192813e+00  8.74136154e+01 
 1.47338699e+06 -3.23619910e+00  8.71683048e+01 
 1.50736290e+06 -3.43038757e+00  8.69216293e+01 
 1.54212228e+06 -3.62448586e+00  8.66734718e+01 
 1.57768320e+06 -3.81848613e+00  8.64237149e+01 
 1.61406415e+06 -4.01238034e+00  8.61722411e+01 
 1.65128404e+06 -4.20616029e+00  8.59189325e+01 
 1.68936220e+06 -4.39981755e+00  8.56636709e+01 
 1.72831844e+06 -4.59334346e+00  8.54063380e+01 
 1.76817299e+06 -4.78672915e+00  8.51468151e+01 
 1.80894658e+06 -4.97996547e+00  8.48849831e+01 
 1.85066040e+06 -5.17304303e+00  8.46207228e+01 
 1.89333613e+06 -5.36595213e+00  8.43539149e+01 
 1.93699595e+06 -5.55868278e+00  8.40844394e+01 
 1.98166255e+06 -5.75122470e+00  8.38121765e+01 
 2.02735916e+06 -5.94356726e+00  8.35370059e+01 
 2.07410951e+06 -6.13569947e+00  8.32588073e+01 
 2.12193792e+06 -6.32761000e+00  8.29774602e+01 
 2.17086923e+06 -6.51928714e+00  8.26928439e+01 
 2.22092889e+06 -6.71071878e+00  8.24048377e+01 
 2.27214291e+06 -6.90189238e+00  8.21133207e+01 
 2.32453791e+06 -7.09279500e+00  8.18181723e+01 
 2.37814113e+06 -7.28341322e+00  8.15192718e+01 
 2.43298042e+06 -7.47373318e+00  8.12164985e+01 
 2.48908429e+06 -7.66374053e+00  8.09097323e+01 
 2.54648190e+06 -7.85342042e+00  8.05988529e+01 
 2.60520309e+06 -8.04275746e+00  8.02837407e+01 
 2.66527837e+06 -8.23173576e+00  7.99642765e+01 
 2.72673897e+06 -8.42033885e+00  7.96403416e+01 
 2.78961683e+06 -8.60854969e+00  7.93118181e+01 
 2.85394464e+06 -8.79635068e+00  7.89785887e+01 
 2.91975583e+06 -8.98372357e+00  7.86405371e+01 
 2.98708461e+06 -9.17064952e+00  7.82975482e+01 
 3.05596598e+06 -9.35710903e+00  7.79495080e+01 
 3.12643573e+06 -9.54308197e+00  7.75963038e+01 
 3.19853049e+06 -9.72854752e+00  7.72378246e+01 
 3.27228774e+06 -9.91348417e+00  7.68739609e+01 
 3.34774581e+06 -1.00978697e+01  7.65046054e+01 
 3.42494392e+06 -1.02816813e+01  7.61296526e+01 
 3.50392221e+06 -1.04648952e+01  7.57489995e+01 
 3.58472171e+06 -1.06474871e+01  7.53625458e+01 
 3.66738442e+06 -1.08294319e+01  7.49701936e+01 
 3.75195331e+06 -1.10107037e+01  7.45718483e+01 
 3.83847234e+06 -1.11912758e+01  7.41674186e+01 
 3.92698648e+06 -1.13711210e+01  7.37568167e+01 
 4.01754173e+06 -1.15502109e+01  7.33399587e+01 
 4.11018515e+06 -1.17285168e+01  7.29167647e+01 
 4.20496491e+06 -1.19060088e+01  7.24871596e+01 
 4.30193027e+06 -1.20826566e+01  7.20510726e+01 
 4.40113162e+06 -1.22584288e+01  7.16084384e+01 
 4.50262052e+06 -1.24332937e+01  7.11591969e+01 
 4.60644974e+06 -1.26072183e+01  7.07032939e+01 
 4.71267322e+06 -1.27801694e+01  7.02406812e+01 
 4.82134619e+06 -1.29521128e+01  6.97713171e+01 
 4.93252513e+06 -1.31230137e+01  6.92951669e+01 
 5.04626783e+06 -1.32928366e+01  6.88122029e+01 
 5.16263340e+06 -1.34615455e+01  6.83224052e+01 
 5.28168234e+06 -1.36291036e+01  6.78257615e+01 
 5.40347650e+06 -1.37954739e+01  6.73222681e+01 
 5.52807921e+06 -1.39606184e+01  6.68119299e+01 
 5.65555523e+06 -1.41244992e+01  6.62947609e+01 
 5.78597080e+06 -1.42870774e+01  6.57707841e+01 
 5.91939372e+06 -1.44483143e+01  6.52400328e+01 
 6.05589334e+06 -1.46081705e+01  6.47025499e+01 
 6.19554061e+06 -1.47666066e+01  6.41583889e+01 
 6.33840810e+06 -1.49235830e+01  6.36076137e+01 
 6.48457008e+06 -1.50790600e+01  6.30502994e+01 
 6.63410251e+06 -1.52329978e+01  6.24865321e+01 
 6.78708313e+06 -1.53853569e+01  6.19164095e+01 
 6.94359143e+06 -1.55360977e+01  6.13400405e+01 
 7.10370877e+06 -1.56851812e+01  6.07575461e+01 
 7.26751838e+06 -1.58325685e+01  6.01690591e+01 
 7.43510539e+06 -1.59782212e+01  5.95747241e+01 
 7.60655691e+06 -1.61221015e+01  5.89746978e+01 
 7.78196206e+06 -1.62641722e+01  5.83691491e+01 
 7.96141200e+06 -1.64043971e+01  5.77582584e+01 
 8.14500001e+06 -1.65427406e+01  5.71422184e+01 
 8.33282151e+06 -1.66791681e+01  5.65212334e+01 
 8.52497412e+06 -1.68136464e+01  5.58955189e+01 
 8.72155772e+06 -1.69461431e+01  5.52653022e+01 
 8.92267449e+06 -1.70766275e+01  5.46308213e+01 
 9.12842895e+06 -1.72050699e+01  5.39923247e+01 
 9.33892805e+06 -1.73314425e+01  5.33500713e+01 
 9.55428121e+06 -1.74557189e+01  5.27043298e+01 
 9.77460036e+06 -1.75778746e+01  5.20553780e+01 
 1.00000000e+07 -1.76978866e+01  5.14035024e+01 
 1.02305973e+07 -1.78157342e+01  5.07489978e+01 
 1.04665121e+07 -1.79313983e+01  5.00921660e+01 
 1.07078670e+07 -1.80448622e+01  4.94333158e+01 
 1.09547876e+07 -1.81561110e+01  4.87727620e+01 
 1.12074020e+07 -1.82651322e+01  4.81108245e+01 
 1.14658417e+07 -1.83719154e+01  4.74478276e+01 
 1.17302409e+07 -1.84764525e+01  4.67840992e+01 
 1.20007371e+07 -1.85787379e+01  4.61199700e+01 
 1.22774708e+07 -1.86787679e+01  4.54557725e+01 
 1.25605860e+07 -1.87765416e+01  4.47918400e+01 
 1.28502297e+07 -1.88720602e+01  4.41285062e+01 
 1.31465525e+07 -1.89653272e+01  4.34661039e+01 
 1.34497085e+07 -1.90563485e+01  4.28049641e+01 
 1.37598551e+07 -1.91451324e+01  4.21454153e+01 
 1.40771537e+07 -1.92316894e+01  4.14877829e+01 
 1.44017690e+07 -1.93160321e+01  4.08323877e+01 
 1.47338699e+07 -1.93981754e+01  4.01795457e+01 
 1.50736290e+07 -1.94781363e+01  3.95295671e+01 
 1.54212228e+07 -1.95559339e+01  3.88827557e+01 
 1.57768320e+07 -1.96315890e+01  3.82394078e+01 
 1.61406415e+07 -1.97051247e+01  3.75998120e+01 
 1.65128404e+07 -1.97765656e+01  3.69642486e+01 
 1.68936220e+07 -1.98459382e+01  3.63329886e+01 
 1.72831844e+07 -1.99132703e+01  3.57062938e+01 
 1.76817299e+07 -1.99785916e+01  3.50844156e+01 
 1.80894658e+07 -2.00419330e+01  3.44675954e+01 
 1.85066040e+07 -2.01033267e+01  3.38560637e+01 
 1.89333613e+07 -2.01628062e+01  3.32500399e+01 
 1.93699595e+07 -2.02204059e+01  3.26497325e+01 
 1.98166255e+07 -2.02761614e+01  3.20553381e+01 
 2.02735916e+07 -2.03301090e+01  3.14670420e+01 
 2.07410951e+07 -2.03822858e+01  3.08850177e+01 
 2.12193792e+07 -2.04327296e+01  3.03094271e+01 
 2.17086923e+07 -2.04814787e+01  2.97404203e+01 
 2.22092889e+07 -2.05285718e+01  2.91781358e+01 
 2.27214291e+07 -2.05740481e+01  2.86227005e+01 
 2.32453791e+07 -2.06179469e+01  2.80742300e+01 
 2.37814113e+07 -2.06603078e+01  2.75328284e+01 
 2.43298042e+07 -2.07011703e+01  2.69985891e+01 
 2.48908429e+07 -2.07405740e+01  2.64715942e+01 
 2.54648190e+07 -2.07785584e+01  2.59519156e+01 
 2.60520309e+07 -2.08151628e+01  2.54396148e+01 
 2.66527837e+07 -2.08504263e+01  2.49347432e+01 
 2.72673897e+07 -2.08843877e+01  2.44373426e+01 
 2.78961683e+07 -2.09170854e+01  2.39474454e+01 
 2.85394464e+07 -2.09485574e+01  2.34650751e+01 
 2.91975583e+07 -2.09788412e+01  2.29902465e+01 
 2.98708461e+07 -2.10079738e+01  2.25229660e+01 
 3.05596598e+07 -2.10359918e+01  2.20632323e+01 
 3.12643573e+07 -2.10629308e+01  2.16110363e+01 
 3.19853049e+07 -2.10888262e+01  2.11663621e+01 
 3.27228774e+07 -2.11137125e+01  2.07291866e+01 
 3.34774581e+07 -2.11376236e+01  2.02994806e+01 
 3.42494392e+07 -2.11605925e+01  1.98772085e+01 
 3.50392221e+07 -2.11826518e+01  1.94623294e+01 
 3.58472171e+07 -2.12038330e+01  1.90547968e+01 
 3.66738442e+07 -2.12241671e+01  1.86545593e+01 
 3.75195331e+07 -2.12436843e+01  1.82615608e+01 
 3.83847234e+07 -2.12624138e+01  1.78757410e+01 
 3.92698648e+07 -2.12803844e+01  1.74970354e+01 
 4.01754173e+07 -2.12976236e+01  1.71253761e+01 
 4.11018515e+07 -2.13141587e+01  1.67606915e+01 
 4.20496491e+07 -2.13300158e+01  1.64029072e+01 
 4.30193027e+07 -2.13452204e+01  1.60519459e+01 
 4.40113162e+07 -2.13597973e+01  1.57077276e+01 
 4.50262052e+07 -2.13737702e+01  1.53701703e+01 
 4.60644974e+07 -2.13871625e+01  1.50391897e+01 
 4.71267322e+07 -2.13999966e+01  1.47146998e+01 
 4.82134619e+07 -2.14122942e+01  1.43966131e+01 
 4.93252513e+07 -2.14240763e+01  1.40848406e+01 
 5.04626783e+07 -2.14353631e+01  1.37792921e+01 
 5.16263340e+07 -2.14461744e+01  1.34798767e+01 
 5.28168234e+07 -2.14565290e+01  1.31865024e+01 
 5.40347650e+07 -2.14664452e+01  1.28990766e+01 
 5.52807921e+07 -2.14759406e+01  1.26175063e+01 
 5.65555523e+07 -2.14850322e+01  1.23416982e+01 
 5.78597080e+07 -2.14937364e+01  1.20715588e+01 
 5.91939372e+07 -2.15020689e+01  1.18069944e+01 
 6.05589334e+07 -2.15100451e+01  1.15479115e+01 
 6.19554061e+07 -2.15176794e+01  1.12942167e+01 
 6.33840810e+07 -2.15249860e+01  1.10458170e+01 
 6.48457008e+07 -2.15319785e+01  1.08026197e+01 
 6.63410251e+07 -2.15386698e+01  1.05645325e+01 
 6.78708313e+07 -2.15450725e+01  1.03314637e+01 
 6.94359143e+07 -2.15511987e+01  1.01033223e+01 
 7.10370877e+07 -2.15570599e+01  9.88001786e+00 
 7.26751838e+07 -2.15626672e+01  9.66146079e+00 
 7.43510539e+07 -2.15680314e+01  9.44756230e+00 
 7.60655691e+07 -2.15731627e+01  9.23823446e+00 
 7.78196206e+07 -2.15780710e+01  9.03339027e+00 
 7.96141200e+07 -2.15827657e+01  8.83294366e+00 
 8.14500001e+07 -2.15872559e+01  8.63680960e+00 
 8.33282151e+07 -2.15915502e+01  8.44490407e+00 
 8.52497412e+07 -2.15956572e+01  8.25714411e+00 
 8.72155772e+07 -2.15995847e+01  8.07344786e+00 
 8.92267449e+07 -2.16033405e+01  7.89373458e+00 
 9.12842895e+07 -2.16069319e+01  7.71792465e+00 
 9.33892805e+07 -2.16103660e+01  7.54593960e+00 
 9.55428121e+07 -2.16136496e+01  7.37770212e+00 
 9.77460036e+07 -2.16167892e+01  7.21313610e+00 
 1.00000000e+08 -2.16197909e+01  7.05216659e+00 
