 frequency       HctmagdB        HscmagdB       
 1.00000000e+00 -4.34294265e-06 -4.61581761e-06 
 1.01099099e+02 -4.41640415e-02 -4.69238544e-02 
 2.01198198e+02 -1.72340351e-01 -1.82941436e-01 
 3.01297297e+02 -3.77371908e-01 -4.00011341e-01 
 4.01396396e+02 -6.48767568e-01 -6.86434486e-01 
 5.01495495e+02 -9.74300669e-01 -1.02871788e+00 
 6.01594595e+02 -1.34150340e+00 -1.41327500e+00 
 7.01693694e+02 -1.73877686e+00 -1.82764358e+00 
 8.01792793e+02 -2.15603644e+00 -2.26115082e+00 
 9.01891892e+02 -2.58495763e+00 -2.70512458e+00 
 1.00199099e+03 -3.01894671e+00 -3.15280768e+00 
 1.10209009e+03 -3.45295799e+00 -3.59911817e+00 
 1.20218919e+03 -3.88324839e+00 -4.04035681e+00 
 1.30228829e+03 -4.30712604e+00 -4.47392066e+00 
 1.40238739e+03 -4.72272224e+00 -4.89805129e+00 
 1.50248649e+03 -5.12879844e+00 -5.31162663e+00 
 1.60258559e+03 -5.52458994e+00 -5.71399569e+00 
 1.70268468e+03 -5.90968287e+00 -6.10485071e+00 
 1.80278378e+03 -6.28391931e+00 -6.48413001e+00 
 1.90288288e+03 -6.64732516e+00 -6.85194522e+00 
 2.00298198e+03 -7.00005588e+00 -7.20852732e+00 
 2.10308108e+03 -7.34235603e+00 -7.55418682e+00 
 2.20318018e+03 -7.67452934e+00 -7.88928482e+00 
 2.30327928e+03 -7.99691665e+00 -8.21421190e+00 
 2.40337838e+03 -8.30987987e+00 -8.52937306e+00 
 2.50347748e+03 -8.61379033e+00 -8.83517695e+00 
 2.60357658e+03 -8.90902053e+00 -9.13202836e+00 
 2.70367568e+03 -9.19593820e+00 -9.42032307e+00 
 2.80377477e+03 -9.47490235e+00 -9.70044443e+00 
 2.90387387e+03 -9.74626053e+00 -9.97276118e+00 
 3.00397297e+03 -1.00103472e+01 -1.02376262e+01 
 3.10407207e+03 -1.02674825e+01 -1.04953759e+01 
 3.20417117e+03 -1.05179723e+01 -1.07463301e+01 
 3.30427027e+03 -1.07621074e+01 -1.09907922e+01 
 3.40436937e+03 -1.10001644e+01 -1.12290496e+01 
 3.50446847e+03 -1.12324056e+01 -1.14613741e+01 
 3.60456757e+03 -1.14590796e+01 -1.16880229e+01 
 3.70466667e+03 -1.16804218e+01 -1.19092391e+01 
 3.80476577e+03 -1.18966553e+01 -1.21252522e+01 
 3.90486486e+03 -1.21079910e+01 -1.23362792e+01 
 4.00496396e+03 -1.23146287e+01 -1.25425252e+01 
 4.10506306e+03 -1.25167575e+01 -1.27441841e+01 
 4.20516216e+03 -1.27145565e+01 -1.29414390e+01 
 4.30526126e+03 -1.29081952e+01 -1.31344633e+01 
 4.40536036e+03 -1.30978342e+01 -1.33234212e+01 
 4.50545946e+03 -1.32836258e+01 -1.35084679e+01 
 4.60555856e+03 -1.34657143e+01 -1.36897506e+01 
 4.70565766e+03 -1.36442367e+01 -1.38674087e+01 
 4.80575676e+03 -1.38193230e+01 -1.40415746e+01 
 4.90585586e+03 -1.39910967e+01 -1.42123737e+01 
 5.00595495e+03 -1.41596750e+01 -1.43799251e+01 
 5.10605405e+03 -1.43251694e+01 -1.45443422e+01 
 5.20615315e+03 -1.44876861e+01 -1.47057326e+01 
 5.30625225e+03 -1.46473260e+01 -1.48641986e+01 
 5.40635135e+03 -1.48041854e+01 -1.50198377e+01 
 5.50645045e+03 -1.49583557e+01 -1.51727428e+01 
 5.60654955e+03 -1.51099245e+01 -1.53230024e+01 
 5.70664865e+03 -1.52589750e+01 -1.54707007e+01 
 5.80674775e+03 -1.54055869e+01 -1.56159182e+01 
 5.90684685e+03 -1.55498362e+01 -1.57587319e+01 
 6.00694595e+03 -1.56917954e+01 -1.58992151e+01 
 6.10704505e+03 -1.58315341e+01 -1.60374380e+01 
 6.20714414e+03 -1.59691186e+01 -1.61734677e+01 
 6.30724324e+03 -1.61046125e+01 -1.63073684e+01 
 6.40734234e+03 -1.62380768e+01 -1.64392015e+01 
 6.50744144e+03 -1.63695698e+01 -1.65690259e+01 
 6.60754054e+03 -1.64991475e+01 -1.66968982e+01 
 6.70763964e+03 -1.66268635e+01 -1.68228723e+01 
 6.80773874e+03 -1.67527693e+01 -1.69470002e+01 
 6.90783784e+03 -1.68769144e+01 -1.70693317e+01 
 7.00793694e+03 -1.69993463e+01 -1.71899148e+01 
 7.10803604e+03 -1.71201106e+01 -1.73087953e+01 
 7.20813514e+03 -1.72392511e+01 -1.74260175e+01 
 7.30823423e+03 -1.73568102e+01 -1.75416238e+01 
 7.40833333e+03 -1.74728284e+01 -1.76556553e+01 
 7.50843243e+03 -1.75873449e+01 -1.77681512e+01 
 7.60853153e+03 -1.77003973e+01 -1.78791495e+01 
 7.70863063e+03 -1.78120218e+01 -1.79886866e+01 
 7.80872973e+03 -1.79222536e+01 -1.80967979e+01 
 7.90882883e+03 -1.80311264e+01 -1.82035171e+01 
 8.00892793e+03 -1.81386727e+01 -1.83088771e+01 
 8.10902703e+03 -1.82449238e+01 -1.84129094e+01 
 8.20912613e+03 -1.83499103e+01 -1.85156446e+01 
 8.30922523e+03 -1.84536613e+01 -1.86171121e+01 
 8.40932432e+03 -1.85562051e+01 -1.87173403e+01 
 8.50942342e+03 -1.86575692e+01 -1.88163567e+01 
 8.60952252e+03 -1.87577800e+01 -1.89141880e+01 
 8.70962162e+03 -1.88568630e+01 -1.90108598e+01 
 8.80972072e+03 -1.89548431e+01 -1.91063969e+01 
 8.90981982e+03 -1.90517442e+01 -1.92008235e+01 
 9.00991892e+03 -1.91475894e+01 -1.92941629e+01 
 9.11001802e+03 -1.92424014e+01 -1.93864376e+01 
 9.21011712e+03 -1.93362017e+01 -1.94776694e+01 
 9.31021622e+03 -1.94290117e+01 -1.95678796e+01 
 9.41031532e+03 -1.95208516e+01 -1.96570887e+01 
 9.51041441e+03 -1.96117413e+01 -1.97453166e+01 
 9.61051351e+03 -1.97017001e+01 -1.98325825e+01 
 9.71061261e+03 -1.97907466e+01 -1.99189053e+01 
 9.81071171e+03 -1.98788990e+01 -2.00043031e+01 
 9.91081081e+03 -1.99661748e+01 -2.00887935e+01 
 1.00109099e+04 -2.00525911e+01 -2.01723937e+01 
 1.01110090e+04 -2.01381646e+01 -2.02551203e+01 
 1.02111081e+04 -2.02229113e+01 -2.03369895e+01 
 1.03112072e+04 -2.03068469e+01 -2.04180169e+01 
 1.04113063e+04 -2.03899866e+01 -2.04982180e+01 
 1.05114054e+04 -2.04723453e+01 -2.05776075e+01 
 1.06115045e+04 -2.05539373e+01 -2.06561998e+01 
 1.07116036e+04 -2.06347767e+01 -2.07340090e+01 
 1.08117027e+04 -2.07148771e+01 -2.08110488e+01 
 1.09118018e+04 -2.07942517e+01 -2.08873324e+01 
 1.10119009e+04 -2.08729136e+01 -2.09628729e+01 
 1.11120000e+04 -2.09508752e+01 -2.10376828e+01 
 1.12120991e+04 -2.10281489e+01 -2.11117744e+01 
 1.13121982e+04 -2.11047465e+01 -2.11851597e+01 
 1.14122973e+04 -2.11806797e+01 -2.12578503e+01 
 1.15123964e+04 -2.12559599e+01 -2.13298575e+01 
 1.16124955e+04 -2.13305981e+01 -2.14011925e+01 
 1.17125946e+04 -2.14046050e+01 -2.14718660e+01 
 1.18126937e+04 -2.14779912e+01 -2.15418886e+01 
 1.19127928e+04 -2.15507670e+01 -2.16112704e+01 
 1.20128919e+04 -2.16229422e+01 -2.16800217e+01 
 1.21129910e+04 -2.16945268e+01 -2.17481520e+01 
 1.22130901e+04 -2.17655301e+01 -2.18156709e+01 
 1.23131892e+04 -2.18359616e+01 -2.18825878e+01 
 1.24132883e+04 -2.19058303e+01 -2.19489117e+01 
 1.25133874e+04 -2.19751450e+01 -2.20146515e+01 
 1.26134865e+04 -2.20439144e+01 -2.20798159e+01 
 1.27135856e+04 -2.21121470e+01 -2.21444133e+01 
 1.28136847e+04 -2.21798511e+01 -2.22084520e+01 
 1.29137838e+04 -2.22470346e+01 -2.22719400e+01 
 1.30138829e+04 -2.23137056e+01 -2.23348853e+01 
 1.31139820e+04 -2.23798716e+01 -2.23972956e+01 
 1.32140811e+04 -2.24455404e+01 -2.24591784e+01 
 1.33141802e+04 -2.25107192e+01 -2.25205411e+01 
 1.34142793e+04 -2.25754152e+01 -2.25813910e+01 
 1.35143784e+04 -2.26396355e+01 -2.26417350e+01 
 1.36144775e+04 -2.27033871e+01 -2.27015801e+01 
 1.37145766e+04 -2.27666767e+01 -2.27609330e+01 
 1.38146757e+04 -2.28295108e+01 -2.28198003e+01 
 1.39147748e+04 -2.28918960e+01 -2.28781886e+01 
 1.40148739e+04 -2.29538387e+01 -2.29361041e+01 
 1.41149730e+04 -2.30153449e+01 -2.29935530e+01 
 1.42150721e+04 -2.30764208e+01 -2.30505415e+01 
 1.43151712e+04 -2.31370723e+01 -2.31070754e+01 
 1.44152703e+04 -2.31973053e+01 -2.31631606e+01 
 1.45153694e+04 -2.32571255e+01 -2.32188027e+01 
 1.46154685e+04 -2.33165384e+01 -2.32740074e+01 
 1.47155676e+04 -2.33755495e+01 -2.33287802e+01 
 1.48156667e+04 -2.34341643e+01 -2.33831263e+01 
 1.49157658e+04 -2.34923880e+01 -2.34370511e+01 
 1.50158649e+04 -2.35502256e+01 -2.34905597e+01 
 1.51159640e+04 -2.36076824e+01 -2.35436572e+01 
 1.52160631e+04 -2.36647633e+01 -2.35963484e+01 
 1.53161622e+04 -2.37214731e+01 -2.36486383e+01 
 1.54162613e+04 -2.37778166e+01 -2.37005317e+01 
 1.55163604e+04 -2.38337985e+01 -2.37520331e+01 
 1.56164595e+04 -2.38894233e+01 -2.38031472e+01 
 1.57165586e+04 -2.39446957e+01 -2.38538785e+01 
 1.58166577e+04 -2.39996199e+01 -2.39042313e+01 
 1.59167568e+04 -2.40542004e+01 -2.39542101e+01 
 1.60168559e+04 -2.41084414e+01 -2.40038190e+01 
 1.61169550e+04 -2.41623471e+01 -2.40530622e+01 
 1.62170541e+04 -2.42159215e+01 -2.41019438e+01 
 1.63171532e+04 -2.42691688e+01 -2.41504679e+01 
 1.64172523e+04 -2.43220929e+01 -2.41986383e+01 
 1.65173514e+04 -2.43746976e+01 -2.42464590e+01 
 1.66174505e+04 -2.44269868e+01 -2.42939337e+01 
 1.67175495e+04 -2.44789642e+01 -2.43410661e+01 
 1.68176486e+04 -2.45306336e+01 -2.43878600e+01 
 1.69177477e+04 -2.45819984e+01 -2.44343189e+01 
 1.70178468e+04 -2.46330624e+01 -2.44804465e+01 
 1.71179459e+04 -2.46838289e+01 -2.45262460e+01 
 1.72180450e+04 -2.47343014e+01 -2.45717211e+01 
 1.73181441e+04 -2.47844833e+01 -2.46168749e+01 
 1.74182432e+04 -2.48343780e+01 -2.46617109e+01 
 1.75183423e+04 -2.48839885e+01 -2.47062322e+01 
 1.76184414e+04 -2.49333183e+01 -2.47504422e+01 
 1.77185405e+04 -2.49823703e+01 -2.47943437e+01 
 1.78186396e+04 -2.50311478e+01 -2.48379401e+01 
 1.79187387e+04 -2.50796537e+01 -2.48812343e+01 
 1.80188378e+04 -2.51278911e+01 -2.49242292e+01 
 1.81189369e+04 -2.51758629e+01 -2.49669278e+01 
 1.82190360e+04 -2.52235720e+01 -2.50093331e+01 
 1.83191351e+04 -2.52710213e+01 -2.50514477e+01 
 1.84192342e+04 -2.53182135e+01 -2.50932745e+01 
 1.85193333e+04 -2.53651515e+01 -2.51348163e+01 
 1.86194324e+04 -2.54118379e+01 -2.51760758e+01 
 1.87195315e+04 -2.54582754e+01 -2.52170555e+01 
 1.88196306e+04 -2.55044667e+01 -2.52577581e+01 
 1.89197297e+04 -2.55504143e+01 -2.52981862e+01 
 1.90198288e+04 -2.55961208e+01 -2.53383423e+01 
 1.91199279e+04 -2.56415887e+01 -2.53782289e+01 
 1.92200270e+04 -2.56868205e+01 -2.54178485e+01 
 1.93201261e+04 -2.57318185e+01 -2.54572034e+01 
 1.94202252e+04 -2.57765853e+01 -2.54962960e+01 
 1.95203243e+04 -2.58211232e+01 -2.55351287e+01 
 1.96204234e+04 -2.58654344e+01 -2.55737037e+01 
 1.97205225e+04 -2.59095213e+01 -2.56120234e+01 
 1.98206216e+04 -2.59533861e+01 -2.56500900e+01 
 1.99207207e+04 -2.59970311e+01 -2.56879056e+01 
 2.00208198e+04 -2.60404584e+01 -2.57254724e+01 
 2.01209189e+04 -2.60836703e+01 -2.57627926e+01 
 2.02210180e+04 -2.61266687e+01 -2.57998682e+01 
 2.03211171e+04 -2.61694558e+01 -2.58367014e+01 
 2.04212162e+04 -2.62120337e+01 -2.58732941e+01 
 2.05213153e+04 -2.62544044e+01 -2.59096484e+01 
 2.06214144e+04 -2.62965699e+01 -2.59457662e+01 
 2.07215135e+04 -2.63385321e+01 -2.59816495e+01 
 2.08216126e+04 -2.63802931e+01 -2.60173003e+01 
 2.09217117e+04 -2.64218547e+01 -2.60527203e+01 
 2.10218108e+04 -2.64632189e+01 -2.60879115e+01 
 2.11219099e+04 -2.65043874e+01 -2.61228757e+01 
 2.12220090e+04 -2.65453622e+01 -2.61576147e+01 
 2.13221081e+04 -2.65861450e+01 -2.61921303e+01 
 2.14222072e+04 -2.66267376e+01 -2.62264243e+01 
 2.15223063e+04 -2.66671418e+01 -2.62604984e+01 
 2.16224054e+04 -2.67073594e+01 -2.62943543e+01 
 2.17225045e+04 -2.67473919e+01 -2.63279936e+01 
 2.18226036e+04 -2.67872412e+01 -2.63614182e+01 
 2.19227027e+04 -2.68269089e+01 -2.63946295e+01 
 2.20228018e+04 -2.68663966e+01 -2.64276292e+01 
 2.21229009e+04 -2.69057060e+01 -2.64604190e+01 
 2.22230000e+04 -2.69448387e+01 -2.64930003e+01 
 2.23230991e+04 -2.69837962e+01 -2.65253747e+01 
 2.24231982e+04 -2.70225801e+01 -2.65575438e+01 
 2.25232973e+04 -2.70611919e+01 -2.65895091e+01 
 2.26233964e+04 -2.70996332e+01 -2.66212721e+01 
 2.27234955e+04 -2.71379054e+01 -2.66528341e+01 
 2.28235946e+04 -2.71760100e+01 -2.66841968e+01 
 2.29236937e+04 -2.72139486e+01 -2.67153614e+01 
 2.30237928e+04 -2.72517224e+01 -2.67463294e+01 
 2.31238919e+04 -2.72893330e+01 -2.67771023e+01 
 2.32239910e+04 -2.73267818e+01 -2.68076813e+01 
 2.33240901e+04 -2.73640700e+01 -2.68380678e+01 
 2.34241892e+04 -2.74011992e+01 -2.68682633e+01 
 2.35242883e+04 -2.74381706e+01 -2.68982688e+01 
 2.36243874e+04 -2.74749856e+01 -2.69280859e+01 
 2.37244865e+04 -2.75116455e+01 -2.69577158e+01 
 2.38245856e+04 -2.75481516e+01 -2.69871597e+01 
 2.39246847e+04 -2.75845052e+01 -2.70164188e+01 
 2.40247838e+04 -2.76207075e+01 -2.70454946e+01 
 2.41248829e+04 -2.76567598e+01 -2.70743880e+01 
 2.42249820e+04 -2.76926634e+01 -2.71031004e+01 
 2.43250811e+04 -2.77284194e+01 -2.71316329e+01 
 2.44251802e+04 -2.77640290e+01 -2.71599868e+01 
 2.45252793e+04 -2.77994936e+01 -2.71881631e+01 
 2.46253784e+04 -2.78348141e+01 -2.72161630e+01 
 2.47254775e+04 -2.78699918e+01 -2.72439876e+01 
 2.48255766e+04 -2.79050279e+01 -2.72716382e+01 
 2.49256757e+04 -2.79399234e+01 -2.72991156e+01 
 2.50257748e+04 -2.79746795e+01 -2.73264212e+01 
 2.51258739e+04 -2.80092973e+01 -2.73535558e+01 
 2.52259730e+04 -2.80437779e+01 -2.73805206e+01 
 2.53260721e+04 -2.80781224e+01 -2.74073166e+01 
 2.54261712e+04 -2.81123319e+01 -2.74339449e+01 
 2.55262703e+04 -2.81464073e+01 -2.74604065e+01 
 2.56263694e+04 -2.81803498e+01 -2.74867024e+01 
 2.57264685e+04 -2.82141603e+01 -2.75128335e+01 
 2.58265676e+04 -2.82478400e+01 -2.75388010e+01 
 2.59266667e+04 -2.82813897e+01 -2.75646056e+01 
 2.60267658e+04 -2.83148106e+01 -2.75902485e+01 
 2.61268649e+04 -2.83481036e+01 -2.76157306e+01 
 2.62269640e+04 -2.83812696e+01 -2.76410527e+01 
 2.63270631e+04 -2.84143096e+01 -2.76662158e+01 
 2.64271622e+04 -2.84472246e+01 -2.76912209e+01 
 2.65272613e+04 -2.84800155e+01 -2.77160688e+01 
 2.66273604e+04 -2.85126833e+01 -2.77407605e+01 
 2.67274595e+04 -2.85452289e+01 -2.77652967e+01 
 2.68275586e+04 -2.85776531e+01 -2.77896785e+01 
 2.69276577e+04 -2.86099569e+01 -2.78139066e+01 
 2.70277568e+04 -2.86421411e+01 -2.78379819e+01 
 2.71278559e+04 -2.86742068e+01 -2.78619052e+01 
 2.72279550e+04 -2.87061546e+01 -2.78856775e+01 
 2.73280541e+04 -2.87379855e+01 -2.79092994e+01 
 2.74281532e+04 -2.87697003e+01 -2.79327718e+01 
 2.75282523e+04 -2.88013000e+01 -2.79560956e+01 
 2.76283514e+04 -2.88327852e+01 -2.79792714e+01 
 2.77284505e+04 -2.88641568e+01 -2.80023002e+01 
 2.78285495e+04 -2.88954157e+01 -2.80251826e+01 
 2.79286486e+04 -2.89265627e+01 -2.80479194e+01 
 2.80287477e+04 -2.89575985e+01 -2.80705115e+01 
 2.81288468e+04 -2.89885239e+01 -2.80929594e+01 
 2.82289459e+04 -2.90193398e+01 -2.81152641e+01 
 2.83290450e+04 -2.90500469e+01 -2.81374262e+01 
 2.84291441e+04 -2.90806459e+01 -2.81594464e+01 
 2.85292432e+04 -2.91111376e+01 -2.81813254e+01 
 2.86293423e+04 -2.91415228e+01 -2.82030641e+01 
 2.87294414e+04 -2.91718022e+01 -2.82246629e+01 
 2.88295405e+04 -2.92019766e+01 -2.82461228e+01 
 2.89296396e+04 -2.92320466e+01 -2.82674442e+01 
 2.90297387e+04 -2.92620129e+01 -2.82886280e+01 
 2.91298378e+04 -2.92918764e+01 -2.83096748e+01 
 2.92299369e+04 -2.93216377e+01 -2.83305851e+01 
 2.93300360e+04 -2.93512975e+01 -2.83513598e+01 
 2.94301351e+04 -2.93808564e+01 -2.83719994e+01 
 2.95302342e+04 -2.94103152e+01 -2.83925046e+01 
 2.96303333e+04 -2.94396746e+01 -2.84128760e+01 
 2.97304324e+04 -2.94689351e+01 -2.84331142e+01 
 2.98305315e+04 -2.94980976e+01 -2.84532199e+01 
 2.99306306e+04 -2.95271625e+01 -2.84731936e+01 
 3.00307297e+04 -2.95561307e+01 -2.84930360e+01 
 3.01308288e+04 -2.95850026e+01 -2.85127476e+01 
 3.02309279e+04 -2.96137790e+01 -2.85323291e+01 
 3.03310270e+04 -2.96424605e+01 -2.85517810e+01 
 3.04311261e+04 -2.96710477e+01 -2.85711040e+01 
 3.05312252e+04 -2.96995412e+01 -2.85902985e+01 
 3.06313243e+04 -2.97279416e+01 -2.86093652e+01 
 3.07314234e+04 -2.97562496e+01 -2.86283045e+01 
 3.08315225e+04 -2.97844657e+01 -2.86471171e+01 
 3.09316216e+04 -2.98125906e+01 -2.86658036e+01 
 3.10317207e+04 -2.98406248e+01 -2.86843643e+01 
 3.11318198e+04 -2.98685689e+01 -2.87028000e+01 
 3.12319189e+04 -2.98964234e+01 -2.87211110e+01 
 3.13320180e+04 -2.99241890e+01 -2.87392980e+01 
 3.14321171e+04 -2.99518662e+01 -2.87573614e+01 
 3.15322162e+04 -2.99794556e+01 -2.87753018e+01 
 3.16323153e+04 -3.00069578e+01 -2.87931197e+01 
 3.17324144e+04 -3.00343732e+01 -2.88108155e+01 
 3.18325135e+04 -3.00617024e+01 -2.88283898e+01 
 3.19326126e+04 -3.00889460e+01 -2.88458430e+01 
 3.20327117e+04 -3.01161045e+01 -2.88631757e+01 
 3.21328108e+04 -3.01431785e+01 -2.88803882e+01 
 3.22329099e+04 -3.01701684e+01 -2.88974812e+01 
 3.23330090e+04 -3.01970747e+01 -2.89144550e+01 
 3.24331081e+04 -3.02238981e+01 -2.89313101e+01 
 3.25332072e+04 -3.02506389e+01 -2.89480470e+01 
 3.26333063e+04 -3.02772978e+01 -2.89646661e+01 
 3.27334054e+04 -3.03038751e+01 -2.89811680e+01 
 3.28335045e+04 -3.03303715e+01 -2.89975529e+01 
 3.29336036e+04 -3.03567873e+01 -2.90138214e+01 
 3.30337027e+04 -3.03831232e+01 -2.90299739e+01 
 3.31338018e+04 -3.04093795e+01 -2.90460108e+01 
 3.32339009e+04 -3.04355567e+01 -2.90619326e+01 
 3.33340000e+04 -3.04616554e+01 -2.90777396e+01 
 3.34340991e+04 -3.04876759e+01 -2.90934323e+01 
 3.35341982e+04 -3.05136188e+01 -2.91090111e+01 
 3.36342973e+04 -3.05394845e+01 -2.91244765e+01 
 3.37343964e+04 -3.05652735e+01 -2.91398287e+01 
 3.38344955e+04 -3.05909862e+01 -2.91550682e+01 
 3.39345946e+04 -3.06166230e+01 -2.91701955e+01 
 3.40346937e+04 -3.06421845e+01 -2.91852108e+01 
 3.41347928e+04 -3.06676711e+01 -2.92001146e+01 
 3.42348919e+04 -3.06930831e+01 -2.92149072e+01 
 3.43349910e+04 -3.07184211e+01 -2.92295891e+01 
 3.44350901e+04 -3.07436855e+01 -2.92441606e+01 
 3.45351892e+04 -3.07688766e+01 -2.92586221e+01 
 3.46352883e+04 -3.07939949e+01 -2.92729739e+01 
 3.47353874e+04 -3.08190409e+01 -2.92872164e+01 
 3.48354865e+04 -3.08440150e+01 -2.93013499e+01 
 3.49355856e+04 -3.08689174e+01 -2.93153749e+01 
 3.50356847e+04 -3.08937488e+01 -2.93292916e+01 
 3.51357838e+04 -3.09185094e+01 -2.93431005e+01 
 3.52358829e+04 -3.09431997e+01 -2.93568017e+01 
 3.53359820e+04 -3.09678201e+01 -2.93703958e+01 
 3.54360811e+04 -3.09923709e+01 -2.93838830e+01 
 3.55361802e+04 -3.10168526e+01 -2.93972636e+01 
 3.56362793e+04 -3.10412655e+01 -2.94105380e+01 
 3.57363784e+04 -3.10656101e+01 -2.94237065e+01 
 3.58364775e+04 -3.10898867e+01 -2.94367695e+01 
 3.59365766e+04 -3.11140956e+01 -2.94497271e+01 
 3.60366757e+04 -3.11382374e+01 -2.94625798e+01 
 3.61367748e+04 -3.11623122e+01 -2.94753279e+01 
 3.62368739e+04 -3.11863206e+01 -2.94879716e+01 
 3.63369730e+04 -3.12102628e+01 -2.95005113e+01 
 3.64370721e+04 -3.12341393e+01 -2.95129473e+01 
 3.65371712e+04 -3.12579504e+01 -2.95252798e+01 
 3.66372703e+04 -3.12816964e+01 -2.95375092e+01 
 3.67373694e+04 -3.13053778e+01 -2.95496357e+01 
 3.68374685e+04 -3.13289948e+01 -2.95616597e+01 
 3.69375676e+04 -3.13525478e+01 -2.95735814e+01 
 3.70376667e+04 -3.13760371e+01 -2.95854010e+01 
 3.71377658e+04 -3.13994632e+01 -2.95971189e+01 
 3.72378649e+04 -3.14228263e+01 -2.96087354e+01 
 3.73379640e+04 -3.14461267e+01 -2.96202507e+01 
 3.74380631e+04 -3.14693649e+01 -2.96316651e+01 
 3.75381622e+04 -3.14925411e+01 -2.96429788e+01 
 3.76382613e+04 -3.15156556e+01 -2.96541921e+01 
 3.77383604e+04 -3.15387089e+01 -2.96653053e+01 
 3.78384595e+04 -3.15617012e+01 -2.96763186e+01 
 3.79385586e+04 -3.15846328e+01 -2.96872323e+01 
 3.80386577e+04 -3.16075041e+01 -2.96980466e+01 
 3.81387568e+04 -3.16303153e+01 -2.97087618e+01 
 3.82388559e+04 -3.16530669e+01 -2.97193781e+01 
 3.83389550e+04 -3.16757590e+01 -2.97298957e+01 
 3.84390541e+04 -3.16983921e+01 -2.97403149e+01 
 3.85391532e+04 -3.17209664e+01 -2.97506360e+01 
 3.86392523e+04 -3.17434822e+01 -2.97608591e+01 
 3.87393514e+04 -3.17659398e+01 -2.97709845e+01 
 3.88394505e+04 -3.17883395e+01 -2.97810124e+01 
 3.89395495e+04 -3.18106817e+01 -2.97909431e+01 
 3.90396486e+04 -3.18329666e+01 -2.98007767e+01 
 3.91397477e+04 -3.18551945e+01 -2.98105135e+01 
 3.92398468e+04 -3.18773657e+01 -2.98201537e+01 
 3.93399459e+04 -3.18994805e+01 -2.98296975e+01 
 3.94400450e+04 -3.19215391e+01 -2.98391452e+01 
 3.95401441e+04 -3.19435419e+01 -2.98484968e+01 
 3.96402432e+04 -3.19654892e+01 -2.98577527e+01 
 3.97403423e+04 -3.19873811e+01 -2.98669131e+01 
 3.98404414e+04 -3.20092181e+01 -2.98759781e+01 
 3.99405405e+04 -3.20310003e+01 -2.98849479e+01 
 4.00406396e+04 -3.20527281e+01 -2.98938228e+01 
 4.01407387e+04 -3.20744017e+01 -2.99026029e+01 
 4.02408378e+04 -3.20960214e+01 -2.99112884e+01 
 4.03409369e+04 -3.21175874e+01 -2.99198795e+01 
 4.04410360e+04 -3.21391001e+01 -2.99283764e+01 
 4.05411351e+04 -3.21605597e+01 -2.99367793e+01 
 4.06412342e+04 -3.21819663e+01 -2.99450884e+01 
 4.07413333e+04 -3.22033204e+01 -2.99533038e+01 
 4.08414324e+04 -3.22246222e+01 -2.99614257e+01 
 4.09415315e+04 -3.22458719e+01 -2.99694543e+01 
 4.10416306e+04 -3.22670697e+01 -2.99773898e+01 
 4.11417297e+04 -3.22882160e+01 -2.99852323e+01 
 4.12418288e+04 -3.23093109e+01 -2.99929820e+01 
 4.13419279e+04 -3.23303548e+01 -3.00006390e+01 
 4.14420270e+04 -3.23513478e+01 -3.00082036e+01 
 4.15421261e+04 -3.23722902e+01 -3.00156759e+01 
 4.16422252e+04 -3.23931823e+01 -3.00230560e+01 
 4.17423243e+04 -3.24140243e+01 -3.00303441e+01 
 4.18424234e+04 -3.24348165e+01 -3.00375404e+01 
 4.19425225e+04 -3.24555590e+01 -3.00446450e+01 
 4.20426216e+04 -3.24762521e+01 -3.00516580e+01 
 4.21427207e+04 -3.24968961e+01 -3.00585797e+01 
 4.22428198e+04 -3.25174911e+01 -3.00654101e+01 
 4.23429189e+04 -3.25380375e+01 -3.00721494e+01 
 4.24430180e+04 -3.25585353e+01 -3.00787977e+01 
 4.25431171e+04 -3.25789850e+01 -3.00853552e+01 
 4.26432162e+04 -3.25993867e+01 -3.00918220e+01 
 4.27433153e+04 -3.26197405e+01 -3.00981983e+01 
 4.28434144e+04 -3.26400469e+01 -3.01044841e+01 
 4.29435135e+04 -3.26603058e+01 -3.01106797e+01 
 4.30436126e+04 -3.26805177e+01 -3.01167851e+01 
 4.31437117e+04 -3.27006827e+01 -3.01228004e+01 
 4.32438108e+04 -3.27208009e+01 -3.01287258e+01 
 4.33439099e+04 -3.27408728e+01 -3.01345615e+01 
 4.34440090e+04 -3.27608983e+01 -3.01403075e+01 
 4.35441081e+04 -3.27808779e+01 -3.01459639e+01 
 4.36442072e+04 -3.28008116e+01 -3.01515309e+01 
 4.37443063e+04 -3.28206996e+01 -3.01570085e+01 
 4.38444054e+04 -3.28405423e+01 -3.01623970e+01 
 4.39445045e+04 -3.28603398e+01 -3.01676963e+01 
 4.40446036e+04 -3.28800923e+01 -3.01729067e+01 
 4.41447027e+04 -3.28997999e+01 -3.01780282e+01 
 4.42448018e+04 -3.29194630e+01 -3.01830609e+01 
 4.43449009e+04 -3.29390817e+01 -3.01880049e+01 
 4.44450000e+04 -3.29586562e+01 -3.01928604e+01 
 4.45450991e+04 -3.29781867e+01 -3.01976273e+01 
 4.46451982e+04 -3.29976734e+01 -3.02023059e+01 
 4.47452973e+04 -3.30171166e+01 -3.02068962e+01 
 4.48453964e+04 -3.30365163e+01 -3.02113984e+01 
 4.49454955e+04 -3.30558728e+01 -3.02158124e+01 
 4.50455946e+04 -3.30751863e+01 -3.02201384e+01 
 4.51456937e+04 -3.30944569e+01 -3.02243765e+01 
 4.52457928e+04 -3.31136850e+01 -3.02285267e+01 
 4.53458919e+04 -3.31328705e+01 -3.02325892e+01 
 4.54459910e+04 -3.31520138e+01 -3.02365640e+01 
 4.55460901e+04 -3.31711151e+01 -3.02404512e+01 
 4.56461892e+04 -3.31901744e+01 -3.02442510e+01 
 4.57462883e+04 -3.32091920e+01 -3.02479632e+01 
 4.58463874e+04 -3.32281681e+01 -3.02515881e+01 
 4.59464865e+04 -3.32471029e+01 -3.02551258e+01 
 4.60465856e+04 -3.32659964e+01 -3.02585762e+01 
 4.61466847e+04 -3.32848490e+01 -3.02619394e+01 
 4.62467838e+04 -3.33036608e+01 -3.02652156e+01 
 4.63468829e+04 -3.33224320e+01 -3.02684047e+01 
 4.64469820e+04 -3.33411626e+01 -3.02715069e+01 
 4.65470811e+04 -3.33598530e+01 -3.02745222e+01 
 4.66471802e+04 -3.33785033e+01 -3.02774507e+01 
 4.67472793e+04 -3.33971137e+01 -3.02802924e+01 
 4.68473784e+04 -3.34156843e+01 -3.02830474e+01 
 4.69474775e+04 -3.34342152e+01 -3.02857157e+01 
 4.70475766e+04 -3.34527068e+01 -3.02882974e+01 
 4.71476757e+04 -3.34711590e+01 -3.02907926e+01 
 4.72477748e+04 -3.34895722e+01 -3.02932012e+01 
 4.73478739e+04 -3.35079464e+01 -3.02955234e+01 
 4.74479730e+04 -3.35262819e+01 -3.02977592e+01 
 4.75480721e+04 -3.35445788e+01 -3.02999086e+01 
 4.76481712e+04 -3.35628372e+01 -3.03019716e+01 
 4.77482703e+04 -3.35810573e+01 -3.03039484e+01 
 4.78483694e+04 -3.35992394e+01 -3.03058390e+01 
 4.79484685e+04 -3.36173834e+01 -3.03076433e+01 
 4.80485676e+04 -3.36354896e+01 -3.03093615e+01 
 4.81486667e+04 -3.36535582e+01 -3.03109935e+01 
 4.82487658e+04 -3.36715893e+01 -3.03125394e+01 
 4.83488649e+04 -3.36895831e+01 -3.03139993e+01 
 4.84489640e+04 -3.37075397e+01 -3.03153731e+01 
 4.85490631e+04 -3.37254592e+01 -3.03166608e+01 
 4.86491622e+04 -3.37433419e+01 -3.03178626e+01 
 4.87492613e+04 -3.37611879e+01 -3.03189784e+01 
 4.88493604e+04 -3.37789972e+01 -3.03200083e+01 
 4.89494595e+04 -3.37967702e+01 -3.03209522e+01 
 4.90495586e+04 -3.38145068e+01 -3.03218102e+01 
 4.91496577e+04 -3.38322074e+01 -3.03225824e+01 
 4.92497568e+04 -3.38498719e+01 -3.03232686e+01 
 4.93498559e+04 -3.38675007e+01 -3.03238690e+01 
 4.94499550e+04 -3.38850937e+01 -3.03243835e+01 
 4.95500541e+04 -3.39026512e+01 -3.03248122e+01 
 4.96501532e+04 -3.39201732e+01 -3.03251551e+01 
 4.97502523e+04 -3.39376601e+01 -3.03254121e+01 
 4.98503514e+04 -3.39551117e+01 -3.03255833e+01 
 4.99504505e+04 -3.39725285e+01 -3.03256687e+01 
 5.00505495e+04 -3.39899103e+01 -3.03256683e+01 
 5.01506486e+04 -3.40072575e+01 -3.03255820e+01 
 5.02507477e+04 -3.40245701e+01 -3.03254100e+01 
 5.03508468e+04 -3.40418483e+01 -3.03251521e+01 
 5.04509459e+04 -3.40590922e+01 -3.03248084e+01 
 5.05510450e+04 -3.40763019e+01 -3.03243788e+01 
 5.06511441e+04 -3.40934777e+01 -3.03238634e+01 
 5.07512432e+04 -3.41106195e+01 -3.03232622e+01 
 5.08513423e+04 -3.41277276e+01 -3.03225751e+01 
 5.09514414e+04 -3.41448021e+01 -3.03218021e+01 
 5.10515405e+04 -3.41618431e+01 -3.03209432e+01 
 5.11516396e+04 -3.41788507e+01 -3.03199984e+01 
 5.12517387e+04 -3.41958251e+01 -3.03189677e+01 
 5.13518378e+04 -3.42127664e+01 -3.03178510e+01 
 5.14519369e+04 -3.42296748e+01 -3.03166484e+01 
 5.15520360e+04 -3.42465503e+01 -3.03153598e+01 
 5.16521351e+04 -3.42633931e+01 -3.03139851e+01 
 5.17522342e+04 -3.42802033e+01 -3.03125244e+01 
 5.18523333e+04 -3.42969811e+01 -3.03109776e+01 
 5.19524324e+04 -3.43137265e+01 -3.03093448e+01 
 5.20525315e+04 -3.43304397e+01 -3.03076257e+01 
 5.21526306e+04 -3.43471208e+01 -3.03058205e+01 
 5.22527297e+04 -3.43637700e+01 -3.03039291e+01 
 5.23528288e+04 -3.43803873e+01 -3.03019515e+01 
 5.24529279e+04 -3.43969729e+01 -3.02998875e+01 
 5.25530270e+04 -3.44135269e+01 -3.02977373e+01 
 5.26531261e+04 -3.44300495e+01 -3.02955006e+01 
 5.27532252e+04 -3.44465406e+01 -3.02931776e+01 
 5.28533243e+04 -3.44630006e+01 -3.02907681e+01 
 5.29534234e+04 -3.44794294e+01 -3.02882721e+01 
 5.30535225e+04 -3.44958272e+01 -3.02856895e+01 
 5.31536216e+04 -3.45121941e+01 -3.02830203e+01 
 5.32537207e+04 -3.45285302e+01 -3.02802645e+01 
 5.33538198e+04 -3.45448357e+01 -3.02774219e+01 
 5.34539189e+04 -3.45611107e+01 -3.02744926e+01 
 5.35540180e+04 -3.45773552e+01 -3.02714764e+01 
 5.36541171e+04 -3.45935694e+01 -3.02683733e+01 
 5.37542162e+04 -3.46097534e+01 -3.02651833e+01 
 5.38543153e+04 -3.46259073e+01 -3.02619063e+01 
 5.39544144e+04 -3.46420313e+01 -3.02585422e+01 
 5.40545135e+04 -3.46581254e+01 -3.02550909e+01 
 5.41546126e+04 -3.46741897e+01 -3.02515524e+01 
 5.42547117e+04 -3.46902244e+01 -3.02479266e+01 
 5.43548108e+04 -3.47062295e+01 -3.02442135e+01 
 5.44549099e+04 -3.47222052e+01 -3.02404129e+01 
 5.45550090e+04 -3.47381516e+01 -3.02365248e+01 
 5.46551081e+04 -3.47540688e+01 -3.02325491e+01 
 5.47552072e+04 -3.47699568e+01 -3.02284857e+01 
 5.48553063e+04 -3.47858159e+01 -3.02243346e+01 
 5.49554054e+04 -3.48016461e+01 -3.02200957e+01 
 5.50555045e+04 -3.48174475e+01 -3.02157688e+01 
 5.51556036e+04 -3.48332202e+01 -3.02113539e+01 
 5.52557027e+04 -3.48489643e+01 -3.02068509e+01 
 5.53558018e+04 -3.48646800e+01 -3.02022597e+01 
 5.54559009e+04 -3.48803672e+01 -3.01975802e+01 
 5.55560000e+04 -3.48960262e+01 -3.01928124e+01 
 5.56560991e+04 -3.49116571e+01 -3.01879560e+01 
 5.57561982e+04 -3.49272598e+01 -3.01830111e+01 
 5.58562973e+04 -3.49428346e+01 -3.01779775e+01 
 5.59563964e+04 -3.49583816e+01 -3.01728552e+01 
 5.60564955e+04 -3.49739007e+01 -3.01676439e+01 
 5.61565946e+04 -3.49893922e+01 -3.01623437e+01 
 5.62566937e+04 -3.50048561e+01 -3.01569543e+01 
 5.63567928e+04 -3.50202926e+01 -3.01514758e+01 
 5.64568919e+04 -3.50357016e+01 -3.01459079e+01 
 5.65569910e+04 -3.50510834e+01 -3.01402506e+01 
 5.66570901e+04 -3.50664380e+01 -3.01345037e+01 
 5.67571892e+04 -3.50817655e+01 -3.01286672e+01 
 5.68572883e+04 -3.50970661e+01 -3.01227409e+01 
 5.69573874e+04 -3.51123397e+01 -3.01167246e+01 
 5.70574865e+04 -3.51275865e+01 -3.01106184e+01 
 5.71575856e+04 -3.51428066e+01 -3.01044219e+01 
 5.72576847e+04 -3.51580001e+01 -3.00981352e+01 
 5.73577838e+04 -3.51731671e+01 -3.00917580e+01 
 5.74578829e+04 -3.51883077e+01 -3.00852903e+01 
 5.75579820e+04 -3.52034219e+01 -3.00787319e+01 
 5.76580811e+04 -3.52185099e+01 -3.00720827e+01 
 5.77581802e+04 -3.52335717e+01 -3.00653425e+01 
 5.78582793e+04 -3.52486074e+01 -3.00585111e+01 
 5.79583784e+04 -3.52636172e+01 -3.00515886e+01 
 5.80584775e+04 -3.52786011e+01 -3.00445746e+01 
 5.81585766e+04 -3.52935592e+01 -3.00374691e+01 
 5.82586757e+04 -3.53084915e+01 -3.00302719e+01 
 5.83587748e+04 -3.53233983e+01 -3.00229829e+01 
 5.84588739e+04 -3.53382795e+01 -3.00156019e+01 
 5.85589730e+04 -3.53531353e+01 -3.00081287e+01 
 5.86590721e+04 -3.53679657e+01 -3.00005632e+01 
 5.87591712e+04 -3.53827709e+01 -2.99929052e+01 
 5.88592703e+04 -3.53975509e+01 -2.99851546e+01 
 5.89593694e+04 -3.54123057e+01 -2.99773111e+01 
 5.90594685e+04 -3.54270356e+01 -2.99693748e+01 
 5.91595676e+04 -3.54417405e+01 -2.99613452e+01 
 5.92596667e+04 -3.54564206e+01 -2.99532224e+01 
 5.93597658e+04 -3.54710759e+01 -2.99450061e+01 
 5.94598649e+04 -3.54857066e+01 -2.99366961e+01 
 5.95599640e+04 -3.55003126e+01 -2.99282922e+01 
 5.96600631e+04 -3.55148942e+01 -2.99197944e+01 
 5.97601622e+04 -3.55294513e+01 -2.99112023e+01 
 5.98602613e+04 -3.55439840e+01 -2.99025159e+01 
 5.99603604e+04 -3.55584925e+01 -2.98937349e+01 
 6.00604595e+04 -3.55729768e+01 -2.98848591e+01 
 6.01605586e+04 -3.55874370e+01 -2.98758883e+01 
 6.02606577e+04 -3.56018731e+01 -2.98668224e+01 
 6.03607568e+04 -3.56162854e+01 -2.98576611e+01 
 6.04608559e+04 -3.56306737e+01 -2.98484042e+01 
 6.05609550e+04 -3.56450383e+01 -2.98390516e+01 
 6.06610541e+04 -3.56593791e+01 -2.98296030e+01 
 6.07611532e+04 -3.56736963e+01 -2.98200582e+01 
 6.08612523e+04 -3.56879900e+01 -2.98104171e+01 
 6.09613514e+04 -3.57022602e+01 -2.98006793e+01 
 6.10614505e+04 -3.57165070e+01 -2.97908447e+01 
 6.11615495e+04 -3.57307304e+01 -2.97809131e+01 
 6.12616486e+04 -3.57449306e+01 -2.97708842e+01 
 6.13617477e+04 -3.57591077e+01 -2.97607579e+01 
 6.14618468e+04 -3.57732616e+01 -2.97505338e+01 
 6.15619459e+04 -3.57873926e+01 -2.97402117e+01 
 6.16620450e+04 -3.58015005e+01 -2.97297915e+01 
 6.17621441e+04 -3.58155857e+01 -2.97192729e+01 
 6.18622432e+04 -3.58296480e+01 -2.97086557e+01 
 6.19623423e+04 -3.58436876e+01 -2.96979395e+01 
 6.20624414e+04 -3.58577045e+01 -2.96871242e+01 
 6.21625405e+04 -3.58716989e+01 -2.96762096e+01 
 6.22626396e+04 -3.58856707e+01 -2.96651953e+01 
 6.23627387e+04 -3.58996201e+01 -2.96540811e+01 
 6.24628378e+04 -3.59135472e+01 -2.96428668e+01 
 6.25629369e+04 -3.59274520e+01 -2.96315521e+01 
 6.26630360e+04 -3.59413345e+01 -2.96201367e+01 
 6.27631351e+04 -3.59551949e+01 -2.96086205e+01 
 6.28632342e+04 -3.59690333e+01 -2.95970030e+01 
 6.29633333e+04 -3.59828496e+01 -2.95852841e+01 
 6.30634324e+04 -3.59966440e+01 -2.95734634e+01 
 6.31635315e+04 -3.60104165e+01 -2.95615407e+01 
 6.32636306e+04 -3.60241672e+01 -2.95495158e+01 
 6.33637297e+04 -3.60378962e+01 -2.95373882e+01 
 6.34638288e+04 -3.60516035e+01 -2.95251578e+01 
 6.35639279e+04 -3.60652893e+01 -2.95128243e+01 
 6.36640270e+04 -3.60789535e+01 -2.95003873e+01 
 6.37641261e+04 -3.60925963e+01 -2.94878466e+01 
 6.38642252e+04 -3.61062176e+01 -2.94752018e+01 
 6.39643243e+04 -3.61198177e+01 -2.94624527e+01 
 6.40644234e+04 -3.61333965e+01 -2.94495990e+01 
 6.41645225e+04 -3.61469541e+01 -2.94366403e+01 
 6.42646216e+04 -3.61604905e+01 -2.94235764e+01 
 6.43647207e+04 -3.61740060e+01 -2.94104068e+01 
 6.44648198e+04 -3.61875004e+01 -2.93971314e+01 
 6.45649189e+04 -3.62009739e+01 -2.93837497e+01 
 6.46650180e+04 -3.62144265e+01 -2.93702615e+01 
 6.47651171e+04 -3.62278584e+01 -2.93566664e+01 
 6.48652162e+04 -3.62412695e+01 -2.93429640e+01 
 6.49653153e+04 -3.62546599e+01 -2.93291542e+01 
 6.50654144e+04 -3.62680297e+01 -2.93152364e+01 
 6.51655135e+04 -3.62813790e+01 -2.93012104e+01 
 6.52656126e+04 -3.62947078e+01 -2.92870757e+01 
 6.53657117e+04 -3.63080162e+01 -2.92728322e+01 
 6.54658108e+04 -3.63213042e+01 -2.92584793e+01 
 6.55659099e+04 -3.63345720e+01 -2.92440168e+01 
 6.56660090e+04 -3.63478195e+01 -2.92294442e+01 
 6.57661081e+04 -3.63610468e+01 -2.92147612e+01 
 6.58662072e+04 -3.63742541e+01 -2.91999675e+01 
 6.59663063e+04 -3.63874412e+01 -2.91850626e+01 
 6.60664054e+04 -3.64006084e+01 -2.91700462e+01 
 6.61665045e+04 -3.64137557e+01 -2.91549179e+01 
 6.62666036e+04 -3.64268831e+01 -2.91396773e+01 
 6.63667027e+04 -3.64399907e+01 -2.91243239e+01 
 6.64668018e+04 -3.64530786e+01 -2.91088575e+01 
 6.65669009e+04 -3.64661468e+01 -2.90932776e+01 
 6.66670000e+04 -3.64791953e+01 -2.90775838e+01 
 6.67670991e+04 -3.64922243e+01 -2.90617756e+01 
 6.68671982e+04 -3.65052337e+01 -2.90458528e+01 
 6.69672973e+04 -3.65182237e+01 -2.90298147e+01 
 6.70673964e+04 -3.65311944e+01 -2.90136611e+01 
 6.71674955e+04 -3.65441456e+01 -2.89973915e+01 
 6.72675946e+04 -3.65570776e+01 -2.89810054e+01 
 6.73676937e+04 -3.65699904e+01 -2.89645025e+01 
 6.74677928e+04 -3.65828840e+01 -2.89478822e+01 
 6.75678919e+04 -3.65957585e+01 -2.89311442e+01 
 6.76679910e+04 -3.66086140e+01 -2.89142879e+01 
 6.77680901e+04 -3.66214505e+01 -2.88973130e+01 
 6.78681892e+04 -3.66342680e+01 -2.88802189e+01 
 6.79682883e+04 -3.66470666e+01 -2.88630052e+01 
 6.80683874e+04 -3.66598465e+01 -2.88456713e+01 
 6.81684865e+04 -3.66726075e+01 -2.88282170e+01 
 6.82685856e+04 -3.66853498e+01 -2.88106415e+01 
 6.83686847e+04 -3.66980735e+01 -2.87929445e+01 
 6.84687838e+04 -3.67107786e+01 -2.87751255e+01 
 6.85688829e+04 -3.67234651e+01 -2.87571840e+01 
 6.86689820e+04 -3.67361331e+01 -2.87391194e+01 
 6.87690811e+04 -3.67487827e+01 -2.87209312e+01 
 6.88691802e+04 -3.67614138e+01 -2.87026190e+01 
 6.89692793e+04 -3.67740267e+01 -2.86841821e+01 
 6.90693784e+04 -3.67866212e+01 -2.86656202e+01 
 6.91694775e+04 -3.67991975e+01 -2.86469325e+01 
 6.92695766e+04 -3.68117557e+01 -2.86281187e+01 
 6.93696757e+04 -3.68242957e+01 -2.86091781e+01 
 6.94697748e+04 -3.68368176e+01 -2.85901103e+01 
 6.95698739e+04 -3.68493215e+01 -2.85709145e+01 
 6.96699730e+04 -3.68618075e+01 -2.85515904e+01 
 6.97700721e+04 -3.68742755e+01 -2.85321372e+01 
 6.98701712e+04 -3.68867257e+01 -2.85125545e+01 
 6.99702703e+04 -3.68991580e+01 -2.84928416e+01 
 7.00703694e+04 -3.69115726e+01 -2.84729980e+01 
 7.01704685e+04 -3.69239694e+01 -2.84530230e+01 
 7.02705676e+04 -3.69363486e+01 -2.84329161e+01 
 7.03706667e+04 -3.69487102e+01 -2.84126767e+01 
 7.04707658e+04 -3.69610542e+01 -2.83923040e+01 
 7.05708649e+04 -3.69733807e+01 -2.83717976e+01 
 7.06709640e+04 -3.69856898e+01 -2.83511567e+01 
 7.07710631e+04 -3.69979814e+01 -2.83303808e+01 
 7.08711622e+04 -3.70102557e+01 -2.83094691e+01 
 7.09712613e+04 -3.70225126e+01 -2.82884211e+01 
 7.10713604e+04 -3.70347523e+01 -2.82672360e+01 
 7.11714595e+04 -3.70469747e+01 -2.82459133e+01 
 7.12715586e+04 -3.70591800e+01 -2.82244521e+01 
 7.13716577e+04 -3.70713682e+01 -2.82028520e+01 
 7.14717568e+04 -3.70835392e+01 -2.81811120e+01 
 7.15718559e+04 -3.70956933e+01 -2.81592317e+01 
 7.16719550e+04 -3.71078304e+01 -2.81372101e+01 
 7.17720541e+04 -3.71199505e+01 -2.81150468e+01 
 7.18721532e+04 -3.71320538e+01 -2.80927408e+01 
 7.19722523e+04 -3.71441402e+01 -2.80702915e+01 
 7.20723514e+04 -3.71562098e+01 -2.80476981e+01 
 7.21724505e+04 -3.71682627e+01 -2.80249599e+01 
 7.22725495e+04 -3.71802989e+01 -2.80020761e+01 
 7.23726486e+04 -3.71923184e+01 -2.79790460e+01 
 7.24727477e+04 -3.72043213e+01 -2.79558688e+01 
 7.25728468e+04 -3.72163077e+01 -2.79325437e+01 
 7.26729459e+04 -3.72282775e+01 -2.79090699e+01 
 7.27730450e+04 -3.72402309e+01 -2.78854466e+01 
 7.28731441e+04 -3.72521679e+01 -2.78616730e+01 
 7.29732432e+04 -3.72640885e+01 -2.78377483e+01 
 7.30733423e+04 -3.72759927e+01 -2.78136716e+01 
 7.31734414e+04 -3.72878806e+01 -2.77894421e+01 
 7.32735405e+04 -3.72997524e+01 -2.77650589e+01 
 7.33736396e+04 -3.73116079e+01 -2.77405213e+01 
 7.34737387e+04 -3.73234472e+01 -2.77158282e+01 
 7.35738378e+04 -3.73352704e+01 -2.76909789e+01 
 7.36739369e+04 -3.73470776e+01 -2.76659724e+01 
 7.37740360e+04 -3.73588688e+01 -2.76408078e+01 
 7.38741351e+04 -3.73706439e+01 -2.76154842e+01 
 7.39742342e+04 -3.73824031e+01 -2.75900007e+01 
 7.40743333e+04 -3.73941465e+01 -2.75643564e+01 
 7.41744324e+04 -3.74058739e+01 -2.75385503e+01 
 7.42745315e+04 -3.74175856e+01 -2.75125814e+01 
 7.43746306e+04 -3.74292815e+01 -2.74864488e+01 
 7.44747297e+04 -3.74409617e+01 -2.74601514e+01 
 7.45748288e+04 -3.74526261e+01 -2.74336883e+01 
 7.46749279e+04 -3.74642750e+01 -2.74070586e+01 
 7.47750270e+04 -3.74759082e+01 -2.73802610e+01 
 7.48751261e+04 -3.74875259e+01 -2.73532947e+01 
 7.49752252e+04 -3.74991281e+01 -2.73261586e+01 
 7.50753243e+04 -3.75107148e+01 -2.72988515e+01 
 7.51754234e+04 -3.75222861e+01 -2.72713725e+01 
 7.52755225e+04 -3.75338419e+01 -2.72437205e+01 
 7.53756216e+04 -3.75453825e+01 -2.72158943e+01 
 7.54757207e+04 -3.75569077e+01 -2.71878928e+01 
 7.55758198e+04 -3.75684176e+01 -2.71597150e+01 
 7.56759189e+04 -3.75799123e+01 -2.71313596e+01 
 7.57760180e+04 -3.75913919e+01 -2.71028255e+01 
 7.58761171e+04 -3.76028563e+01 -2.70741115e+01 
 7.59762162e+04 -3.76143055e+01 -2.70452165e+01 
 7.60763153e+04 -3.76257397e+01 -2.70161392e+01 
 7.61764144e+04 -3.76371589e+01 -2.69868784e+01 
 7.62765135e+04 -3.76485631e+01 -2.69574329e+01 
 7.63766126e+04 -3.76599523e+01 -2.69278014e+01 
 7.64767117e+04 -3.76713266e+01 -2.68979827e+01 
 7.65768108e+04 -3.76826861e+01 -2.68679755e+01 
 7.66769099e+04 -3.76940307e+01 -2.68377784e+01 
 7.67770090e+04 -3.77053605e+01 -2.68073903e+01 
 7.68771081e+04 -3.77166755e+01 -2.67768096e+01 
 7.69772072e+04 -3.77279759e+01 -2.67460351e+01 
 7.70773063e+04 -3.77392615e+01 -2.67150654e+01 
 7.71774054e+04 -3.77505325e+01 -2.66838991e+01 
 7.72775045e+04 -3.77617890e+01 -2.66525347e+01 
 7.73776036e+04 -3.77730308e+01 -2.66209710e+01 
 7.74777027e+04 -3.77842581e+01 -2.65892063e+01 
 7.75778018e+04 -3.77954710e+01 -2.65572394e+01 
 7.76779009e+04 -3.78066693e+01 -2.65250685e+01 
 7.77780000e+04 -3.78178533e+01 -2.64926923e+01 
 7.78780991e+04 -3.78290229e+01 -2.64601093e+01 
 7.79781982e+04 -3.78401781e+01 -2.64273178e+01 
 7.80782973e+04 -3.78513190e+01 -2.63943163e+01 
 7.81783964e+04 -3.78624457e+01 -2.63611032e+01 
 7.82784955e+04 -3.78735581e+01 -2.63276769e+01 
 7.83785946e+04 -3.78846563e+01 -2.62940357e+01 
 7.84786937e+04 -3.78957404e+01 -2.62601781e+01 
 7.85787928e+04 -3.79068103e+01 -2.62261022e+01 
 7.86788919e+04 -3.79178662e+01 -2.61918064e+01 
 7.87789910e+04 -3.79289080e+01 -2.61572890e+01 
 7.88790901e+04 -3.79399358e+01 -2.61225481e+01 
 7.89791892e+04 -3.79509496e+01 -2.60875821e+01 
 7.90792883e+04 -3.79619495e+01 -2.60523890e+01 
 7.91793874e+04 -3.79729354e+01 -2.60169671e+01 
 7.92794865e+04 -3.79839075e+01 -2.59813145e+01 
 7.93795856e+04 -3.79948657e+01 -2.59454293e+01 
 7.94796847e+04 -3.80058102e+01 -2.59093096e+01 
 7.95797838e+04 -3.80167408e+01 -2.58729534e+01 
 7.96798829e+04 -3.80276577e+01 -2.58363588e+01 
 7.97799820e+04 -3.80385610e+01 -2.57995237e+01 
 7.98800811e+04 -3.80494505e+01 -2.57624462e+01 
 7.99801802e+04 -3.80603264e+01 -2.57251240e+01 
 8.00802793e+04 -3.80711888e+01 -2.56875552e+01 
 8.01803784e+04 -3.80820375e+01 -2.56497377e+01 
 8.02804775e+04 -3.80928727e+01 -2.56116691e+01 
 8.03805766e+04 -3.81036945e+01 -2.55733475e+01 
 8.04806757e+04 -3.81145027e+01 -2.55347704e+01 
 8.05807748e+04 -3.81252976e+01 -2.54959357e+01 
 8.06808739e+04 -3.81360790e+01 -2.54568410e+01 
 8.07809730e+04 -3.81468471e+01 -2.54174841e+01 
 8.08810721e+04 -3.81576018e+01 -2.53778625e+01 
 8.09811712e+04 -3.81683433e+01 -2.53379739e+01 
 8.10812703e+04 -3.81790714e+01 -2.52978157e+01 
 8.11813694e+04 -3.81897864e+01 -2.52573855e+01 
 8.12814685e+04 -3.82004881e+01 -2.52166808e+01 
 8.13815676e+04 -3.82111767e+01 -2.51756989e+01 
 8.14816667e+04 -3.82218522e+01 -2.51344374e+01 
 8.15817658e+04 -3.82325145e+01 -2.50928934e+01 
 8.16818649e+04 -3.82431638e+01 -2.50510645e+01 
 8.17819640e+04 -3.82538000e+01 -2.50089477e+01 
 8.18820631e+04 -3.82644232e+01 -2.49665403e+01 
 8.19821622e+04 -3.82750335e+01 -2.49238394e+01 
 8.20822613e+04 -3.82856308e+01 -2.48808423e+01 
 8.21823604e+04 -3.82962152e+01 -2.48375459e+01 
 8.22824595e+04 -3.83067867e+01 -2.47939473e+01 
 8.23825586e+04 -3.83173454e+01 -2.47500435e+01 
 8.24826577e+04 -3.83278912e+01 -2.47058313e+01 
 8.25827568e+04 -3.83384243e+01 -2.46613077e+01 
 8.26828559e+04 -3.83489446e+01 -2.46164694e+01 
 8.27829550e+04 -3.83594522e+01 -2.45713133e+01 
 8.28830541e+04 -3.83699471e+01 -2.45258359e+01 
 8.29831532e+04 -3.83804293e+01 -2.44800340e+01 
 8.30832523e+04 -3.83908989e+01 -2.44339041e+01 
 8.31833514e+04 -3.84013559e+01 -2.43874429e+01 
 8.32834505e+04 -3.84118003e+01 -2.43406466e+01 
 8.33835495e+04 -3.84222322e+01 -2.42935117e+01 
 8.34836486e+04 -3.84326515e+01 -2.42460346e+01 
 8.35837477e+04 -3.84430584e+01 -2.41982115e+01 
 8.36838468e+04 -3.84534528e+01 -2.41500387e+01 
 8.37839459e+04 -3.84638348e+01 -2.41015122e+01 
 8.38840450e+04 -3.84742045e+01 -2.40526281e+01 
 8.39841441e+04 -3.84845617e+01 -2.40033823e+01 
 8.40842432e+04 -3.84949066e+01 -2.39537709e+01 
 8.41843423e+04 -3.85052392e+01 -2.39037896e+01 
 8.42844414e+04 -3.85155596e+01 -2.38534342e+01 
 8.43845405e+04 -3.85258677e+01 -2.38027004e+01 
 8.44846396e+04 -3.85361635e+01 -2.37515837e+01 
 8.45847387e+04 -3.85464472e+01 -2.37000797e+01 
 8.46848378e+04 -3.85567187e+01 -2.36481837e+01 
 8.47849369e+04 -3.85669781e+01 -2.35958911e+01 
 8.48850360e+04 -3.85772254e+01 -2.35431972e+01 
 8.49851351e+04 -3.85874607e+01 -2.34900971e+01 
 8.50852342e+04 -3.85976838e+01 -2.34365858e+01 
 8.51853333e+04 -3.86078950e+01 -2.33826583e+01 
 8.52854324e+04 -3.86180942e+01 -2.33283094e+01 
 8.53855315e+04 -3.86282814e+01 -2.32735339e+01 
 8.54856306e+04 -3.86384566e+01 -2.32183264e+01 
 8.55857297e+04 -3.86486200e+01 -2.31626815e+01 
 8.56858288e+04 -3.86587715e+01 -2.31065934e+01 
 8.57859279e+04 -3.86689112e+01 -2.30500567e+01 
 8.58860270e+04 -3.86790390e+01 -2.29930654e+01 
 8.59861261e+04 -3.86891550e+01 -2.29356135e+01 
 8.60862252e+04 -3.86992593e+01 -2.28776951e+01 
 8.61863243e+04 -3.87093518e+01 -2.28193039e+01 
 8.62864234e+04 -3.87194326e+01 -2.27604336e+01 
 8.63865225e+04 -3.87295018e+01 -2.27010777e+01 
 8.64866216e+04 -3.87395592e+01 -2.26412296e+01 
 8.65867207e+04 -3.87496051e+01 -2.25808825e+01 
 8.66868198e+04 -3.87596393e+01 -2.25200296e+01 
 8.67869189e+04 -3.87696620e+01 -2.24586638e+01 
 8.68870180e+04 -3.87796731e+01 -2.23967779e+01 
 8.69871171e+04 -3.87896727e+01 -2.23343645e+01 
 8.70872162e+04 -3.87996608e+01 -2.22714160e+01 
 8.71873153e+04 -3.88096374e+01 -2.22079248e+01 
 8.72874144e+04 -3.88196026e+01 -2.21438829e+01 
 8.73875135e+04 -3.88295563e+01 -2.20792822e+01 
 8.74876126e+04 -3.88394987e+01 -2.20141146e+01 
 8.75877117e+04 -3.88494297e+01 -2.19483714e+01 
 8.76878108e+04 -3.88593493e+01 -2.18820442e+01 
 8.77879099e+04 -3.88692577e+01 -2.18151239e+01 
 8.78880090e+04 -3.88791547e+01 -2.17476016e+01 
 8.79881081e+04 -3.88890405e+01 -2.16794678e+01 
 8.80882072e+04 -3.88989151e+01 -2.16107131e+01 
 8.81883063e+04 -3.89087784e+01 -2.15413277e+01 
 8.82884054e+04 -3.89186306e+01 -2.14713016e+01 
 8.83885045e+04 -3.89284716e+01 -2.14006246e+01 
 8.84886036e+04 -3.89383014e+01 -2.13292860e+01 
 8.85887027e+04 -3.89481202e+01 -2.12572751e+01 
 8.86888018e+04 -3.89579279e+01 -2.11845808e+01 
 8.87889009e+04 -3.89677245e+01 -2.11111918e+01 
 8.88890000e+04 -3.89775100e+01 -2.10370965e+01 
 8.89890991e+04 -3.89872846e+01 -2.09622828e+01 
 8.90891982e+04 -3.89970482e+01 -2.08867385e+01 
 8.91892973e+04 -3.90068008e+01 -2.08104510e+01 
 8.92893964e+04 -3.90165424e+01 -2.07334073e+01 
 8.93894955e+04 -3.90262732e+01 -2.06555941e+01 
 8.94895946e+04 -3.90359931e+01 -2.05769978e+01 
 8.95896937e+04 -3.90457021e+01 -2.04976043e+01 
 8.96897928e+04 -3.90554003e+01 -2.04173991e+01 
 8.97898919e+04 -3.90650876e+01 -2.03363675e+01 
 8.98899910e+04 -3.90747642e+01 -2.02544941e+01 
 8.99900901e+04 -3.90844300e+01 -2.01717633e+01 
 9.00901892e+04 -3.90940850e+01 -2.00881588e+01 
 9.01902883e+04 -3.91037294e+01 -2.00036641e+01 
 9.02903874e+04 -3.91133630e+01 -1.99182619e+01 
 9.03904865e+04 -3.91229860e+01 -1.98319347e+01 
 9.04905856e+04 -3.91325983e+01 -1.97446643e+01 
 9.05906847e+04 -3.91422000e+01 -1.96564319e+01 
 9.06907838e+04 -3.91517911e+01 -1.95672182e+01 
 9.07908829e+04 -3.91613716e+01 -1.94770033e+01 
 9.08909820e+04 -3.91709416e+01 -1.93857668e+01 
 9.09910811e+04 -3.91805010e+01 -1.92934873e+01 
 9.10911802e+04 -3.91900499e+01 -1.92001431e+01 
 9.11912793e+04 -3.91995884e+01 -1.91057116e+01 
 9.12913784e+04 -3.92091164e+01 -1.90101694e+01 
 9.13914775e+04 -3.92186339e+01 -1.89134926e+01 
 9.14915766e+04 -3.92281410e+01 -1.88156562e+01 
 9.15916757e+04 -3.92376378e+01 -1.87166346e+01 
 9.16917748e+04 -3.92471241e+01 -1.86164011e+01 
 9.17918739e+04 -3.92566001e+01 -1.85149283e+01 
 9.18919730e+04 -3.92660658e+01 -1.84121877e+01 
 9.19920721e+04 -3.92755212e+01 -1.83081499e+01 
 9.20921712e+04 -3.92849663e+01 -1.82027843e+01 
 9.21922703e+04 -3.92944011e+01 -1.80960593e+01 
 9.22923694e+04 -3.93038257e+01 -1.79879424e+01 
 9.23924685e+04 -3.93132401e+01 -1.78783993e+01 
 9.24925676e+04 -3.93226443e+01 -1.77673951e+01 
 9.25926667e+04 -3.93320384e+01 -1.76548932e+01 
 9.26927658e+04 -3.93414223e+01 -1.75408555e+01 
 9.27928649e+04 -3.93507960e+01 -1.74252429e+01 
 9.28929640e+04 -3.93601597e+01 -1.73080143e+01 
 9.29930631e+04 -3.93695132e+01 -1.71891274e+01 
 9.30931622e+04 -3.93788568e+01 -1.70685377e+01 
 9.31932613e+04 -3.93881902e+01 -1.69461994e+01 
 9.32933604e+04 -3.93975137e+01 -1.68220647e+01 
 9.33934595e+04 -3.94068271e+01 -1.66960836e+01 
 9.34935586e+04 -3.94161306e+01 -1.65682043e+01 
 9.35936577e+04 -3.94254242e+01 -1.64383726e+01 
 9.36937568e+04 -3.94347078e+01 -1.63065321e+01 
 9.37938559e+04 -3.94439814e+01 -1.61726239e+01 
 9.38939550e+04 -3.94532452e+01 -1.60365865e+01 
 9.39940541e+04 -3.94624992e+01 -1.58983558e+01 
 9.40941532e+04 -3.94717433e+01 -1.57578646e+01 
 9.41942523e+04 -3.94809775e+01 -1.56150427e+01 
 9.42943514e+04 -3.94902020e+01 -1.54698167e+01 
 9.43944505e+04 -3.94994166e+01 -1.53221098e+01 
 9.44945495e+04 -3.95086215e+01 -1.51718416e+01 
 9.45946486e+04 -3.95178167e+01 -1.50189275e+01 
 9.46947477e+04 -3.95270021e+01 -1.48632792e+01 
 9.47948468e+04 -3.95361779e+01 -1.47048037e+01 
 9.48949459e+04 -3.95453439e+01 -1.45434037e+01 
 9.49950450e+04 -3.95545003e+01 -1.43789768e+01 
 9.50951441e+04 -3.95636470e+01 -1.42114152e+01 
 9.51952432e+04 -3.95727842e+01 -1.40406057e+01 
 9.52953423e+04 -3.95819117e+01 -1.38664292e+01 
 9.53954414e+04 -3.95910296e+01 -1.36887601e+01 
 9.54955405e+04 -3.96001380e+01 -1.35074662e+01 
 9.55956396e+04 -3.96092369e+01 -1.33224079e+01 
 9.56957387e+04 -3.96183262e+01 -1.31334381e+01 
 9.57958378e+04 -3.96274060e+01 -1.29404015e+01 
 9.58959369e+04 -3.96364764e+01 -1.27431339e+01 
 9.59960360e+04 -3.96455373e+01 -1.25414621e+01 
 9.60961351e+04 -3.96545887e+01 -1.23352027e+01 
 9.61962342e+04 -3.96636307e+01 -1.21241619e+01 
 9.62963333e+04 -3.96726633e+01 -1.19081346e+01 
 9.63964324e+04 -3.96816866e+01 -1.16869038e+01 
 9.64965315e+04 -3.96907004e+01 -1.14602398e+01 
 9.65966306e+04 -3.96997050e+01 -1.12278996e+01 
 9.66967297e+04 -3.97087002e+01 -1.09896262e+01 
 9.67968288e+04 -3.97176861e+01 -1.07451474e+01 
 9.68969279e+04 -3.97266627e+01 -1.04941761e+01 
 9.69970270e+04 -3.97356300e+01 -1.02364086e+01 
 9.70971261e+04 -3.97445881e+01 -9.97152534e+00 
 9.71972252e+04 -3.97535370e+01 -9.69918975e+00 
 9.72973243e+04 -3.97624767e+01 -9.41904901e+00 
 9.73974234e+04 -3.97714072e+01 -9.13073436e+00 
 9.74975225e+04 -3.97803285e+01 -8.83386250e+00 
 9.75976216e+04 -3.97892406e+01 -8.52803768e+00 
 9.76977207e+04 -3.97981436e+01 -8.21285517e+00 
 9.77978198e+04 -3.98070375e+01 -7.88790641e+00 
 9.78979189e+04 -3.98159223e+01 -7.55278654e+00 
 9.79980180e+04 -3.98247980e+01 -7.20710516e+00 
 9.80981171e+04 -3.98336647e+01 -6.85050142e+00 
 9.81982162e+04 -3.98425223e+01 -6.48266513e+00 
 9.82983153e+04 -3.98513709e+01 -6.10336579e+00 
 9.83984144e+04 -3.98602105e+01 -5.71249236e+00 
 9.84985135e+04 -3.98690411e+01 -5.31010731e+00 
 9.85986126e+04 -3.98778628e+01 -4.89651947e+00 
 9.86987117e+04 -3.98866755e+01 -4.47238120e+00 
 9.87988108e+04 -3.98954792e+01 -4.03881632e+00 
 9.88989099e+04 -3.99042741e+01 -3.59758554e+00 
 9.89990090e+04 -3.99130600e+01 -3.15129461e+00 
 9.90991081e+04 -3.99218371e+01 -2.70364623e+00 
 9.91992072e+04 -3.99306053e+01 -2.25972637e+00 
 9.92993063e+04 -3.99393647e+01 -1.82629669e+00 
 9.93994054e+04 -3.99481153e+01 -1.41203380e+00 
 9.94995045e+04 -3.99568570e+01 -1.02761425e+00 
 9.95996036e+04 -3.99655900e+01 -6.85502212e-01 
 9.96997027e+04 -3.99743142e+01 -3.99282916e-01 
 9.97998018e+04 -3.99830296e+01 -1.82443657e-01 
 9.98999009e+04 -3.99917363e+01 -4.66729839e-02 
 1.00000000e+05 -4.00004343e+01 -2.49788869e-06 
