 time            v(inp)          v(out)         
 0.00000000e+00  9.00000000e-01  9.00445953e-01 
 1.10000000e-11  9.00000000e-01  9.00445953e-01 
 2.20000000e-11  9.00000000e-01  9.00445953e-01 
 4.40000000e-11  9.00000000e-01  9.00445953e-01 
 8.80000000e-11  9.00000000e-01  9.00445953e-01 
 1.76000000e-10  9.00000000e-01  9.00445953e-01 
 3.52000000e-10  9.00000000e-01  9.00445953e-01 
 7.04000000e-10  9.00000000e-01  9.00445953e-01 
 1.40800000e-09  9.00000000e-01  9.00445953e-01 
 2.50800000e-09  9.00000000e-01  9.00445953e-01 
 3.60800000e-09  9.00000000e-01  9.00445953e-01 
 4.70800000e-09  9.00000000e-01  9.00445953e-01 
 5.80800000e-09  9.00000000e-01  9.00445953e-01 
 6.90800000e-09  9.00000000e-01  9.00445953e-01 
 8.00800000e-09  9.00000000e-01  9.00445953e-01 
 9.10800000e-09  9.00000000e-01  9.00445953e-01 
 1.02080000e-08  9.00000000e-01  9.00445953e-01 
 1.13080000e-08  9.00000000e-01  9.00445953e-01 
 1.24080000e-08  9.00000000e-01  9.00445953e-01 
 1.35080000e-08  9.00000000e-01  9.00445953e-01 
 1.46080000e-08  9.00000000e-01  9.00445953e-01 
 1.57080000e-08  9.00000000e-01  9.00445953e-01 
 1.68080000e-08  9.00000000e-01  9.00445953e-01 
 1.79080000e-08  9.00000000e-01  9.00445953e-01 
 1.90080000e-08  9.00000000e-01  9.00445953e-01 
 2.01080000e-08  9.00000000e-01  9.00445953e-01 
 2.12080000e-08  9.00000000e-01  9.00445953e-01 
 2.23080000e-08  9.00000000e-01  9.00445953e-01 
 2.34080000e-08  9.00000000e-01  9.00445953e-01 
 2.45080000e-08  9.00000000e-01  9.00445953e-01 
 2.56080000e-08  9.00000000e-01  9.00445953e-01 
 2.67080000e-08  9.00000000e-01  9.00445953e-01 
 2.78080000e-08  9.00000000e-01  9.00445953e-01 
 2.89080000e-08  9.00000000e-01  9.00445953e-01 
 3.00080000e-08  9.00000000e-01  9.00445953e-01 
 3.11080000e-08  9.00000000e-01  9.00445953e-01 
 3.22080000e-08  9.00000000e-01  9.00445953e-01 
 3.33080000e-08  9.00000000e-01  9.00445953e-01 
 3.44080000e-08  9.00000000e-01  9.00445953e-01 
 3.55080000e-08  9.00000000e-01  9.00445953e-01 
 3.66080000e-08  9.00000000e-01  9.00445953e-01 
 3.77080000e-08  9.00000000e-01  9.00445953e-01 
 3.88080000e-08  9.00000000e-01  9.00445953e-01 
 3.99080000e-08  9.00000000e-01  9.00445953e-01 
 4.10080000e-08  9.00000000e-01  9.00445953e-01 
 4.21080000e-08  9.00000000e-01  9.00445953e-01 
 4.32080000e-08  9.00000000e-01  9.00445953e-01 
 4.43080000e-08  9.00000000e-01  9.00445953e-01 
 4.54080000e-08  9.00000000e-01  9.00445953e-01 
 4.65080000e-08  9.00000000e-01  9.00445953e-01 
 4.76080000e-08  9.00000000e-01  9.00445953e-01 
 4.87080000e-08  9.00000000e-01  9.00445953e-01 
 4.98080000e-08  9.00000000e-01  9.00445953e-01 
 5.09080000e-08  9.00000000e-01  9.00445953e-01 
 5.20080000e-08  9.00000000e-01  9.00445953e-01 
 5.31080000e-08  9.00000000e-01  9.00445953e-01 
 5.42080000e-08  9.00000000e-01  9.00445953e-01 
 5.53080000e-08  9.00000000e-01  9.00445953e-01 
 5.64080000e-08  9.00000000e-01  9.00445953e-01 
 5.75080000e-08  9.00000000e-01  9.00445953e-01 
 5.86080000e-08  9.00000000e-01  9.00445953e-01 
 5.97080000e-08  9.00000000e-01  9.00445953e-01 
 6.08080000e-08  9.00000000e-01  9.00445953e-01 
 6.19080000e-08  9.00000000e-01  9.00445953e-01 
 6.30080000e-08  9.00000000e-01  9.00445953e-01 
 6.41080000e-08  9.00000000e-01  9.00445953e-01 
 6.52080000e-08  9.00000000e-01  9.00445953e-01 
 6.63080000e-08  9.00000000e-01  9.00445953e-01 
 6.74080000e-08  9.00000000e-01  9.00445953e-01 
 6.85080000e-08  9.00000000e-01  9.00445953e-01 
 6.96080000e-08  9.00000000e-01  9.00445953e-01 
 7.07080000e-08  9.00000000e-01  9.00445953e-01 
 7.18080000e-08  9.00000000e-01  9.00445953e-01 
 7.29080000e-08  9.00000000e-01  9.00445953e-01 
 7.40080000e-08  9.00000000e-01  9.00445953e-01 
 7.51080000e-08  9.00000000e-01  9.00445953e-01 
 7.62080000e-08  9.00000000e-01  9.00445953e-01 
 7.73080000e-08  9.00000000e-01  9.00445953e-01 
 7.84080000e-08  9.00000000e-01  9.00445953e-01 
 7.95080000e-08  9.00000000e-01  9.00445953e-01 
 8.06080000e-08  9.00000000e-01  9.00445953e-01 
 8.17080000e-08  9.00000000e-01  9.00445953e-01 
 8.28080000e-08  9.00000000e-01  9.00445953e-01 
 8.39080000e-08  9.00000000e-01  9.00445953e-01 
 8.50080000e-08  9.00000000e-01  9.00445953e-01 
 8.61080000e-08  9.00000000e-01  9.00445953e-01 
 8.72080000e-08  9.00000000e-01  9.00445953e-01 
 8.83080000e-08  9.00000000e-01  9.00445953e-01 
 8.94080000e-08  9.00000000e-01  9.00445953e-01 
 9.05080000e-08  9.00000000e-01  9.00445953e-01 
 9.16080000e-08  9.00000000e-01  9.00445953e-01 
 9.27080000e-08  9.00000000e-01  9.00445953e-01 
 9.38080000e-08  9.00000000e-01  9.00445953e-01 
 9.49080000e-08  9.00000000e-01  9.00445953e-01 
 9.60080000e-08  9.00000000e-01  9.00445953e-01 
 9.71080000e-08  9.00000000e-01  9.00445953e-01 
 9.82080000e-08  9.00000000e-01  9.00445953e-01 
 9.93080000e-08  9.00000000e-01  9.00445953e-01 
 1.00000000e-07  9.00000000e-01  9.00445953e-01 
 1.00001000e-07  9.30000000e-01  9.00491109e-01 
 1.00003000e-07  9.90000000e-01  9.00589576e-01 
 1.00007000e-07  1.11000000e+00  9.00791817e-01 
 1.00010000e-07  1.20000000e+00  9.00945670e-01 
 1.00010800e-07  1.20000000e+00  9.00944010e-01 
 1.00012400e-07  1.20000000e+00  9.00940701e-01 
 1.00015600e-07  1.20000000e+00  9.00934151e-01 
 1.00022000e-07  1.20000000e+00  9.00921320e-01 
 1.00034800e-07  1.20000000e+00  9.00896677e-01 
 1.00060400e-07  1.20000000e+00  9.00851104e-01 
 1.00111600e-07  1.20000000e+00  9.00772430e-01 
 1.00214000e-07  1.20000000e+00  9.00651592e-01 
 1.00418800e-07  1.20000000e+00  9.00496451e-01 
 1.00828400e-07  1.20000000e+00  9.00339503e-01 
 1.01647600e-07  1.20000000e+00  9.00213942e-01 
 1.02747600e-07  1.20000000e+00  9.00140095e-01 
 1.03847600e-07  1.20000000e+00  9.00083772e-01 
 1.04947600e-07  1.20000000e+00  9.00030675e-01 
 1.06047600e-07  1.20000000e+00  8.99979840e-01 
 1.07147600e-07  1.20000000e+00  8.99931775e-01 
 1.08247600e-07  1.20000000e+00  8.99887112e-01 
 1.09347600e-07  1.20000000e+00  8.99846448e-01 
 1.10447600e-07  1.20000000e+00  8.99810321e-01 
 1.11547600e-07  1.20000000e+00  8.99779209e-01 
 1.12647600e-07  1.20000000e+00  8.99753539e-01 
 1.13747600e-07  1.20000000e+00  8.99733688e-01 
 1.14847600e-07  1.20000000e+00  8.99719989e-01 
 1.15947600e-07  1.20000000e+00  8.99712737e-01 
 1.17047600e-07  1.20000000e+00  8.99712191e-01 
 1.18147600e-07  1.20000000e+00  8.99718575e-01 
 1.19247600e-07  1.20000000e+00  8.99732084e-01 
 1.20347600e-07  1.20000000e+00  8.99752887e-01 
 1.21447600e-07  1.20000000e+00  8.99781128e-01 
 1.22547600e-07  1.20000000e+00  8.99816926e-01 
 1.23647600e-07  1.20000000e+00  8.99860382e-01 
 1.24747600e-07  1.20000000e+00  8.99911576e-01 
 1.25847600e-07  1.20000000e+00  8.99970572e-01 
 1.26947600e-07  1.20000000e+00  9.00037418e-01 
 1.28047600e-07  1.20000000e+00  9.00112147e-01 
 1.29147600e-07  1.20000000e+00  9.00194779e-01 
 1.30247600e-07  1.20000000e+00  9.00285322e-01 
 1.31347600e-07  1.20000000e+00  9.00383773e-01 
 1.32447600e-07  1.20000000e+00  9.00490118e-01 
 1.33547600e-07  1.20000000e+00  9.00604335e-01 
 1.34647600e-07  1.20000000e+00  9.00726392e-01 
 1.35747600e-07  1.20000000e+00  9.00856251e-01 
 1.36847600e-07  1.20000000e+00  9.00993867e-01 
 1.37947600e-07  1.20000000e+00  9.01139186e-01 
 1.39047600e-07  1.20000000e+00  9.01292152e-01 
 1.40147600e-07  1.20000000e+00  9.01452701e-01 
 1.41247600e-07  1.20000000e+00  9.01620766e-01 
 1.42347600e-07  1.20000000e+00  9.01796274e-01 
 1.43447600e-07  1.20000000e+00  9.01979149e-01 
 1.44547600e-07  1.20000000e+00  9.02169312e-01 
 1.45647600e-07  1.20000000e+00  9.02366681e-01 
 1.46747600e-07  1.20000000e+00  9.02571171e-01 
 1.47847600e-07  1.20000000e+00  9.02782694e-01 
 1.48947600e-07  1.20000000e+00  9.03001160e-01 
 1.50047600e-07  1.20000000e+00  9.03226478e-01 
 1.51147600e-07  1.20000000e+00  9.03458555e-01 
 1.52247600e-07  1.20000000e+00  9.03697297e-01 
 1.53347600e-07  1.20000000e+00  9.03942607e-01 
 1.54447600e-07  1.20000000e+00  9.04194391e-01 
 1.55547600e-07  1.20000000e+00  9.04452550e-01 
 1.56647600e-07  1.20000000e+00  9.04716988e-01 
 1.57747600e-07  1.20000000e+00  9.04987605e-01 
 1.58847600e-07  1.20000000e+00  9.05264304e-01 
 1.59947600e-07  1.20000000e+00  9.05546986e-01 
 1.61047600e-07  1.20000000e+00  9.05835554e-01 
 1.62147600e-07  1.20000000e+00  9.06129908e-01 
 1.63247600e-07  1.20000000e+00  9.06429950e-01 
 1.64347600e-07  1.20000000e+00  9.06735584e-01 
 1.65447600e-07  1.20000000e+00  9.07046712e-01 
 1.66547600e-07  1.20000000e+00  9.07363236e-01 
 1.67647600e-07  1.20000000e+00  9.07685063e-01 
 1.68747600e-07  1.20000000e+00  9.08012095e-01 
 1.69847600e-07  1.20000000e+00  9.08344238e-01 
 1.70947600e-07  1.20000000e+00  9.08681399e-01 
 1.72047600e-07  1.20000000e+00  9.09023484e-01 
 1.73147600e-07  1.20000000e+00  9.09370402e-01 
 1.74247600e-07  1.20000000e+00  9.09722061e-01 
 1.75347600e-07  1.20000000e+00  9.10078371e-01 
 1.76447600e-07  1.20000000e+00  9.10439244e-01 
 1.77547600e-07  1.20000000e+00  9.10804591e-01 
 1.78647600e-07  1.20000000e+00  9.11174325e-01 
 1.79747600e-07  1.20000000e+00  9.11548361e-01 
 1.80847600e-07  1.20000000e+00  9.11926613e-01 
 1.81947600e-07  1.20000000e+00  9.12308999e-01 
 1.83047600e-07  1.20000000e+00  9.12695436e-01 
 1.84147600e-07  1.20000000e+00  9.13085842e-01 
 1.85247600e-07  1.20000000e+00  9.13480139e-01 
 1.86347600e-07  1.20000000e+00  9.13878246e-01 
 1.87447600e-07  1.20000000e+00  9.14280087e-01 
 1.88547600e-07  1.20000000e+00  9.14685585e-01 
 1.89647600e-07  1.20000000e+00  9.15094665e-01 
 1.90747600e-07  1.20000000e+00  9.15507253e-01 
 1.91847600e-07  1.20000000e+00  9.15923276e-01 
 1.92947600e-07  1.20000000e+00  9.16342664e-01 
 1.94047600e-07  1.20000000e+00  9.16765345e-01 
 1.95147600e-07  1.20000000e+00  9.17191251e-01 
 1.96247600e-07  1.20000000e+00  9.17620313e-01 
 1.97347600e-07  1.20000000e+00  9.18052466e-01 
 1.98447600e-07  1.20000000e+00  9.18487644e-01 
 1.99547600e-07  1.20000000e+00  9.18925782e-01 
 2.00647600e-07  1.20000000e+00  9.19366818e-01 
 2.01747600e-07  1.20000000e+00  9.19810689e-01 
 2.02847600e-07  1.20000000e+00  9.20257335e-01 
 2.03947600e-07  1.20000000e+00  9.20706696e-01 
 2.05047600e-07  1.20000000e+00  9.21158713e-01 
 2.06147600e-07  1.20000000e+00  9.21613330e-01 
 2.07247600e-07  1.20000000e+00  9.22070491e-01 
 2.08347600e-07  1.20000000e+00  9.22530139e-01 
 2.09447600e-07  1.20000000e+00  9.22992220e-01 
 2.10547600e-07  1.20000000e+00  9.23456683e-01 
 2.11647600e-07  1.20000000e+00  9.23923475e-01 
 2.12747600e-07  1.20000000e+00  9.24392544e-01 
 2.13847600e-07  1.20000000e+00  9.24863842e-01 
 2.14947600e-07  1.20000000e+00  9.25337318e-01 
 2.16047600e-07  1.20000000e+00  9.25812926e-01 
 2.17147600e-07  1.20000000e+00  9.26290619e-01 
 2.18247600e-07  1.20000000e+00  9.26770349e-01 
 2.19347600e-07  1.20000000e+00  9.27252074e-01 
 2.20447600e-07  1.20000000e+00  9.27735747e-01 
 2.21547600e-07  1.20000000e+00  9.28221327e-01 
 2.22647600e-07  1.20000000e+00  9.28708771e-01 
 2.23747600e-07  1.20000000e+00  9.29198038e-01 
 2.24847600e-07  1.20000000e+00  9.29689087e-01 
 2.25947600e-07  1.20000000e+00  9.30181879e-01 
 2.27047600e-07  1.20000000e+00  9.30676374e-01 
 2.28147600e-07  1.20000000e+00  9.31172535e-01 
 2.29247600e-07  1.20000000e+00  9.31670326e-01 
 2.30347600e-07  1.20000000e+00  9.32169709e-01 
 2.31447600e-07  1.20000000e+00  9.32670648e-01 
 2.32547600e-07  1.20000000e+00  9.33173110e-01 
 2.33647600e-07  1.20000000e+00  9.33677061e-01 
 2.34747600e-07  1.20000000e+00  9.34182466e-01 
 2.35847600e-07  1.20000000e+00  9.34689294e-01 
 2.36947600e-07  1.20000000e+00  9.35197512e-01 
 2.38047600e-07  1.20000000e+00  9.35707090e-01 
 2.39147600e-07  1.20000000e+00  9.36217996e-01 
 2.40247600e-07  1.20000000e+00  9.36730203e-01 
 2.41347600e-07  1.20000000e+00  9.37243679e-01 
 2.42447600e-07  1.20000000e+00  9.37758397e-01 
 2.43547600e-07  1.20000000e+00  9.38274329e-01 
 2.44647600e-07  1.20000000e+00  9.38791448e-01 
 2.45747600e-07  1.20000000e+00  9.39309727e-01 
 2.46847600e-07  1.20000000e+00  9.39829140e-01 
 2.47947600e-07  1.20000000e+00  9.40349661e-01 
 2.49047600e-07  1.20000000e+00  9.40871267e-01 
 2.50147600e-07  1.20000000e+00  9.41393932e-01 
 2.51247600e-07  1.20000000e+00  9.41917633e-01 
 2.52347600e-07  1.20000000e+00  9.42442347e-01 
 2.53447600e-07  1.20000000e+00  9.42968050e-01 
 2.54547600e-07  1.20000000e+00  9.43494721e-01 
 2.55647600e-07  1.20000000e+00  9.44022339e-01 
 2.56747600e-07  1.20000000e+00  9.44550881e-01 
 2.57847600e-07  1.20000000e+00  9.45080327e-01 
 2.58947600e-07  1.20000000e+00  9.45610658e-01 
 2.60047600e-07  1.20000000e+00  9.46141853e-01 
 2.61147600e-07  1.20000000e+00  9.46673892e-01 
 2.62247600e-07  1.20000000e+00  9.47206758e-01 
 2.63347600e-07  1.20000000e+00  9.47740431e-01 
 2.64447600e-07  1.20000000e+00  9.48274894e-01 
 2.65547600e-07  1.20000000e+00  9.48810129e-01 
 2.66647600e-07  1.20000000e+00  9.49346118e-01 
 2.67747600e-07  1.20000000e+00  9.49882846e-01 
 2.68847600e-07  1.20000000e+00  9.50420295e-01 
 2.69947600e-07  1.20000000e+00  9.50958449e-01 
 2.71047600e-07  1.20000000e+00  9.51497293e-01 
 2.72147600e-07  1.20000000e+00  9.52036811e-01 
 2.73247600e-07  1.20000000e+00  9.52576989e-01 
 2.74347600e-07  1.20000000e+00  9.53117812e-01 
 2.75447600e-07  1.20000000e+00  9.53659265e-01 
 2.76547600e-07  1.20000000e+00  9.54201335e-01 
 2.77647600e-07  1.20000000e+00  9.54744007e-01 
 2.78747600e-07  1.20000000e+00  9.55287269e-01 
 2.79847600e-07  1.20000000e+00  9.55831108e-01 
 2.80947600e-07  1.20000000e+00  9.56375510e-01 
 2.82047600e-07  1.20000000e+00  9.56920463e-01 
 2.83147600e-07  1.20000000e+00  9.57465956e-01 
 2.84247600e-07  1.20000000e+00  9.58011975e-01 
 2.85347600e-07  1.20000000e+00  9.58558511e-01 
 2.86447600e-07  1.20000000e+00  9.59105551e-01 
 2.87547600e-07  1.20000000e+00  9.59653083e-01 
 2.88647600e-07  1.20000000e+00  9.60201099e-01 
 2.89747600e-07  1.20000000e+00  9.60749586e-01 
 2.90847600e-07  1.20000000e+00  9.61298534e-01 
 2.91947600e-07  1.20000000e+00  9.61847934e-01 
 2.93047600e-07  1.20000000e+00  9.62397775e-01 
 2.94147600e-07  1.20000000e+00  9.62948048e-01 
 2.95247600e-07  1.20000000e+00  9.63498743e-01 
 2.96347600e-07  1.20000000e+00  9.64049852e-01 
 2.97447600e-07  1.20000000e+00  9.64601365e-01 
 2.98547600e-07  1.20000000e+00  9.65153273e-01 
 2.99647600e-07  1.20000000e+00  9.65705567e-01 
 3.00747600e-07  1.20000000e+00  9.66258241e-01 
 3.01847600e-07  1.20000000e+00  9.66811284e-01 
 3.02947600e-07  1.20000000e+00  9.67364689e-01 
 3.04047600e-07  1.20000000e+00  9.67918449e-01 
 3.05147600e-07  1.20000000e+00  9.68472555e-01 
 3.06247600e-07  1.20000000e+00  9.69027000e-01 
 3.07347600e-07  1.20000000e+00  9.69581777e-01 
 3.08447600e-07  1.20000000e+00  9.70136878e-01 
 3.09547600e-07  1.20000000e+00  9.70692297e-01 
 3.10647600e-07  1.20000000e+00  9.71248027e-01 
 3.11747600e-07  1.20000000e+00  9.71804061e-01 
 3.12847600e-07  1.20000000e+00  9.72360392e-01 
 3.13947600e-07  1.20000000e+00  9.72917015e-01 
 3.15047600e-07  1.20000000e+00  9.73473922e-01 
 3.16147600e-07  1.20000000e+00  9.74031108e-01 
 3.17247600e-07  1.20000000e+00  9.74588567e-01 
 3.18347600e-07  1.20000000e+00  9.75146292e-01 
 3.19447600e-07  1.20000000e+00  9.75704279e-01 
 3.20547600e-07  1.20000000e+00  9.76262521e-01 
 3.21647600e-07  1.20000000e+00  9.76821014e-01 
 3.22747600e-07  1.20000000e+00  9.77379751e-01 
 3.23847600e-07  1.20000000e+00  9.77938728e-01 
 3.24947600e-07  1.20000000e+00  9.78497939e-01 
 3.26047600e-07  1.20000000e+00  9.79057380e-01 
 3.27147600e-07  1.20000000e+00  9.79617045e-01 
 3.28247600e-07  1.20000000e+00  9.80176929e-01 
 3.29347600e-07  1.20000000e+00  9.80737029e-01 
 3.30447600e-07  1.20000000e+00  9.81297340e-01 
 3.31547600e-07  1.20000000e+00  9.81857856e-01 
 3.32647600e-07  1.20000000e+00  9.82418574e-01 
 3.33747600e-07  1.20000000e+00  9.82979489e-01 
 3.34847600e-07  1.20000000e+00  9.83540597e-01 
 3.35947600e-07  1.20000000e+00  9.84101894e-01 
 3.37047600e-07  1.20000000e+00  9.84663376e-01 
 3.38147600e-07  1.20000000e+00  9.85225039e-01 
 3.39247600e-07  1.20000000e+00  9.85786879e-01 
 3.40347600e-07  1.20000000e+00  9.86348892e-01 
 3.41447600e-07  1.20000000e+00  9.86911075e-01 
 3.42547600e-07  1.20000000e+00  9.87473424e-01 
 3.43647600e-07  1.20000000e+00  9.88035936e-01 
 3.44747600e-07  1.20000000e+00  9.88598606e-01 
 3.45847600e-07  1.20000000e+00  9.89161432e-01 
 3.46947600e-07  1.20000000e+00  9.89724411e-01 
 3.48047600e-07  1.20000000e+00  9.90287538e-01 
 3.49147600e-07  1.20000000e+00  9.90850811e-01 
 3.50247600e-07  1.20000000e+00  9.91414226e-01 
 3.51347600e-07  1.20000000e+00  9.91977781e-01 
 3.52447600e-07  1.20000000e+00  9.92541473e-01 
 3.53547600e-07  1.20000000e+00  9.93105298e-01 
 3.54647600e-07  1.20000000e+00  9.93669254e-01 
 3.55747600e-07  1.20000000e+00  9.94233338e-01 
 3.56847600e-07  1.20000000e+00  9.94797546e-01 
 3.57947600e-07  1.20000000e+00  9.95361877e-01 
 3.59047600e-07  1.20000000e+00  9.95926328e-01 
 3.60147600e-07  1.20000000e+00  9.96490895e-01 
 3.61247600e-07  1.20000000e+00  9.97055577e-01 
 3.62347600e-07  1.20000000e+00  9.97620371e-01 
 3.63447600e-07  1.20000000e+00  9.98185274e-01 
 3.64547600e-07  1.20000000e+00  9.98750284e-01 
 3.65647600e-07  1.20000000e+00  9.99315399e-01 
 3.66747600e-07  1.20000000e+00  9.99880616e-01 
 3.67847600e-07  1.20000000e+00  1.00044593e+00 
 3.68947600e-07  1.20000000e+00  1.00101135e+00 
 3.70047600e-07  1.20000000e+00  1.00157686e+00 
 3.71147600e-07  1.20000000e+00  1.00214246e+00 
 3.72247600e-07  1.20000000e+00  1.00270815e+00 
 3.73347600e-07  1.20000000e+00  1.00327394e+00 
 3.74447600e-07  1.20000000e+00  1.00383981e+00 
 3.75547600e-07  1.20000000e+00  1.00440576e+00 
 3.76647600e-07  1.20000000e+00  1.00497180e+00 
 3.77747600e-07  1.20000000e+00  1.00553792e+00 
 3.78847600e-07  1.20000000e+00  1.00610411e+00 
 3.79947600e-07  1.20000000e+00  1.00667039e+00 
 3.81047600e-07  1.20000000e+00  1.00723673e+00 
 3.82147600e-07  1.20000000e+00  1.00780316e+00 
 3.83247600e-07  1.20000000e+00  1.00836965e+00 
 3.84347600e-07  1.20000000e+00  1.00893621e+00 
 3.85447600e-07  1.20000000e+00  1.00950284e+00 
 3.86547600e-07  1.20000000e+00  1.01006954e+00 
 3.87647600e-07  1.20000000e+00  1.01063630e+00 
 3.88747600e-07  1.20000000e+00  1.01120312e+00 
 3.89847600e-07  1.20000000e+00  1.01177001e+00 
 3.90947600e-07  1.20000000e+00  1.01233695e+00 
 3.92047600e-07  1.20000000e+00  1.01290395e+00 
 3.93147600e-07  1.20000000e+00  1.01347101e+00 
 3.94247600e-07  1.20000000e+00  1.01403812e+00 
 3.95347600e-07  1.20000000e+00  1.01460529e+00 
 3.96447600e-07  1.20000000e+00  1.01517250e+00 
 3.97547600e-07  1.20000000e+00  1.01573977e+00 
 3.98647600e-07  1.20000000e+00  1.01630708e+00 
 3.99747600e-07  1.20000000e+00  1.01687444e+00 
 4.00847600e-07  1.20000000e+00  1.01744185e+00 
 4.01947600e-07  1.20000000e+00  1.01800930e+00 
 4.03047600e-07  1.20000000e+00  1.01857679e+00 
 4.04147600e-07  1.20000000e+00  1.01914432e+00 
 4.05247600e-07  1.20000000e+00  1.01971189e+00 
 4.06347600e-07  1.20000000e+00  1.02027950e+00 
 4.07447600e-07  1.20000000e+00  1.02084715e+00 
 4.08547600e-07  1.20000000e+00  1.02141483e+00 
 4.09647600e-07  1.20000000e+00  1.02198255e+00 
 4.10747600e-07  1.20000000e+00  1.02255029e+00 
 4.11847600e-07  1.20000000e+00  1.02311807e+00 
 4.12947600e-07  1.20000000e+00  1.02368588e+00 
 4.14047600e-07  1.20000000e+00  1.02425372e+00 
 4.15147600e-07  1.20000000e+00  1.02482158e+00 
 4.16247600e-07  1.20000000e+00  1.02538948e+00 
 4.17347600e-07  1.20000000e+00  1.02595739e+00 
 4.18447600e-07  1.20000000e+00  1.02652533e+00 
 4.19547600e-07  1.20000000e+00  1.02709329e+00 
 4.20647600e-07  1.20000000e+00  1.02766127e+00 
 4.21747600e-07  1.20000000e+00  1.02822927e+00 
 4.22847600e-07  1.20000000e+00  1.02879729e+00 
 4.23947600e-07  1.20000000e+00  1.02936532e+00 
 4.25047600e-07  1.20000000e+00  1.02993338e+00 
 4.26147600e-07  1.20000000e+00  1.03050144e+00 
 4.27247600e-07  1.20000000e+00  1.03106952e+00 
 4.28347600e-07  1.20000000e+00  1.03163761e+00 
 4.29447600e-07  1.20000000e+00  1.03220571e+00 
 4.30547600e-07  1.20000000e+00  1.03277382e+00 
 4.31647600e-07  1.20000000e+00  1.03334194e+00 
 4.32747600e-07  1.20000000e+00  1.03391006e+00 
 4.33847600e-07  1.20000000e+00  1.03447819e+00 
 4.34947600e-07  1.20000000e+00  1.03504633e+00 
 4.36047600e-07  1.20000000e+00  1.03561447e+00 
 4.37147600e-07  1.20000000e+00  1.03618261e+00 
 4.38247600e-07  1.20000000e+00  1.03675075e+00 
 4.39347600e-07  1.20000000e+00  1.03731889e+00 
 4.40447600e-07  1.20000000e+00  1.03788702e+00 
 4.41547600e-07  1.20000000e+00  1.03845516e+00 
 4.42647600e-07  1.20000000e+00  1.03902329e+00 
 4.43747600e-07  1.20000000e+00  1.03959141e+00 
 4.44847600e-07  1.20000000e+00  1.04015953e+00 
 4.45947600e-07  1.20000000e+00  1.04072764e+00 
 4.47047600e-07  1.20000000e+00  1.04129574e+00 
 4.48147600e-07  1.20000000e+00  1.04186383e+00 
 4.49247600e-07  1.20000000e+00  1.04243191e+00 
 4.50347600e-07  1.20000000e+00  1.04299997e+00 
 4.51447600e-07  1.20000000e+00  1.04356802e+00 
 4.52547600e-07  1.20000000e+00  1.04413606e+00 
 4.53647600e-07  1.20000000e+00  1.04470407e+00 
 4.54747600e-07  1.20000000e+00  1.04527207e+00 
 4.55847600e-07  1.20000000e+00  1.04584005e+00 
 4.56947600e-07  1.20000000e+00  1.04640801e+00 
 4.58047600e-07  1.20000000e+00  1.04697595e+00 
 4.59147600e-07  1.20000000e+00  1.04754386e+00 
 4.60247600e-07  1.20000000e+00  1.04811175e+00 
 4.61347600e-07  1.20000000e+00  1.04867961e+00 
 4.62447600e-07  1.20000000e+00  1.04924744e+00 
 4.63547600e-07  1.20000000e+00  1.04981524e+00 
 4.64647600e-07  1.20000000e+00  1.05038302e+00 
 4.65747600e-07  1.20000000e+00  1.05095076e+00 
 4.66847600e-07  1.20000000e+00  1.05151847e+00 
 4.67947600e-07  1.20000000e+00  1.05208614e+00 
 4.69047600e-07  1.20000000e+00  1.05265378e+00 
 4.70147600e-07  1.20000000e+00  1.05322138e+00 
 4.71247600e-07  1.20000000e+00  1.05378894e+00 
 4.72347600e-07  1.20000000e+00  1.05435646e+00 
 4.73447600e-07  1.20000000e+00  1.05492394e+00 
 4.74547600e-07  1.20000000e+00  1.05549138e+00 
 4.75647600e-07  1.20000000e+00  1.05605877e+00 
 4.76747600e-07  1.20000000e+00  1.05662611e+00 
 4.77847600e-07  1.20000000e+00  1.05719341e+00 
 4.78947600e-07  1.20000000e+00  1.05776066e+00 
 4.80047600e-07  1.20000000e+00  1.05832785e+00 
 4.81147600e-07  1.20000000e+00  1.05889500e+00 
 4.82247600e-07  1.20000000e+00  1.05946209e+00 
 4.83347600e-07  1.20000000e+00  1.06002912e+00 
 4.84447600e-07  1.20000000e+00  1.06059610e+00 
 4.85547600e-07  1.20000000e+00  1.06116301e+00 
 4.86647600e-07  1.20000000e+00  1.06172987e+00 
 4.87747600e-07  1.20000000e+00  1.06229667e+00 
 4.88847600e-07  1.20000000e+00  1.06286339e+00 
 4.89947600e-07  1.20000000e+00  1.06343006e+00 
 4.91047600e-07  1.20000000e+00  1.06399665e+00 
 4.92147600e-07  1.20000000e+00  1.06456318e+00 
 4.93247600e-07  1.20000000e+00  1.06512964e+00 
 4.94347600e-07  1.20000000e+00  1.06569602e+00 
 4.95447600e-07  1.20000000e+00  1.06626233e+00 
 4.96547600e-07  1.20000000e+00  1.06682856e+00 
 4.97647600e-07  1.20000000e+00  1.06739471e+00 
 4.98747600e-07  1.20000000e+00  1.06796078e+00 
 4.99847600e-07  1.20000000e+00  1.06852677e+00 
 5.00947600e-07  1.20000000e+00  1.06909267e+00 
 5.02047600e-07  1.20000000e+00  1.06965849e+00 
 5.03147600e-07  1.20000000e+00  1.07022422e+00 
 5.04247600e-07  1.20000000e+00  1.07078986e+00 
 5.05347600e-07  1.20000000e+00  1.07135540e+00 
 5.06447600e-07  1.20000000e+00  1.07192085e+00 
 5.07547600e-07  1.20000000e+00  1.07248621e+00 
 5.08647600e-07  1.20000000e+00  1.07305146e+00 
 5.09747600e-07  1.20000000e+00  1.07361662e+00 
 5.10847600e-07  1.20000000e+00  1.07418167e+00 
 5.11947600e-07  1.20000000e+00  1.07474661e+00 
 5.13047600e-07  1.20000000e+00  1.07531145e+00 
 5.14147600e-07  1.20000000e+00  1.07587617e+00 
 5.15247600e-07  1.20000000e+00  1.07644079e+00 
 5.16347600e-07  1.20000000e+00  1.07700528e+00 
 5.17447600e-07  1.20000000e+00  1.07756966e+00 
 5.18547600e-07  1.20000000e+00  1.07813392e+00 
 5.19647600e-07  1.20000000e+00  1.07869806e+00 
 5.20747600e-07  1.20000000e+00  1.07926207e+00 
 5.21847600e-07  1.20000000e+00  1.07982595e+00 
 5.22947600e-07  1.20000000e+00  1.08038971e+00 
 5.24047600e-07  1.20000000e+00  1.08095332e+00 
 5.25147600e-07  1.20000000e+00  1.08151681e+00 
 5.26247600e-07  1.20000000e+00  1.08208015e+00 
 5.27347600e-07  1.20000000e+00  1.08264336e+00 
 5.28447600e-07  1.20000000e+00  1.08320641e+00 
 5.29547600e-07  1.20000000e+00  1.08376933e+00 
 5.30647600e-07  1.20000000e+00  1.08433209e+00 
 5.31747600e-07  1.20000000e+00  1.08489469e+00 
 5.32847600e-07  1.20000000e+00  1.08545714e+00 
 5.33947600e-07  1.20000000e+00  1.08601944e+00 
 5.35047600e-07  1.20000000e+00  1.08658156e+00 
 5.36147600e-07  1.20000000e+00  1.08714353e+00 
 5.37247600e-07  1.20000000e+00  1.08770532e+00 
 5.38347600e-07  1.20000000e+00  1.08826694e+00 
 5.39447600e-07  1.20000000e+00  1.08882838e+00 
 5.40547600e-07  1.20000000e+00  1.08938965e+00 
 5.41647600e-07  1.20000000e+00  1.08995073e+00 
 5.42747600e-07  1.20000000e+00  1.09051163e+00 
 5.43847600e-07  1.20000000e+00  1.09107233e+00 
 5.44947600e-07  1.20000000e+00  1.09163284e+00 
 5.46047600e-07  1.20000000e+00  1.09219315e+00 
 5.47147600e-07  1.20000000e+00  1.09275327e+00 
 5.48247600e-07  1.20000000e+00  1.09331317e+00 
 5.49347600e-07  1.20000000e+00  1.09387287e+00 
 5.50447600e-07  1.20000000e+00  1.09443235e+00 
 5.51547600e-07  1.20000000e+00  1.09499161e+00 
 5.52647600e-07  1.20000000e+00  1.09555066e+00 
 5.53747600e-07  1.20000000e+00  1.09610947e+00 
 5.54847600e-07  1.20000000e+00  1.09666806e+00 
 5.55947600e-07  1.20000000e+00  1.09722641e+00 
 5.57047600e-07  1.20000000e+00  1.09778452e+00 
 5.58147600e-07  1.20000000e+00  1.09834239e+00 
 5.59247600e-07  1.20000000e+00  1.09890001e+00 
 5.60347600e-07  1.20000000e+00  1.09945737e+00 
 5.61447600e-07  1.20000000e+00  1.10001448e+00 
 5.62547600e-07  1.20000000e+00  1.10057132e+00 
 5.63647600e-07  1.20000000e+00  1.10112790e+00 
 5.64747600e-07  1.20000000e+00  1.10168420e+00 
 5.65847600e-07  1.20000000e+00  1.10224022e+00 
 5.66947600e-07  1.20000000e+00  1.10279596e+00 
 5.68047600e-07  1.20000000e+00  1.10335140e+00 
 5.69147600e-07  1.20000000e+00  1.10390656e+00 
 5.70247600e-07  1.20000000e+00  1.10446141e+00 
 5.71347600e-07  1.20000000e+00  1.10501595e+00 
 5.72447600e-07  1.20000000e+00  1.10557019e+00 
 5.73547600e-07  1.20000000e+00  1.10612410e+00 
 5.74647600e-07  1.20000000e+00  1.10667769e+00 
 5.75747600e-07  1.20000000e+00  1.10723095e+00 
 5.76847600e-07  1.20000000e+00  1.10778387e+00 
 5.77947600e-07  1.20000000e+00  1.10833645e+00 
 5.79047600e-07  1.20000000e+00  1.10888868e+00 
 5.80147600e-07  1.20000000e+00  1.10944055e+00 
 5.81247600e-07  1.20000000e+00  1.10999206e+00 
 5.82347600e-07  1.20000000e+00  1.11054320e+00 
 5.83447600e-07  1.20000000e+00  1.11109396e+00 
 5.84547600e-07  1.20000000e+00  1.11164434e+00 
 5.85647600e-07  1.20000000e+00  1.11219433e+00 
 5.86747600e-07  1.20000000e+00  1.11274391e+00 
 5.87847600e-07  1.20000000e+00  1.11329309e+00 
 5.88947600e-07  1.20000000e+00  1.11384186e+00 
 5.90047600e-07  1.20000000e+00  1.11439020e+00 
 5.91147600e-07  1.20000000e+00  1.11493812e+00 
 5.92247600e-07  1.20000000e+00  1.11548559e+00 
 5.93347600e-07  1.20000000e+00  1.11603262e+00 
 5.94447600e-07  1.20000000e+00  1.11657920e+00 
 5.95547600e-07  1.20000000e+00  1.11712531e+00 
 5.96647600e-07  1.20000000e+00  1.11767095e+00 
 5.97747600e-07  1.20000000e+00  1.11821611e+00 
 5.98847600e-07  1.20000000e+00  1.11876078e+00 
 5.99947600e-07  1.20000000e+00  1.11930495e+00 
 6.01047600e-07  1.20000000e+00  1.11984861e+00 
 6.02147600e-07  1.20000000e+00  1.12039176e+00 
 6.03247600e-07  1.20000000e+00  1.12093437e+00 
 6.04347600e-07  1.20000000e+00  1.12147645e+00 
 6.05447600e-07  1.20000000e+00  1.12201798e+00 
 6.06547600e-07  1.20000000e+00  1.12255896e+00 
 6.07647600e-07  1.20000000e+00  1.12309937e+00 
 6.08747600e-07  1.20000000e+00  1.12363919e+00 
 6.09847600e-07  1.20000000e+00  1.12417844e+00 
 6.10947600e-07  1.20000000e+00  1.12471708e+00 
 6.12047600e-07  1.20000000e+00  1.12525511e+00 
 6.13147600e-07  1.20000000e+00  1.12579252e+00 
 6.14247600e-07  1.20000000e+00  1.12632930e+00 
 6.15347600e-07  1.20000000e+00  1.12686543e+00 
 6.16447600e-07  1.20000000e+00  1.12740091e+00 
 6.17547600e-07  1.20000000e+00  1.12793572e+00 
 6.18647600e-07  1.20000000e+00  1.12846985e+00 
 6.19747600e-07  1.20000000e+00  1.12900329e+00 
 6.20847600e-07  1.20000000e+00  1.12953603e+00 
 6.21947600e-07  1.20000000e+00  1.13006805e+00 
 6.23047600e-07  1.20000000e+00  1.13059934e+00 
 6.24147600e-07  1.20000000e+00  1.13112989e+00 
 6.25247600e-07  1.20000000e+00  1.13165968e+00 
 6.26347600e-07  1.20000000e+00  1.13218870e+00 
 6.27447600e-07  1.20000000e+00  1.13271695e+00 
 6.28547600e-07  1.20000000e+00  1.13324439e+00 
 6.29647600e-07  1.20000000e+00  1.13377103e+00 
 6.30747600e-07  1.20000000e+00  1.13429685e+00 
 6.31847600e-07  1.20000000e+00  1.13482182e+00 
 6.32947600e-07  1.20000000e+00  1.13534595e+00 
 6.34047600e-07  1.20000000e+00  1.13586921e+00 
 6.35147600e-07  1.20000000e+00  1.13639158e+00 
 6.36247600e-07  1.20000000e+00  1.13691306e+00 
 6.37347600e-07  1.20000000e+00  1.13743363e+00 
 6.38447600e-07  1.20000000e+00  1.13795327e+00 
 6.39547600e-07  1.20000000e+00  1.13847197e+00 
 6.40647600e-07  1.20000000e+00  1.13898971e+00 
 6.41747600e-07  1.20000000e+00  1.13950648e+00 
 6.42847600e-07  1.20000000e+00  1.14002226e+00 
 6.43947600e-07  1.20000000e+00  1.14053703e+00 
 6.45047600e-07  1.20000000e+00  1.14105078e+00 
 6.46147600e-07  1.20000000e+00  1.14156349e+00 
 6.47247600e-07  1.20000000e+00  1.14207515e+00 
 6.48347600e-07  1.20000000e+00  1.14258573e+00 
 6.49447600e-07  1.20000000e+00  1.14309522e+00 
 6.50547600e-07  1.20000000e+00  1.14360361e+00 
 6.51647600e-07  1.20000000e+00  1.14411087e+00 
 6.52747600e-07  1.20000000e+00  1.14461699e+00 
 6.53847600e-07  1.20000000e+00  1.14512195e+00 
 6.54947600e-07  1.20000000e+00  1.14562573e+00 
 6.56047600e-07  1.20000000e+00  1.14612831e+00 
 6.57147600e-07  1.20000000e+00  1.14662969e+00 
 6.58247600e-07  1.20000000e+00  1.14712983e+00 
 6.59347600e-07  1.20000000e+00  1.14762872e+00 
 6.60447600e-07  1.20000000e+00  1.14812634e+00 
 6.61547600e-07  1.20000000e+00  1.14862267e+00 
 6.62647600e-07  1.20000000e+00  1.14911770e+00 
 6.63747600e-07  1.20000000e+00  1.14961141e+00 
 6.64847600e-07  1.20000000e+00  1.15010376e+00 
 6.65947600e-07  1.20000000e+00  1.15059476e+00 
 6.67047600e-07  1.20000000e+00  1.15108437e+00 
 6.68147600e-07  1.20000000e+00  1.15157258e+00 
 6.69247600e-07  1.20000000e+00  1.15205937e+00 
 6.70347600e-07  1.20000000e+00  1.15254472e+00 
 6.71447600e-07  1.20000000e+00  1.15302860e+00 
 6.72547600e-07  1.20000000e+00  1.15351101e+00 
 6.73647600e-07  1.20000000e+00  1.15399191e+00 
 6.74747600e-07  1.20000000e+00  1.15447130e+00 
 6.75847600e-07  1.20000000e+00  1.15494914e+00 
 6.76947600e-07  1.20000000e+00  1.15542543e+00 
 6.78047600e-07  1.20000000e+00  1.15590013e+00 
 6.79147600e-07  1.20000000e+00  1.15637324e+00 
 6.80247600e-07  1.20000000e+00  1.15684473e+00 
 6.81347600e-07  1.20000000e+00  1.15731457e+00 
 6.82447600e-07  1.20000000e+00  1.15778275e+00 
 6.83547600e-07  1.20000000e+00  1.15824926e+00 
 6.84647600e-07  1.20000000e+00  1.15871406e+00 
 6.85747600e-07  1.20000000e+00  1.15917714e+00 
 6.86847600e-07  1.20000000e+00  1.15963849e+00 
 6.87947600e-07  1.20000000e+00  1.16009807e+00 
 6.89047600e-07  1.20000000e+00  1.16055587e+00 
 6.90147600e-07  1.20000000e+00  1.16101186e+00 
 6.91247600e-07  1.20000000e+00  1.16146604e+00 
 6.92347600e-07  1.20000000e+00  1.16191838e+00 
 6.93447600e-07  1.20000000e+00  1.16236885e+00 
 6.94547600e-07  1.20000000e+00  1.16281744e+00 
 6.95647600e-07  1.20000000e+00  1.16326413e+00 
 6.96747600e-07  1.20000000e+00  1.16370891e+00 
 6.97847600e-07  1.20000000e+00  1.16415174e+00 
 6.98947600e-07  1.20000000e+00  1.16459261e+00 
 7.00047600e-07  1.20000000e+00  1.16503150e+00 
 7.01147600e-07  1.20000000e+00  1.16546839e+00 
 7.02247600e-07  1.20000000e+00  1.16590327e+00 
 7.03347600e-07  1.20000000e+00  1.16633611e+00 
 7.04447600e-07  1.20000000e+00  1.16676689e+00 
 7.05547600e-07  1.20000000e+00  1.16719560e+00 
 7.06647600e-07  1.20000000e+00  1.16762221e+00 
 7.07747600e-07  1.20000000e+00  1.16804672e+00 
 7.08847600e-07  1.20000000e+00  1.16846909e+00 
 7.09947600e-07  1.20000000e+00  1.16888932e+00 
 7.11047600e-07  1.20000000e+00  1.16930738e+00 
 7.12147600e-07  1.20000000e+00  1.16972325e+00 
 7.13247600e-07  1.20000000e+00  1.17013693e+00 
 7.14347600e-07  1.20000000e+00  1.17054838e+00 
 7.15447600e-07  1.20000000e+00  1.17095760e+00 
 7.16547600e-07  1.20000000e+00  1.17136456e+00 
 7.17647600e-07  1.20000000e+00  1.17176925e+00 
 7.18747600e-07  1.20000000e+00  1.17217166e+00 
 7.19847600e-07  1.20000000e+00  1.17257176e+00 
 7.20947600e-07  1.20000000e+00  1.17296955e+00 
 7.22047600e-07  1.20000000e+00  1.17336500e+00 
 7.23147600e-07  1.20000000e+00  1.17375809e+00 
 7.24247600e-07  1.20000000e+00  1.17414883e+00 
 7.25347600e-07  1.20000000e+00  1.17453718e+00 
 7.26447600e-07  1.20000000e+00  1.17492313e+00 
 7.27547600e-07  1.20000000e+00  1.17530667e+00 
 7.28647600e-07  1.20000000e+00  1.17568779e+00 
 7.29747600e-07  1.20000000e+00  1.17606647e+00 
 7.30847600e-07  1.20000000e+00  1.17644270e+00 
 7.31947600e-07  1.20000000e+00  1.17681647e+00 
 7.33047600e-07  1.20000000e+00  1.17718775e+00 
 7.34147600e-07  1.20000000e+00  1.17755655e+00 
 7.35247600e-07  1.20000000e+00  1.17792284e+00 
 7.36347600e-07  1.20000000e+00  1.17828661e+00 
 7.37447600e-07  1.20000000e+00  1.17864786e+00 
 7.38547600e-07  1.20000000e+00  1.17900657e+00 
 7.39647600e-07  1.20000000e+00  1.17936273e+00 
 7.40747600e-07  1.20000000e+00  1.17971633e+00 
 7.41847600e-07  1.20000000e+00  1.18006736e+00 
 7.42947600e-07  1.20000000e+00  1.18041581e+00 
 7.44047600e-07  1.20000000e+00  1.18076167e+00 
 7.45147600e-07  1.20000000e+00  1.18110493e+00 
 7.46247600e-07  1.20000000e+00  1.18144559e+00 
 7.47347600e-07  1.20000000e+00  1.18178362e+00 
 7.48447600e-07  1.20000000e+00  1.18211903e+00 
 7.49547600e-07  1.20000000e+00  1.18245181e+00 
 7.50647600e-07  1.20000000e+00  1.18278195e+00 
 7.51747600e-07  1.20000000e+00  1.18310944e+00 
 7.52847600e-07  1.20000000e+00  1.18343427e+00 
 7.53947600e-07  1.20000000e+00  1.18375645e+00 
 7.55047600e-07  1.20000000e+00  1.18407596e+00 
 7.56147600e-07  1.20000000e+00  1.18439279e+00 
 7.57247600e-07  1.20000000e+00  1.18470695e+00 
 7.58347600e-07  1.20000000e+00  1.18501843e+00 
 7.59447600e-07  1.20000000e+00  1.18532722e+00 
 7.60547600e-07  1.20000000e+00  1.18563332e+00 
 7.61647600e-07  1.20000000e+00  1.18593672e+00 
 7.62747600e-07  1.20000000e+00  1.18623743e+00 
 7.63847600e-07  1.20000000e+00  1.18653543e+00 
 7.64947600e-07  1.20000000e+00  1.18683074e+00 
 7.66047600e-07  1.20000000e+00  1.18712333e+00 
 7.67147600e-07  1.20000000e+00  1.18741322e+00 
 7.68247600e-07  1.20000000e+00  1.18770040e+00 
 7.69347600e-07  1.20000000e+00  1.18798487e+00 
 7.70447600e-07  1.20000000e+00  1.18826663e+00 
 7.71547600e-07  1.20000000e+00  1.18854568e+00 
 7.72647600e-07  1.20000000e+00  1.18882201e+00 
 7.73747600e-07  1.20000000e+00  1.18909564e+00 
 7.74847600e-07  1.20000000e+00  1.18936655e+00 
 7.75947600e-07  1.20000000e+00  1.18963476e+00 
 7.77047600e-07  1.20000000e+00  1.18990025e+00 
 7.78147600e-07  1.20000000e+00  1.19016305e+00 
 7.79247600e-07  1.20000000e+00  1.19042313e+00 
 7.80347600e-07  1.20000000e+00  1.19068052e+00 
 7.81447600e-07  1.20000000e+00  1.19093521e+00 
 7.82547600e-07  1.20000000e+00  1.19118720e+00 
 7.83647600e-07  1.20000000e+00  1.19143650e+00 
 7.84747600e-07  1.20000000e+00  1.19168311e+00 
 7.85847600e-07  1.20000000e+00  1.19192704e+00 
 7.86947600e-07  1.20000000e+00  1.19216829e+00 
 7.88047600e-07  1.20000000e+00  1.19240687e+00 
 7.89147600e-07  1.20000000e+00  1.19264277e+00 
 7.90247600e-07  1.20000000e+00  1.19287601e+00 
 7.91347600e-07  1.20000000e+00  1.19310660e+00 
 7.92447600e-07  1.20000000e+00  1.19333453e+00 
 7.93547600e-07  1.20000000e+00  1.19355982e+00 
 7.94647600e-07  1.20000000e+00  1.19378247e+00 
 7.95747600e-07  1.20000000e+00  1.19400249e+00 
 7.96847600e-07  1.20000000e+00  1.19421988e+00 
 7.97947600e-07  1.20000000e+00  1.19443466e+00 
 7.99047600e-07  1.20000000e+00  1.19464683e+00 
 8.00147600e-07  1.20000000e+00  1.19485640e+00 
 8.01247600e-07  1.20000000e+00  1.19506338e+00 
 8.02347600e-07  1.20000000e+00  1.19526778e+00 
 8.03447600e-07  1.20000000e+00  1.19546960e+00 
 8.04547600e-07  1.20000000e+00  1.19566885e+00 
 8.05647600e-07  1.20000000e+00  1.19586556e+00 
 8.06747600e-07  1.20000000e+00  1.19605971e+00 
 8.07847600e-07  1.20000000e+00  1.19625134e+00 
 8.08947600e-07  1.20000000e+00  1.19644044e+00 
 8.10047600e-07  1.20000000e+00  1.19662702e+00 
 8.11147600e-07  1.20000000e+00  1.19681110e+00 
 8.12247600e-07  1.20000000e+00  1.19699269e+00 
 8.13347600e-07  1.20000000e+00  1.19717180e+00 
 8.14447600e-07  1.20000000e+00  1.19734844e+00 
 8.15547600e-07  1.20000000e+00  1.19752262e+00 
 8.16647600e-07  1.20000000e+00  1.19769435e+00 
 8.17747600e-07  1.20000000e+00  1.19786365e+00 
 8.18847600e-07  1.20000000e+00  1.19803053e+00 
 8.19947600e-07  1.20000000e+00  1.19819501e+00 
 8.21047600e-07  1.20000000e+00  1.19835708e+00 
 8.22147600e-07  1.20000000e+00  1.19851677e+00 
 8.23247600e-07  1.20000000e+00  1.19867410e+00 
 8.24347600e-07  1.20000000e+00  1.19882906e+00 
 8.25447600e-07  1.20000000e+00  1.19898169e+00 
 8.26547600e-07  1.20000000e+00  1.19913198e+00 
 8.27647600e-07  1.20000000e+00  1.19927996e+00 
 8.28747600e-07  1.20000000e+00  1.19942564e+00 
 8.29847600e-07  1.20000000e+00  1.19956902e+00 
 8.30947600e-07  1.20000000e+00  1.19971014e+00 
 8.32047600e-07  1.20000000e+00  1.19984900e+00 
 8.33147600e-07  1.20000000e+00  1.19998561e+00 
 8.34247600e-07  1.20000000e+00  1.20011999e+00 
 8.35347600e-07  1.20000000e+00  1.20025216e+00 
 8.36447600e-07  1.20000000e+00  1.20038213e+00 
 8.37547600e-07  1.20000000e+00  1.20050991e+00 
 8.38647600e-07  1.20000000e+00  1.20063552e+00 
 8.39747600e-07  1.20000000e+00  1.20075898e+00 
 8.40847600e-07  1.20000000e+00  1.20088030e+00 
 8.41947600e-07  1.20000000e+00  1.20099949e+00 
 8.43047600e-07  1.20000000e+00  1.20111658e+00 
 8.44147600e-07  1.20000000e+00  1.20123157e+00 
 8.45247600e-07  1.20000000e+00  1.20134449e+00 
 8.46347600e-07  1.20000000e+00  1.20145535e+00 
 8.47447600e-07  1.20000000e+00  1.20156416e+00 
 8.48547600e-07  1.20000000e+00  1.20167095e+00 
 8.49647600e-07  1.20000000e+00  1.20177572e+00 
 8.50747600e-07  1.20000000e+00  1.20187849e+00 
 8.51847600e-07  1.20000000e+00  1.20197929e+00 
 8.52947600e-07  1.20000000e+00  1.20207812e+00 
 8.54047600e-07  1.20000000e+00  1.20217500e+00 
 8.55147600e-07  1.20000000e+00  1.20226996e+00 
 8.56247600e-07  1.20000000e+00  1.20236300e+00 
 8.57347600e-07  1.20000000e+00  1.20245414e+00 
 8.58447600e-07  1.20000000e+00  1.20254340e+00 
 8.59547600e-07  1.20000000e+00  1.20263079e+00 
 8.60647600e-07  1.20000000e+00  1.20271633e+00 
 8.61747600e-07  1.20000000e+00  1.20280005e+00 
 8.62847600e-07  1.20000000e+00  1.20288195e+00 
 8.63947600e-07  1.20000000e+00  1.20296205e+00 
 8.65047600e-07  1.20000000e+00  1.20304037e+00 
 8.66147600e-07  1.20000000e+00  1.20311692e+00 
 8.67247600e-07  1.20000000e+00  1.20319173e+00 
 8.68347600e-07  1.20000000e+00  1.20326481e+00 
 8.69447600e-07  1.20000000e+00  1.20333617e+00 
 8.70547600e-07  1.20000000e+00  1.20340583e+00 
 8.71647600e-07  1.20000000e+00  1.20347381e+00 
 8.72747600e-07  1.20000000e+00  1.20354013e+00 
 8.73847600e-07  1.20000000e+00  1.20360481e+00 
 8.74947600e-07  1.20000000e+00  1.20366785e+00 
 8.76047600e-07  1.20000000e+00  1.20372928e+00 
 8.77147600e-07  1.20000000e+00  1.20378911e+00 
 8.78247600e-07  1.20000000e+00  1.20384736e+00 
 8.79347600e-07  1.20000000e+00  1.20390405e+00 
 8.80447600e-07  1.20000000e+00  1.20395919e+00 
 8.81547600e-07  1.20000000e+00  1.20401281e+00 
 8.82647600e-07  1.20000000e+00  1.20406490e+00 
 8.83747600e-07  1.20000000e+00  1.20411551e+00 
 8.84847600e-07  1.20000000e+00  1.20416463e+00 
 8.85947600e-07  1.20000000e+00  1.20421229e+00 
 8.87047600e-07  1.20000000e+00  1.20425851e+00 
 8.88147600e-07  1.20000000e+00  1.20430329e+00 
 8.89247600e-07  1.20000000e+00  1.20434666e+00 
 8.90347600e-07  1.20000000e+00  1.20438863e+00 
 8.91447600e-07  1.20000000e+00  1.20442923e+00 
 8.92547600e-07  1.20000000e+00  1.20446845e+00 
 8.93647600e-07  1.20000000e+00  1.20450633e+00 
 8.94747600e-07  1.20000000e+00  1.20454288e+00 
 8.95847600e-07  1.20000000e+00  1.20457812e+00 
 8.96947600e-07  1.20000000e+00  1.20461205e+00 
 8.98047600e-07  1.20000000e+00  1.20464470e+00 
 8.99147600e-07  1.20000000e+00  1.20467608e+00 
 9.00247600e-07  1.20000000e+00  1.20470621e+00 
 9.01347600e-07  1.20000000e+00  1.20473511e+00 
 9.02447600e-07  1.20000000e+00  1.20476279e+00 
 9.03547600e-07  1.20000000e+00  1.20478926e+00 
 9.04647600e-07  1.20000000e+00  1.20481455e+00 
 9.05747600e-07  1.20000000e+00  1.20483866e+00 
 9.06847600e-07  1.20000000e+00  1.20486162e+00 
 9.07947600e-07  1.20000000e+00  1.20488343e+00 
 9.09047600e-07  1.20000000e+00  1.20490412e+00 
 9.10147600e-07  1.20000000e+00  1.20492370e+00 
 9.11247600e-07  1.20000000e+00  1.20494219e+00 
 9.12347600e-07  1.20000000e+00  1.20495959e+00 
 9.13447600e-07  1.20000000e+00  1.20497594e+00 
 9.14547600e-07  1.20000000e+00  1.20499123e+00 
 9.15647600e-07  1.20000000e+00  1.20500549e+00 
 9.16747600e-07  1.20000000e+00  1.20501872e+00 
 9.17847600e-07  1.20000000e+00  1.20503096e+00 
 9.18947600e-07  1.20000000e+00  1.20504220e+00 
 9.20047600e-07  1.20000000e+00  1.20505247e+00 
 9.21147600e-07  1.20000000e+00  1.20506178e+00 
 9.22247600e-07  1.20000000e+00  1.20507015e+00 
 9.23347600e-07  1.20000000e+00  1.20507758e+00 
 9.24447600e-07  1.20000000e+00  1.20508409e+00 
 9.25547600e-07  1.20000000e+00  1.20508970e+00 
 9.26647600e-07  1.20000000e+00  1.20509443e+00 
 9.27747600e-07  1.20000000e+00  1.20509828e+00 
 9.28847600e-07  1.20000000e+00  1.20510127e+00 
 9.29947600e-07  1.20000000e+00  1.20510341e+00 
 9.31047600e-07  1.20000000e+00  1.20510472e+00 
 9.32147600e-07  1.20000000e+00  1.20510521e+00 
 9.33247600e-07  1.20000000e+00  1.20510489e+00 
 9.34347600e-07  1.20000000e+00  1.20510379e+00 
 9.35447600e-07  1.20000000e+00  1.20510190e+00 
 9.36547600e-07  1.20000000e+00  1.20509925e+00 
 9.37647600e-07  1.20000000e+00  1.20509585e+00 
 9.38747600e-07  1.20000000e+00  1.20509171e+00 
 9.39847600e-07  1.20000000e+00  1.20508685e+00 
 9.40947600e-07  1.20000000e+00  1.20508127e+00 
 9.42047600e-07  1.20000000e+00  1.20507499e+00 
 9.43147600e-07  1.20000000e+00  1.20506802e+00 
 9.44247600e-07  1.20000000e+00  1.20506039e+00 
 9.45347600e-07  1.20000000e+00  1.20505208e+00 
 9.46447600e-07  1.20000000e+00  1.20504313e+00 
 9.47547600e-07  1.20000000e+00  1.20503355e+00 
 9.48647600e-07  1.20000000e+00  1.20502334e+00 
 9.49747600e-07  1.20000000e+00  1.20501251e+00 
 9.50847600e-07  1.20000000e+00  1.20500109e+00 
 9.51947600e-07  1.20000000e+00  1.20498908e+00 
 9.53047600e-07  1.20000000e+00  1.20497649e+00 
 9.54147600e-07  1.20000000e+00  1.20496334e+00 
 9.55247600e-07  1.20000000e+00  1.20494963e+00 
 9.56347600e-07  1.20000000e+00  1.20493538e+00 
 9.57447600e-07  1.20000000e+00  1.20492061e+00 
 9.58547600e-07  1.20000000e+00  1.20490531e+00 
 9.59647600e-07  1.20000000e+00  1.20488951e+00 
 9.60747600e-07  1.20000000e+00  1.20487321e+00 
 9.61847600e-07  1.20000000e+00  1.20485642e+00 
 9.62947600e-07  1.20000000e+00  1.20483917e+00 
 9.64047600e-07  1.20000000e+00  1.20482144e+00 
 9.65147600e-07  1.20000000e+00  1.20480327e+00 
 9.66247600e-07  1.20000000e+00  1.20478466e+00 
 9.67347600e-07  1.20000000e+00  1.20476561e+00 
 9.68447600e-07  1.20000000e+00  1.20474614e+00 
 9.69547600e-07  1.20000000e+00  1.20472626e+00 
 9.70647600e-07  1.20000000e+00  1.20470598e+00 
 9.71747600e-07  1.20000000e+00  1.20468532e+00 
 9.72847600e-07  1.20000000e+00  1.20466427e+00 
 9.73947600e-07  1.20000000e+00  1.20464285e+00 
 9.75047600e-07  1.20000000e+00  1.20462107e+00 
 9.76147600e-07  1.20000000e+00  1.20459894e+00 
 9.77247600e-07  1.20000000e+00  1.20457647e+00 
 9.78347600e-07  1.20000000e+00  1.20455367e+00 
 9.79447600e-07  1.20000000e+00  1.20453055e+00 
 9.80547600e-07  1.20000000e+00  1.20450711e+00 
 9.81647600e-07  1.20000000e+00  1.20448337e+00 
 9.82747600e-07  1.20000000e+00  1.20445934e+00 
 9.83847600e-07  1.20000000e+00  1.20443502e+00 
 9.84947600e-07  1.20000000e+00  1.20441042e+00 
 9.86047600e-07  1.20000000e+00  1.20438556e+00 
 9.87147600e-07  1.20000000e+00  1.20436044e+00 
 9.88247600e-07  1.20000000e+00  1.20433506e+00 
 9.89347600e-07  1.20000000e+00  1.20430945e+00 
 9.90447600e-07  1.20000000e+00  1.20428360e+00 
 9.91547600e-07  1.20000000e+00  1.20425753e+00 
 9.92647600e-07  1.20000000e+00  1.20423124e+00 
 9.93747600e-07  1.20000000e+00  1.20420475e+00 
 9.94847600e-07  1.20000000e+00  1.20417805e+00 
 9.95947600e-07  1.20000000e+00  1.20415116e+00 
 9.97047600e-07  1.20000000e+00  1.20412408e+00 
 9.98147600e-07  1.20000000e+00  1.20409683e+00 
 9.99247600e-07  1.20000000e+00  1.20406941e+00 
 1.00034760e-06  1.20000000e+00  1.20404183e+00 
 1.00144760e-06  1.20000000e+00  1.20401409e+00 
 1.00254760e-06  1.20000000e+00  1.20398620e+00 
 1.00364760e-06  1.20000000e+00  1.20395818e+00 
 1.00474760e-06  1.20000000e+00  1.20393002e+00 
 1.00584760e-06  1.20000000e+00  1.20390174e+00 
 1.00694760e-06  1.20000000e+00  1.20387333e+00 
 1.00804760e-06  1.20000000e+00  1.20384482e+00 
 1.00914760e-06  1.20000000e+00  1.20381620e+00 
 1.01024760e-06  1.20000000e+00  1.20378748e+00 
 1.01134760e-06  1.20000000e+00  1.20375867e+00 
 1.01244760e-06  1.20000000e+00  1.20372978e+00 
 1.01354760e-06  1.20000000e+00  1.20370080e+00 
 1.01464760e-06  1.20000000e+00  1.20367176e+00 
 1.01574760e-06  1.20000000e+00  1.20364264e+00 
 1.01684760e-06  1.20000000e+00  1.20361347e+00 
 1.01794760e-06  1.20000000e+00  1.20358424e+00 
 1.01904760e-06  1.20000000e+00  1.20355497e+00 
 1.02014760e-06  1.20000000e+00  1.20352565e+00 
 1.02124760e-06  1.20000000e+00  1.20349629e+00 
 1.02234760e-06  1.20000000e+00  1.20346691e+00 
 1.02344760e-06  1.20000000e+00  1.20343749e+00 
 1.02454760e-06  1.20000000e+00  1.20340806e+00 
 1.02564760e-06  1.20000000e+00  1.20337862e+00 
 1.02674760e-06  1.20000000e+00  1.20334916e+00 
 1.02784760e-06  1.20000000e+00  1.20331970e+00 
 1.02894760e-06  1.20000000e+00  1.20329024e+00 
 1.03004760e-06  1.20000000e+00  1.20326079e+00 
 1.03114760e-06  1.20000000e+00  1.20323135e+00 
 1.03224760e-06  1.20000000e+00  1.20320193e+00 
 1.03334760e-06  1.20000000e+00  1.20317252e+00 
 1.03444760e-06  1.20000000e+00  1.20314314e+00 
 1.03554760e-06  1.20000000e+00  1.20311380e+00 
 1.03664760e-06  1.20000000e+00  1.20308448e+00 
 1.03774760e-06  1.20000000e+00  1.20305521e+00 
 1.03884760e-06  1.20000000e+00  1.20302598e+00 
 1.03994760e-06  1.20000000e+00  1.20299680e+00 
 1.04104760e-06  1.20000000e+00  1.20296767e+00 
 1.04214760e-06  1.20000000e+00  1.20293860e+00 
 1.04324760e-06  1.20000000e+00  1.20290959e+00 
 1.04434760e-06  1.20000000e+00  1.20288064e+00 
 1.04544760e-06  1.20000000e+00  1.20285177e+00 
 1.04654760e-06  1.20000000e+00  1.20282296e+00 
 1.04764760e-06  1.20000000e+00  1.20279423e+00 
 1.04874760e-06  1.20000000e+00  1.20276558e+00 
 1.04984760e-06  1.20000000e+00  1.20273702e+00 
 1.05094760e-06  1.20000000e+00  1.20270854e+00 
 1.05204760e-06  1.20000000e+00  1.20268016e+00 
 1.05314760e-06  1.20000000e+00  1.20265186e+00 
 1.05424760e-06  1.20000000e+00  1.20262367e+00 
 1.05534760e-06  1.20000000e+00  1.20259557e+00 
 1.05644760e-06  1.20000000e+00  1.20256758e+00 
 1.05754760e-06  1.20000000e+00  1.20253970e+00 
 1.05864760e-06  1.20000000e+00  1.20251193e+00 
 1.05974760e-06  1.20000000e+00  1.20248427e+00 
 1.06084760e-06  1.20000000e+00  1.20245673e+00 
 1.06194760e-06  1.20000000e+00  1.20242930e+00 
 1.06304760e-06  1.20000000e+00  1.20240200e+00 
 1.06414760e-06  1.20000000e+00  1.20237482e+00 
 1.06524760e-06  1.20000000e+00  1.20234777e+00 
 1.06634760e-06  1.20000000e+00  1.20232085e+00 
 1.06744760e-06  1.20000000e+00  1.20229406e+00 
 1.06854760e-06  1.20000000e+00  1.20226741e+00 
 1.06964760e-06  1.20000000e+00  1.20224089e+00 
 1.07074760e-06  1.20000000e+00  1.20221451e+00 
 1.07184760e-06  1.20000000e+00  1.20218828e+00 
 1.07294760e-06  1.20000000e+00  1.20216219e+00 
 1.07404760e-06  1.20000000e+00  1.20213624e+00 
 1.07514760e-06  1.20000000e+00  1.20211045e+00 
 1.07624760e-06  1.20000000e+00  1.20208480e+00 
 1.07734760e-06  1.20000000e+00  1.20205931e+00 
 1.07844760e-06  1.20000000e+00  1.20203397e+00 
 1.07954760e-06  1.20000000e+00  1.20200878e+00 
 1.08064760e-06  1.20000000e+00  1.20198376e+00 
 1.08174760e-06  1.20000000e+00  1.20195889e+00 
 1.08284760e-06  1.20000000e+00  1.20193419e+00 
 1.08394760e-06  1.20000000e+00  1.20190964e+00 
 1.08504760e-06  1.20000000e+00  1.20188527e+00 
 1.08614760e-06  1.20000000e+00  1.20186106e+00 
 1.08724760e-06  1.20000000e+00  1.20183701e+00 
 1.08834760e-06  1.20000000e+00  1.20181314e+00 
 1.08944760e-06  1.20000000e+00  1.20178943e+00 
 1.09054760e-06  1.20000000e+00  1.20176590e+00 
 1.09164760e-06  1.20000000e+00  1.20174254e+00 
 1.09274760e-06  1.20000000e+00  1.20171935e+00 
 1.09384760e-06  1.20000000e+00  1.20169634e+00 
 1.09494760e-06  1.20000000e+00  1.20167351e+00 
 1.09604760e-06  1.20000000e+00  1.20165085e+00 
 1.09714760e-06  1.20000000e+00  1.20162837e+00 
 1.09824760e-06  1.20000000e+00  1.20160607e+00 
 1.09934760e-06  1.20000000e+00  1.20158395e+00 
 1.10000000e-06  1.20000000e+00  1.20157092e+00 
