 time            v(inp)          v(out)         
 0.00000000e+00  9.00000000e-01  9.00445953e-01 
 1.10000000e-11  9.00000000e-01  9.00445953e-01 
 2.20000000e-11  9.00000000e-01  9.00445953e-01 
 4.40000000e-11  9.00000000e-01  9.00445953e-01 
 8.80000000e-11  9.00000000e-01  9.00445953e-01 
 1.76000000e-10  9.00000000e-01  9.00445953e-01 
 3.52000000e-10  9.00000000e-01  9.00445953e-01 
 7.04000000e-10  9.00000000e-01  9.00445953e-01 
 1.40800000e-09  9.00000000e-01  9.00445953e-01 
 2.50800000e-09  9.00000000e-01  9.00445953e-01 
 3.60800000e-09  9.00000000e-01  9.00445953e-01 
 4.70800000e-09  9.00000000e-01  9.00445953e-01 
 5.80800000e-09  9.00000000e-01  9.00445953e-01 
 6.90800000e-09  9.00000000e-01  9.00445953e-01 
 8.00800000e-09  9.00000000e-01  9.00445953e-01 
 9.10800000e-09  9.00000000e-01  9.00445953e-01 
 1.02080000e-08  9.00000000e-01  9.00445953e-01 
 1.13080000e-08  9.00000000e-01  9.00445953e-01 
 1.24080000e-08  9.00000000e-01  9.00445953e-01 
 1.35080000e-08  9.00000000e-01  9.00445953e-01 
 1.46080000e-08  9.00000000e-01  9.00445953e-01 
 1.57080000e-08  9.00000000e-01  9.00445953e-01 
 1.68080000e-08  9.00000000e-01  9.00445953e-01 
 1.79080000e-08  9.00000000e-01  9.00445953e-01 
 1.90080000e-08  9.00000000e-01  9.00445953e-01 
 2.01080000e-08  9.00000000e-01  9.00445953e-01 
 2.12080000e-08  9.00000000e-01  9.00445953e-01 
 2.23080000e-08  9.00000000e-01  9.00445953e-01 
 2.34080000e-08  9.00000000e-01  9.00445953e-01 
 2.45080000e-08  9.00000000e-01  9.00445953e-01 
 2.56080000e-08  9.00000000e-01  9.00445953e-01 
 2.67080000e-08  9.00000000e-01  9.00445953e-01 
 2.78080000e-08  9.00000000e-01  9.00445953e-01 
 2.89080000e-08  9.00000000e-01  9.00445953e-01 
 3.00080000e-08  9.00000000e-01  9.00445953e-01 
 3.11080000e-08  9.00000000e-01  9.00445953e-01 
 3.22080000e-08  9.00000000e-01  9.00445953e-01 
 3.33080000e-08  9.00000000e-01  9.00445953e-01 
 3.44080000e-08  9.00000000e-01  9.00445953e-01 
 3.55080000e-08  9.00000000e-01  9.00445953e-01 
 3.66080000e-08  9.00000000e-01  9.00445953e-01 
 3.77080000e-08  9.00000000e-01  9.00445953e-01 
 3.88080000e-08  9.00000000e-01  9.00445953e-01 
 3.99080000e-08  9.00000000e-01  9.00445953e-01 
 4.10080000e-08  9.00000000e-01  9.00445953e-01 
 4.21080000e-08  9.00000000e-01  9.00445953e-01 
 4.32080000e-08  9.00000000e-01  9.00445953e-01 
 4.43080000e-08  9.00000000e-01  9.00445953e-01 
 4.54080000e-08  9.00000000e-01  9.00445953e-01 
 4.65080000e-08  9.00000000e-01  9.00445953e-01 
 4.76080000e-08  9.00000000e-01  9.00445953e-01 
 4.87080000e-08  9.00000000e-01  9.00445953e-01 
 4.98080000e-08  9.00000000e-01  9.00445953e-01 
 5.09080000e-08  9.00000000e-01  9.00445953e-01 
 5.20080000e-08  9.00000000e-01  9.00445953e-01 
 5.31080000e-08  9.00000000e-01  9.00445953e-01 
 5.42080000e-08  9.00000000e-01  9.00445953e-01 
 5.53080000e-08  9.00000000e-01  9.00445953e-01 
 5.64080000e-08  9.00000000e-01  9.00445953e-01 
 5.75080000e-08  9.00000000e-01  9.00445953e-01 
 5.86080000e-08  9.00000000e-01  9.00445953e-01 
 5.97080000e-08  9.00000000e-01  9.00445953e-01 
 6.08080000e-08  9.00000000e-01  9.00445953e-01 
 6.19080000e-08  9.00000000e-01  9.00445953e-01 
 6.30080000e-08  9.00000000e-01  9.00445953e-01 
 6.41080000e-08  9.00000000e-01  9.00445953e-01 
 6.52080000e-08  9.00000000e-01  9.00445953e-01 
 6.63080000e-08  9.00000000e-01  9.00445953e-01 
 6.74080000e-08  9.00000000e-01  9.00445953e-01 
 6.85080000e-08  9.00000000e-01  9.00445953e-01 
 6.96080000e-08  9.00000000e-01  9.00445953e-01 
 7.07080000e-08  9.00000000e-01  9.00445953e-01 
 7.18080000e-08  9.00000000e-01  9.00445953e-01 
 7.29080000e-08  9.00000000e-01  9.00445953e-01 
 7.40080000e-08  9.00000000e-01  9.00445953e-01 
 7.51080000e-08  9.00000000e-01  9.00445953e-01 
 7.62080000e-08  9.00000000e-01  9.00445953e-01 
 7.73080000e-08  9.00000000e-01  9.00445953e-01 
 7.84080000e-08  9.00000000e-01  9.00445953e-01 
 7.95080000e-08  9.00000000e-01  9.00445953e-01 
 8.06080000e-08  9.00000000e-01  9.00445953e-01 
 8.17080000e-08  9.00000000e-01  9.00445953e-01 
 8.28080000e-08  9.00000000e-01  9.00445953e-01 
 8.39080000e-08  9.00000000e-01  9.00445953e-01 
 8.50080000e-08  9.00000000e-01  9.00445953e-01 
 8.61080000e-08  9.00000000e-01  9.00445953e-01 
 8.72080000e-08  9.00000000e-01  9.00445953e-01 
 8.83080000e-08  9.00000000e-01  9.00445953e-01 
 8.94080000e-08  9.00000000e-01  9.00445953e-01 
 9.05080000e-08  9.00000000e-01  9.00445953e-01 
 9.16080000e-08  9.00000000e-01  9.00445953e-01 
 9.27080000e-08  9.00000000e-01  9.00445953e-01 
 9.38080000e-08  9.00000000e-01  9.00445953e-01 
 9.49080000e-08  9.00000000e-01  9.00445953e-01 
 9.60080000e-08  9.00000000e-01  9.00445953e-01 
 9.71080000e-08  9.00000000e-01  9.00445953e-01 
 9.82080000e-08  9.00000000e-01  9.00445953e-01 
 9.93080000e-08  9.00000000e-01  9.00445953e-01 
 1.00000000e-07  9.00000000e-01  9.00445953e-01 
 1.00001000e-07  9.01000000e-01  9.00447386e-01 
 1.00003000e-07  9.03000000e-01  9.00450266e-01 
 1.00007000e-07  9.07000000e-01  9.00456076e-01 
 1.00010000e-07  9.10000000e-01  9.00460468e-01 
 1.00010800e-07  9.10000000e-01  9.00460455e-01 
 1.00012400e-07  9.10000000e-01  9.00460429e-01 
 1.00015600e-07  9.10000000e-01  9.00460377e-01 
 1.00022000e-07  9.10000000e-01  9.00460274e-01 
 1.00034800e-07  9.10000000e-01  9.00460068e-01 
 1.00060400e-07  9.10000000e-01  9.00459661e-01 
 1.00111600e-07  9.10000000e-01  9.00458862e-01 
 1.00214000e-07  9.10000000e-01  9.00457321e-01 
 1.00418800e-07  9.10000000e-01  9.00454430e-01 
 1.00828400e-07  9.10000000e-01  9.00449194e-01 
 1.01647600e-07  9.10000000e-01  9.00439906e-01 
 1.02747600e-07  9.10000000e-01  9.00428432e-01 
 1.03847600e-07  9.10000000e-01  9.00417278e-01 
 1.04947600e-07  9.10000000e-01  9.00406297e-01 
 1.06047600e-07  9.10000000e-01  9.00395557e-01 
 1.07147600e-07  9.10000000e-01  9.00385153e-01 
 1.08247600e-07  9.10000000e-01  9.00375180e-01 
 1.09347600e-07  9.10000000e-01  9.00365722e-01 
 1.10447600e-07  9.10000000e-01  9.00356859e-01 
 1.11547600e-07  9.10000000e-01  9.00348662e-01 
 1.12647600e-07  9.10000000e-01  9.00341198e-01 
 1.13747600e-07  9.10000000e-01  9.00334526e-01 
 1.14847600e-07  9.10000000e-01  9.00328700e-01 
 1.15947600e-07  9.10000000e-01  9.00323767e-01 
 1.17047600e-07  9.10000000e-01  9.00319773e-01 
 1.18147600e-07  9.10000000e-01  9.00316756e-01 
 1.19247600e-07  9.10000000e-01  9.00314752e-01 
 1.20347600e-07  9.10000000e-01  9.00313791e-01 
 1.21447600e-07  9.10000000e-01  9.00313902e-01 
 1.22547600e-07  9.10000000e-01  9.00315108e-01 
 1.23647600e-07  9.10000000e-01  9.00317430e-01 
 1.24747600e-07  9.10000000e-01  9.00320886e-01 
 1.25847600e-07  9.10000000e-01  9.00325491e-01 
 1.26947600e-07  9.10000000e-01  9.00331259e-01 
 1.28047600e-07  9.10000000e-01  9.00338198e-01 
 1.29147600e-07  9.10000000e-01  9.00346318e-01 
 1.30247600e-07  9.10000000e-01  9.00355624e-01 
 1.31347600e-07  9.10000000e-01  9.00366120e-01 
 1.32447600e-07  9.10000000e-01  9.00377808e-01 
 1.33547600e-07  9.10000000e-01  9.00390689e-01 
 1.34647600e-07  9.10000000e-01  9.00404761e-01 
 1.35747600e-07  9.10000000e-01  9.00420023e-01 
 1.36847600e-07  9.10000000e-01  9.00436469e-01 
 1.37947600e-07  9.10000000e-01  9.00454096e-01 
 1.39047600e-07  9.10000000e-01  9.00472896e-01 
 1.40147600e-07  9.10000000e-01  9.00492863e-01 
 1.41247600e-07  9.10000000e-01  9.00513987e-01 
 1.42347600e-07  9.10000000e-01  9.00536260e-01 
 1.43447600e-07  9.10000000e-01  9.00559671e-01 
 1.44547600e-07  9.10000000e-01  9.00584210e-01 
 1.45647600e-07  9.10000000e-01  9.00609864e-01 
 1.46747600e-07  9.10000000e-01  9.00636621e-01 
 1.47847600e-07  9.10000000e-01  9.00664468e-01 
 1.48947600e-07  9.10000000e-01  9.00693392e-01 
 1.50047600e-07  9.10000000e-01  9.00723379e-01 
 1.51147600e-07  9.10000000e-01  9.00754413e-01 
 1.52247600e-07  9.10000000e-01  9.00786480e-01 
 1.53347600e-07  9.10000000e-01  9.00819565e-01 
 1.54447600e-07  9.10000000e-01  9.00853651e-01 
 1.55547600e-07  9.10000000e-01  9.00888723e-01 
 1.56647600e-07  9.10000000e-01  9.00924763e-01 
 1.57747600e-07  9.10000000e-01  9.00961756e-01 
 1.58847600e-07  9.10000000e-01  9.00999685e-01 
 1.59947600e-07  9.10000000e-01  9.01038532e-01 
 1.61047600e-07  9.10000000e-01  9.01078281e-01 
 1.62147600e-07  9.10000000e-01  9.01118913e-01 
 1.63247600e-07  9.10000000e-01  9.01160411e-01 
 1.64347600e-07  9.10000000e-01  9.01202757e-01 
 1.65447600e-07  9.10000000e-01  9.01245935e-01 
 1.66547600e-07  9.10000000e-01  9.01289925e-01 
 1.67647600e-07  9.10000000e-01  9.01334710e-01 
 1.68747600e-07  9.10000000e-01  9.01380273e-01 
 1.69847600e-07  9.10000000e-01  9.01426594e-01 
 1.70947600e-07  9.10000000e-01  9.01473657e-01 
 1.72047600e-07  9.10000000e-01  9.01521442e-01 
 1.73147600e-07  9.10000000e-01  9.01569933e-01 
 1.74247600e-07  9.10000000e-01  9.01619111e-01 
 1.75347600e-07  9.10000000e-01  9.01668959e-01 
 1.76447600e-07  9.10000000e-01  9.01719459e-01 
 1.77547600e-07  9.10000000e-01  9.01770592e-01 
 1.78647600e-07  9.10000000e-01  9.01822342e-01 
 1.79747600e-07  9.10000000e-01  9.01874690e-01 
 1.80847600e-07  9.10000000e-01  9.01927619e-01 
 1.81947600e-07  9.10000000e-01  9.01981112e-01 
 1.83047600e-07  9.10000000e-01  9.02035152e-01 
 1.84147600e-07  9.10000000e-01  9.02089720e-01 
 1.85247600e-07  9.10000000e-01  9.02144801e-01 
 1.86347600e-07  9.10000000e-01  9.02200377e-01 
 1.87447600e-07  9.10000000e-01  9.02256431e-01 
 1.88547600e-07  9.10000000e-01  9.02312947e-01 
 1.89647600e-07  9.10000000e-01  9.02369908e-01 
 1.90747600e-07  9.10000000e-01  9.02427297e-01 
 1.91847600e-07  9.10000000e-01  9.02485099e-01 
 1.92947600e-07  9.10000000e-01  9.02543298e-01 
 1.94047600e-07  9.10000000e-01  9.02601876e-01 
 1.95147600e-07  9.10000000e-01  9.02660819e-01 
 1.96247600e-07  9.10000000e-01  9.02720110e-01 
 1.97347600e-07  9.10000000e-01  9.02779735e-01 
 1.98447600e-07  9.10000000e-01  9.02839678e-01 
 1.99547600e-07  9.10000000e-01  9.02899924e-01 
 2.00647600e-07  9.10000000e-01  9.02960457e-01 
 2.01747600e-07  9.10000000e-01  9.03021264e-01 
 2.02847600e-07  9.10000000e-01  9.03082328e-01 
 2.03947600e-07  9.10000000e-01  9.03143637e-01 
 2.05047600e-07  9.10000000e-01  9.03205175e-01 
 2.06147600e-07  9.10000000e-01  9.03266928e-01 
 2.07247600e-07  9.10000000e-01  9.03328882e-01 
 2.08347600e-07  9.10000000e-01  9.03391025e-01 
 2.09447600e-07  9.10000000e-01  9.03453341e-01 
 2.10547600e-07  9.10000000e-01  9.03515818e-01 
 2.11647600e-07  9.10000000e-01  9.03578442e-01 
 2.12747600e-07  9.10000000e-01  9.03641200e-01 
 2.13847600e-07  9.10000000e-01  9.03704080e-01 
 2.14947600e-07  9.10000000e-01  9.03767068e-01 
 2.16047600e-07  9.10000000e-01  9.03830153e-01 
 2.17147600e-07  9.10000000e-01  9.03893321e-01 
 2.18247600e-07  9.10000000e-01  9.03956561e-01 
 2.19347600e-07  9.10000000e-01  9.04019860e-01 
 2.20447600e-07  9.10000000e-01  9.04083208e-01 
 2.21547600e-07  9.10000000e-01  9.04146591e-01 
 2.22647600e-07  9.10000000e-01  9.04210000e-01 
 2.23747600e-07  9.10000000e-01  9.04273422e-01 
 2.24847600e-07  9.10000000e-01  9.04336846e-01 
 2.25947600e-07  9.10000000e-01  9.04400262e-01 
 2.27047600e-07  9.10000000e-01  9.04463658e-01 
 2.28147600e-07  9.10000000e-01  9.04527025e-01 
 2.29247600e-07  9.10000000e-01  9.04590352e-01 
 2.30347600e-07  9.10000000e-01  9.04653628e-01 
 2.31447600e-07  9.10000000e-01  9.04716844e-01 
 2.32547600e-07  9.10000000e-01  9.04779989e-01 
 2.33647600e-07  9.10000000e-01  9.04843055e-01 
 2.34747600e-07  9.10000000e-01  9.04906031e-01 
 2.35847600e-07  9.10000000e-01  9.04968909e-01 
 2.36947600e-07  9.10000000e-01  9.05031678e-01 
 2.38047600e-07  9.10000000e-01  9.05094331e-01 
 2.39147600e-07  9.10000000e-01  9.05156857e-01 
 2.40247600e-07  9.10000000e-01  9.05219250e-01 
 2.41347600e-07  9.10000000e-01  9.05281499e-01 
 2.42447600e-07  9.10000000e-01  9.05343597e-01 
 2.43547600e-07  9.10000000e-01  9.05405535e-01 
 2.44647600e-07  9.10000000e-01  9.05467306e-01 
 2.45747600e-07  9.10000000e-01  9.05528902e-01 
 2.46847600e-07  9.10000000e-01  9.05590315e-01 
 2.47947600e-07  9.10000000e-01  9.05651537e-01 
 2.49047600e-07  9.10000000e-01  9.05712561e-01 
 2.50147600e-07  9.10000000e-01  9.05773381e-01 
 2.51247600e-07  9.10000000e-01  9.05833988e-01 
 2.52347600e-07  9.10000000e-01  9.05894376e-01 
 2.53447600e-07  9.10000000e-01  9.05954538e-01 
 2.54547600e-07  9.10000000e-01  9.06014467e-01 
 2.55647600e-07  9.10000000e-01  9.06074158e-01 
 2.56747600e-07  9.10000000e-01  9.06133604e-01 
 2.57847600e-07  9.10000000e-01  9.06192798e-01 
 2.58947600e-07  9.10000000e-01  9.06251735e-01 
 2.60047600e-07  9.10000000e-01  9.06310409e-01 
 2.61147600e-07  9.10000000e-01  9.06368814e-01 
 2.62247600e-07  9.10000000e-01  9.06426944e-01 
 2.63347600e-07  9.10000000e-01  9.06484794e-01 
 2.64447600e-07  9.10000000e-01  9.06542360e-01 
 2.65547600e-07  9.10000000e-01  9.06599634e-01 
 2.66647600e-07  9.10000000e-01  9.06656614e-01 
 2.67747600e-07  9.10000000e-01  9.06713293e-01 
 2.68847600e-07  9.10000000e-01  9.06769667e-01 
 2.69947600e-07  9.10000000e-01  9.06825731e-01 
 2.71047600e-07  9.10000000e-01  9.06881481e-01 
 2.72147600e-07  9.10000000e-01  9.06936913e-01 
 2.73247600e-07  9.10000000e-01  9.06992022e-01 
 2.74347600e-07  9.10000000e-01  9.07046804e-01 
 2.75447600e-07  9.10000000e-01  9.07101255e-01 
 2.76547600e-07  9.10000000e-01  9.07155372e-01 
 2.77647600e-07  9.10000000e-01  9.07209150e-01 
 2.78747600e-07  9.10000000e-01  9.07262586e-01 
 2.79847600e-07  9.10000000e-01  9.07315677e-01 
 2.80947600e-07  9.10000000e-01  9.07368418e-01 
 2.82047600e-07  9.10000000e-01  9.07420808e-01 
 2.83147600e-07  9.10000000e-01  9.07472842e-01 
 2.84247600e-07  9.10000000e-01  9.07524518e-01 
 2.85347600e-07  9.10000000e-01  9.07575832e-01 
 2.86447600e-07  9.10000000e-01  9.07626783e-01 
 2.87547600e-07  9.10000000e-01  9.07677367e-01 
 2.88647600e-07  9.10000000e-01  9.07727581e-01 
 2.89747600e-07  9.10000000e-01  9.07777424e-01 
 2.90847600e-07  9.10000000e-01  9.07826893e-01 
 2.91947600e-07  9.10000000e-01  9.07875985e-01 
 2.93047600e-07  9.10000000e-01  9.07924699e-01 
 2.94147600e-07  9.10000000e-01  9.07973032e-01 
 2.95247600e-07  9.10000000e-01  9.08020982e-01 
 2.96347600e-07  9.10000000e-01  9.08068548e-01 
 2.97447600e-07  9.10000000e-01  9.08115728e-01 
 2.98547600e-07  9.10000000e-01  9.08162519e-01 
 2.99647600e-07  9.10000000e-01  9.08208922e-01 
 3.00747600e-07  9.10000000e-01  9.08254933e-01 
 3.01847600e-07  9.10000000e-01  9.08300552e-01 
 3.02947600e-07  9.10000000e-01  9.08345778e-01 
 3.04047600e-07  9.10000000e-01  9.08390608e-01 
 3.05147600e-07  9.10000000e-01  9.08435043e-01 
 3.06247600e-07  9.10000000e-01  9.08479081e-01 
 3.07347600e-07  9.10000000e-01  9.08522720e-01 
 3.08447600e-07  9.10000000e-01  9.08565962e-01 
 3.09547600e-07  9.10000000e-01  9.08608803e-01 
 3.10647600e-07  9.10000000e-01  9.08651244e-01 
 3.11747600e-07  9.10000000e-01  9.08693285e-01 
 3.12847600e-07  9.10000000e-01  9.08734924e-01 
 3.13947600e-07  9.10000000e-01  9.08776161e-01 
 3.15047600e-07  9.10000000e-01  9.08816996e-01 
 3.16147600e-07  9.10000000e-01  9.08857429e-01 
 3.17247600e-07  9.10000000e-01  9.08897459e-01 
 3.18347600e-07  9.10000000e-01  9.08937086e-01 
 3.19447600e-07  9.10000000e-01  9.08976310e-01 
 3.20547600e-07  9.10000000e-01  9.09015131e-01 
 3.21647600e-07  9.10000000e-01  9.09053549e-01 
 3.22747600e-07  9.10000000e-01  9.09091565e-01 
 3.23847600e-07  9.10000000e-01  9.09129178e-01 
 3.24947600e-07  9.10000000e-01  9.09166388e-01 
 3.26047600e-07  9.10000000e-01  9.09203197e-01 
 3.27147600e-07  9.10000000e-01  9.09239604e-01 
 3.28247600e-07  9.10000000e-01  9.09275610e-01 
 3.29347600e-07  9.10000000e-01  9.09311215e-01 
 3.30447600e-07  9.10000000e-01  9.09346420e-01 
 3.31547600e-07  9.10000000e-01  9.09381226e-01 
 3.32647600e-07  9.10000000e-01  9.09415633e-01 
 3.33747600e-07  9.10000000e-01  9.09449642e-01 
 3.34847600e-07  9.10000000e-01  9.09483255e-01 
 3.35947600e-07  9.10000000e-01  9.09516470e-01 
 3.37047600e-07  9.10000000e-01  9.09549291e-01 
 3.38147600e-07  9.10000000e-01  9.09581717e-01 
 3.39247600e-07  9.10000000e-01  9.09613749e-01 
 3.40347600e-07  9.10000000e-01  9.09645389e-01 
 3.41447600e-07  9.10000000e-01  9.09676639e-01 
 3.42547600e-07  9.10000000e-01  9.09707498e-01 
 3.43647600e-07  9.10000000e-01  9.09737968e-01 
 3.44747600e-07  9.10000000e-01  9.09768051e-01 
 3.45847600e-07  9.10000000e-01  9.09797747e-01 
 3.46947600e-07  9.10000000e-01  9.09827059e-01 
 3.48047600e-07  9.10000000e-01  9.09855987e-01 
 3.49147600e-07  9.10000000e-01  9.09884533e-01 
 3.50247600e-07  9.10000000e-01  9.09912699e-01 
 3.51347600e-07  9.10000000e-01  9.09940485e-01 
 3.52447600e-07  9.10000000e-01  9.09967894e-01 
 3.53547600e-07  9.10000000e-01  9.09994928e-01 
 3.54647600e-07  9.10000000e-01  9.10021587e-01 
 3.55747600e-07  9.10000000e-01  9.10047873e-01 
 3.56847600e-07  9.10000000e-01  9.10073789e-01 
 3.57947600e-07  9.10000000e-01  9.10099335e-01 
 3.59047600e-07  9.10000000e-01  9.10124515e-01 
 3.60147600e-07  9.10000000e-01  9.10149328e-01 
 3.61247600e-07  9.10000000e-01  9.10173778e-01 
 3.62347600e-07  9.10000000e-01  9.10197867e-01 
 3.63447600e-07  9.10000000e-01  9.10221595e-01 
 3.64547600e-07  9.10000000e-01  9.10244966e-01 
 3.65647600e-07  9.10000000e-01  9.10267980e-01 
 3.66747600e-07  9.10000000e-01  9.10290641e-01 
 3.67847600e-07  9.10000000e-01  9.10312950e-01 
 3.68947600e-07  9.10000000e-01  9.10334908e-01 
 3.70047600e-07  9.10000000e-01  9.10356519e-01 
 3.71147600e-07  9.10000000e-01  9.10377785e-01 
 3.72247600e-07  9.10000000e-01  9.10398706e-01 
 3.73347600e-07  9.10000000e-01  9.10419287e-01 
 3.74447600e-07  9.10000000e-01  9.10439528e-01 
 3.75547600e-07  9.10000000e-01  9.10459431e-01 
 3.76647600e-07  9.10000000e-01  9.10479001e-01 
 3.77747600e-07  9.10000000e-01  9.10498237e-01 
 3.78847600e-07  9.10000000e-01  9.10517143e-01 
 3.79947600e-07  9.10000000e-01  9.10535721e-01 
 3.81047600e-07  9.10000000e-01  9.10553973e-01 
 3.82147600e-07  9.10000000e-01  9.10571902e-01 
 3.83247600e-07  9.10000000e-01  9.10589509e-01 
 3.84347600e-07  9.10000000e-01  9.10606798e-01 
 3.85447600e-07  9.10000000e-01  9.10623770e-01 
 3.86547600e-07  9.10000000e-01  9.10640429e-01 
 3.87647600e-07  9.10000000e-01  9.10656775e-01 
 3.88747600e-07  9.10000000e-01  9.10672812e-01 
 3.89847600e-07  9.10000000e-01  9.10688542e-01 
 3.90947600e-07  9.10000000e-01  9.10703968e-01 
 3.92047600e-07  9.10000000e-01  9.10719092e-01 
 3.93147600e-07  9.10000000e-01  9.10733916e-01 
 3.94247600e-07  9.10000000e-01  9.10748443e-01 
 3.95347600e-07  9.10000000e-01  9.10762675e-01 
 3.96447600e-07  9.10000000e-01  9.10776616e-01 
 3.97547600e-07  9.10000000e-01  9.10790266e-01 
 3.98647600e-07  9.10000000e-01  9.10803629e-01 
 3.99747600e-07  9.10000000e-01  9.10816708e-01 
 4.00847600e-07  9.10000000e-01  9.10829504e-01 
 4.01947600e-07  9.10000000e-01  9.10842021e-01 
 4.03047600e-07  9.10000000e-01  9.10854261e-01 
 4.04147600e-07  9.10000000e-01  9.10866226e-01 
 4.05247600e-07  9.10000000e-01  9.10877919e-01 
 4.06347600e-07  9.10000000e-01  9.10889342e-01 
 4.07447600e-07  9.10000000e-01  9.10900498e-01 
 4.08547600e-07  9.10000000e-01  9.10911390e-01 
 4.09647600e-07  9.10000000e-01  9.10922020e-01 
 4.10747600e-07  9.10000000e-01  9.10932390e-01 
 4.11847600e-07  9.10000000e-01  9.10942504e-01 
 4.12947600e-07  9.10000000e-01  9.10952363e-01 
 4.14047600e-07  9.10000000e-01  9.10961971e-01 
 4.15147600e-07  9.10000000e-01  9.10971330e-01 
 4.16247600e-07  9.10000000e-01  9.10980441e-01 
 4.17347600e-07  9.10000000e-01  9.10989309e-01 
 4.18447600e-07  9.10000000e-01  9.10997936e-01 
 4.19547600e-07  9.10000000e-01  9.11006323e-01 
 4.20647600e-07  9.10000000e-01  9.11014474e-01 
 4.21747600e-07  9.10000000e-01  9.11022391e-01 
 4.22847600e-07  9.10000000e-01  9.11030076e-01 
 4.23947600e-07  9.10000000e-01  9.11037533e-01 
 4.25047600e-07  9.10000000e-01  9.11044764e-01 
 4.26147600e-07  9.10000000e-01  9.11051771e-01 
 4.27247600e-07  9.10000000e-01  9.11058557e-01 
 4.28347600e-07  9.10000000e-01  9.11065124e-01 
 4.29447600e-07  9.10000000e-01  9.11071475e-01 
 4.30547600e-07  9.10000000e-01  9.11077612e-01 
 4.31647600e-07  9.10000000e-01  9.11083538e-01 
 4.32747600e-07  9.10000000e-01  9.11089256e-01 
 4.33847600e-07  9.10000000e-01  9.11094767e-01 
 4.34947600e-07  9.10000000e-01  9.11100075e-01 
 4.36047600e-07  9.10000000e-01  9.11105182e-01 
 4.37147600e-07  9.10000000e-01  9.11110090e-01 
 4.38247600e-07  9.10000000e-01  9.11114802e-01 
 4.39347600e-07  9.10000000e-01  9.11119320e-01 
 4.40447600e-07  9.10000000e-01  9.11123647e-01 
 4.41547600e-07  9.10000000e-01  9.11127785e-01 
 4.42647600e-07  9.10000000e-01  9.11131737e-01 
 4.43747600e-07  9.10000000e-01  9.11135505e-01 
 4.44847600e-07  9.10000000e-01  9.11139091e-01 
 4.45947600e-07  9.10000000e-01  9.11142498e-01 
 4.47047600e-07  9.10000000e-01  9.11145729e-01 
 4.48147600e-07  9.10000000e-01  9.11148785e-01 
 4.49247600e-07  9.10000000e-01  9.11151669e-01 
 4.50347600e-07  9.10000000e-01  9.11154384e-01 
 4.51447600e-07  9.10000000e-01  9.11156931e-01 
 4.52547600e-07  9.10000000e-01  9.11159314e-01 
 4.53647600e-07  9.10000000e-01  9.11161534e-01 
 4.54747600e-07  9.10000000e-01  9.11163594e-01 
 4.55847600e-07  9.10000000e-01  9.11165496e-01 
 4.56947600e-07  9.10000000e-01  9.11167243e-01 
 4.58047600e-07  9.10000000e-01  9.11168836e-01 
 4.59147600e-07  9.10000000e-01  9.11170278e-01 
 4.60247600e-07  9.10000000e-01  9.11171572e-01 
 4.61347600e-07  9.10000000e-01  9.11172719e-01 
 4.62447600e-07  9.10000000e-01  9.11173722e-01 
 4.63547600e-07  9.10000000e-01  9.11174583e-01 
 4.64647600e-07  9.10000000e-01  9.11175304e-01 
 4.65747600e-07  9.10000000e-01  9.11175888e-01 
 4.66847600e-07  9.10000000e-01  9.11176336e-01 
 4.67947600e-07  9.10000000e-01  9.11176651e-01 
 4.69047600e-07  9.10000000e-01  9.11176835e-01 
 4.70147600e-07  9.10000000e-01  9.11176891e-01 
 4.71247600e-07  9.10000000e-01  9.11176819e-01 
 4.72347600e-07  9.10000000e-01  9.11176623e-01 
 4.73447600e-07  9.10000000e-01  9.11176305e-01 
 4.74547600e-07  9.10000000e-01  9.11175866e-01 
 4.75647600e-07  9.10000000e-01  9.11175309e-01 
 4.76747600e-07  9.10000000e-01  9.11174635e-01 
 4.77847600e-07  9.10000000e-01  9.11173848e-01 
 4.78947600e-07  9.10000000e-01  9.11172948e-01 
 4.80047600e-07  9.10000000e-01  9.11171938e-01 
 4.81147600e-07  9.10000000e-01  9.11170820e-01 
 4.82247600e-07  9.10000000e-01  9.11169596e-01 
 4.83347600e-07  9.10000000e-01  9.11168268e-01 
 4.84447600e-07  9.10000000e-01  9.11166838e-01 
 4.85547600e-07  9.10000000e-01  9.11165307e-01 
 4.86647600e-07  9.10000000e-01  9.11163679e-01 
 4.87747600e-07  9.10000000e-01  9.11161953e-01 
 4.88847600e-07  9.10000000e-01  9.11160134e-01 
 4.89947600e-07  9.10000000e-01  9.11158222e-01 
 4.91047600e-07  9.10000000e-01  9.11156219e-01 
 4.92147600e-07  9.10000000e-01  9.11154127e-01 
 4.93247600e-07  9.10000000e-01  9.11151948e-01 
 4.94347600e-07  9.10000000e-01  9.11149684e-01 
 4.95447600e-07  9.10000000e-01  9.11147337e-01 
 4.96547600e-07  9.10000000e-01  9.11144908e-01 
 4.97647600e-07  9.10000000e-01  9.11142399e-01 
 4.98747600e-07  9.10000000e-01  9.11139813e-01 
 4.99847600e-07  9.10000000e-01  9.11137149e-01 
 5.00947600e-07  9.10000000e-01  9.11134412e-01 
 5.02047600e-07  9.10000000e-01  9.11131601e-01 
 5.03147600e-07  9.10000000e-01  9.11128720e-01 
 5.04247600e-07  9.10000000e-01  9.11125769e-01 
 5.05347600e-07  9.10000000e-01  9.11122750e-01 
 5.06447600e-07  9.10000000e-01  9.11119665e-01 
 5.07547600e-07  9.10000000e-01  9.11116515e-01 
 5.08647600e-07  9.10000000e-01  9.11113303e-01 
 5.09747600e-07  9.10000000e-01  9.11110029e-01 
 5.10847600e-07  9.10000000e-01  9.11106696e-01 
 5.11947600e-07  9.10000000e-01  9.11103304e-01 
 5.13047600e-07  9.10000000e-01  9.11099856e-01 
 5.14147600e-07  9.10000000e-01  9.11096353e-01 
 5.15247600e-07  9.10000000e-01  9.11092796e-01 
 5.16347600e-07  9.10000000e-01  9.11089187e-01 
 5.17447600e-07  9.10000000e-01  9.11085528e-01 
 5.18547600e-07  9.10000000e-01  9.11081819e-01 
 5.19647600e-07  9.10000000e-01  9.11078063e-01 
 5.20747600e-07  9.10000000e-01  9.11074261e-01 
 5.21847600e-07  9.10000000e-01  9.11070414e-01 
 5.22947600e-07  9.10000000e-01  9.11066524e-01 
 5.24047600e-07  9.10000000e-01  9.11062592e-01 
 5.25147600e-07  9.10000000e-01  9.11058619e-01 
 5.26247600e-07  9.10000000e-01  9.11054607e-01 
 5.27347600e-07  9.10000000e-01  9.11050557e-01 
 5.28447600e-07  9.10000000e-01  9.11046470e-01 
 5.29547600e-07  9.10000000e-01  9.11042349e-01 
 5.30647600e-07  9.10000000e-01  9.11038193e-01 
 5.31747600e-07  9.10000000e-01  9.11034005e-01 
 5.32847600e-07  9.10000000e-01  9.11029785e-01 
 5.33947600e-07  9.10000000e-01  9.11025535e-01 
 5.35047600e-07  9.10000000e-01  9.11021257e-01 
 5.36147600e-07  9.10000000e-01  9.11016950e-01 
 5.37247600e-07  9.10000000e-01  9.11012618e-01 
 5.38347600e-07  9.10000000e-01  9.11008259e-01 
 5.39447600e-07  9.10000000e-01  9.11003877e-01 
 5.40547600e-07  9.10000000e-01  9.10999472e-01 
 5.41647600e-07  9.10000000e-01  9.10995045e-01 
 5.42747600e-07  9.10000000e-01  9.10990597e-01 
 5.43847600e-07  9.10000000e-01  9.10986130e-01 
 5.44947600e-07  9.10000000e-01  9.10981644e-01 
 5.46047600e-07  9.10000000e-01  9.10977141e-01 
 5.47147600e-07  9.10000000e-01  9.10972621e-01 
 5.48247600e-07  9.10000000e-01  9.10968086e-01 
 5.49347600e-07  9.10000000e-01  9.10963537e-01 
 5.50447600e-07  9.10000000e-01  9.10958975e-01 
 5.51547600e-07  9.10000000e-01  9.10954400e-01 
 5.52647600e-07  9.10000000e-01  9.10949815e-01 
 5.53747600e-07  9.10000000e-01  9.10945219e-01 
 5.54847600e-07  9.10000000e-01  9.10940613e-01 
 5.55947600e-07  9.10000000e-01  9.10936000e-01 
 5.57047600e-07  9.10000000e-01  9.10931379e-01 
 5.58147600e-07  9.10000000e-01  9.10926751e-01 
 5.59247600e-07  9.10000000e-01  9.10922118e-01 
 5.60347600e-07  9.10000000e-01  9.10917480e-01 
 5.61447600e-07  9.10000000e-01  9.10912838e-01 
 5.62547600e-07  9.10000000e-01  9.10908194e-01 
 5.63647600e-07  9.10000000e-01  9.10903547e-01 
 5.64747600e-07  9.10000000e-01  9.10898899e-01 
 5.65847600e-07  9.10000000e-01  9.10894251e-01 
 5.66947600e-07  9.10000000e-01  9.10889603e-01 
 5.68047600e-07  9.10000000e-01  9.10884956e-01 
 5.69147600e-07  9.10000000e-01  9.10880311e-01 
 5.70247600e-07  9.10000000e-01  9.10875669e-01 
 5.71347600e-07  9.10000000e-01  9.10871030e-01 
 5.72447600e-07  9.10000000e-01  9.10866396e-01 
 5.73547600e-07  9.10000000e-01  9.10861766e-01 
 5.74647600e-07  9.10000000e-01  9.10857142e-01 
 5.75747600e-07  9.10000000e-01  9.10852525e-01 
 5.76847600e-07  9.10000000e-01  9.10847914e-01 
 5.77947600e-07  9.10000000e-01  9.10843312e-01 
 5.79047600e-07  9.10000000e-01  9.10838717e-01 
 5.80147600e-07  9.10000000e-01  9.10834132e-01 
 5.81247600e-07  9.10000000e-01  9.10829556e-01 
 5.82347600e-07  9.10000000e-01  9.10824991e-01 
 5.83447600e-07  9.10000000e-01  9.10820437e-01 
 5.84547600e-07  9.10000000e-01  9.10815894e-01 
 5.85647600e-07  9.10000000e-01  9.10811363e-01 
 5.86747600e-07  9.10000000e-01  9.10806845e-01 
 5.87847600e-07  9.10000000e-01  9.10802341e-01 
 5.88947600e-07  9.10000000e-01  9.10797850e-01 
 5.90047600e-07  9.10000000e-01  9.10793373e-01 
 5.91147600e-07  9.10000000e-01  9.10788912e-01 
 5.92247600e-07  9.10000000e-01  9.10784466e-01 
 5.93347600e-07  9.10000000e-01  9.10780035e-01 
 5.94447600e-07  9.10000000e-01  9.10775622e-01 
 5.95547600e-07  9.10000000e-01  9.10771225e-01 
 5.96647600e-07  9.10000000e-01  9.10766845e-01 
 5.97747600e-07  9.10000000e-01  9.10762484e-01 
 5.98847600e-07  9.10000000e-01  9.10758141e-01 
 5.99947600e-07  9.10000000e-01  9.10753816e-01 
 6.01047600e-07  9.10000000e-01  9.10749511e-01 
 6.02147600e-07  9.10000000e-01  9.10745225e-01 
 6.03247600e-07  9.10000000e-01  9.10740960e-01 
 6.04347600e-07  9.10000000e-01  9.10736715e-01 
 6.05447600e-07  9.10000000e-01  9.10732490e-01 
 6.06547600e-07  9.10000000e-01  9.10728287e-01 
 6.07647600e-07  9.10000000e-01  9.10724106e-01 
 6.08747600e-07  9.10000000e-01  9.10719946e-01 
 6.09847600e-07  9.10000000e-01  9.10715809e-01 
 6.10947600e-07  9.10000000e-01  9.10711694e-01 
 6.12047600e-07  9.10000000e-01  9.10707603e-01 
 6.13147600e-07  9.10000000e-01  9.10703535e-01 
 6.14247600e-07  9.10000000e-01  9.10699490e-01 
 6.15347600e-07  9.10000000e-01  9.10695469e-01 
 6.16447600e-07  9.10000000e-01  9.10691473e-01 
 6.17547600e-07  9.10000000e-01  9.10687501e-01 
 6.18647600e-07  9.10000000e-01  9.10683553e-01 
 6.19747600e-07  9.10000000e-01  9.10679631e-01 
 6.20847600e-07  9.10000000e-01  9.10675734e-01 
 6.21947600e-07  9.10000000e-01  9.10671863e-01 
 6.23047600e-07  9.10000000e-01  9.10668018e-01 
 6.24147600e-07  9.10000000e-01  9.10664198e-01 
 6.25247600e-07  9.10000000e-01  9.10660405e-01 
 6.26347600e-07  9.10000000e-01  9.10656638e-01 
 6.27447600e-07  9.10000000e-01  9.10652898e-01 
 6.28547600e-07  9.10000000e-01  9.10649185e-01 
 6.29647600e-07  9.10000000e-01  9.10645499e-01 
 6.30747600e-07  9.10000000e-01  9.10641841e-01 
 6.31847600e-07  9.10000000e-01  9.10638209e-01 
 6.32947600e-07  9.10000000e-01  9.10634606e-01 
 6.34047600e-07  9.10000000e-01  9.10631030e-01 
 6.35147600e-07  9.10000000e-01  9.10627482e-01 
 6.36247600e-07  9.10000000e-01  9.10623962e-01 
 6.37347600e-07  9.10000000e-01  9.10620470e-01 
 6.38447600e-07  9.10000000e-01  9.10617007e-01 
 6.39547600e-07  9.10000000e-01  9.10613572e-01 
 6.40647600e-07  9.10000000e-01  9.10610166e-01 
 6.41747600e-07  9.10000000e-01  9.10606789e-01 
 6.42847600e-07  9.10000000e-01  9.10603440e-01 
 6.43947600e-07  9.10000000e-01  9.10600120e-01 
 6.45047600e-07  9.10000000e-01  9.10596830e-01 
 6.46147600e-07  9.10000000e-01  9.10593568e-01 
 6.47247600e-07  9.10000000e-01  9.10590336e-01 
 6.48347600e-07  9.10000000e-01  9.10587133e-01 
 6.49447600e-07  9.10000000e-01  9.10583959e-01 
 6.50547600e-07  9.10000000e-01  9.10580814e-01 
 6.51647600e-07  9.10000000e-01  9.10577699e-01 
 6.52747600e-07  9.10000000e-01  9.10574614e-01 
 6.53847600e-07  9.10000000e-01  9.10571558e-01 
 6.54947600e-07  9.10000000e-01  9.10568531e-01 
 6.56047600e-07  9.10000000e-01  9.10565534e-01 
 6.57147600e-07  9.10000000e-01  9.10562567e-01 
 6.58247600e-07  9.10000000e-01  9.10559629e-01 
 6.59347600e-07  9.10000000e-01  9.10556721e-01 
 6.60447600e-07  9.10000000e-01  9.10553843e-01 
 6.61547600e-07  9.10000000e-01  9.10550994e-01 
 6.62647600e-07  9.10000000e-01  9.10548175e-01 
 6.63747600e-07  9.10000000e-01  9.10545386e-01 
 6.64847600e-07  9.10000000e-01  9.10542626e-01 
 6.65947600e-07  9.10000000e-01  9.10539896e-01 
 6.67047600e-07  9.10000000e-01  9.10537196e-01 
 6.68147600e-07  9.10000000e-01  9.10534525e-01 
 6.69247600e-07  9.10000000e-01  9.10531883e-01 
 6.70347600e-07  9.10000000e-01  9.10529271e-01 
 6.71447600e-07  9.10000000e-01  9.10526689e-01 
 6.72547600e-07  9.10000000e-01  9.10524136e-01 
 6.73647600e-07  9.10000000e-01  9.10521612e-01 
 6.74747600e-07  9.10000000e-01  9.10519118e-01 
 6.75847600e-07  9.10000000e-01  9.10516653e-01 
 6.76947600e-07  9.10000000e-01  9.10514217e-01 
 6.78047600e-07  9.10000000e-01  9.10511810e-01 
 6.79147600e-07  9.10000000e-01  9.10509433e-01 
 6.80247600e-07  9.10000000e-01  9.10507084e-01 
 6.81347600e-07  9.10000000e-01  9.10504764e-01 
 6.82447600e-07  9.10000000e-01  9.10502473e-01 
 6.83547600e-07  9.10000000e-01  9.10500211e-01 
 6.84647600e-07  9.10000000e-01  9.10497978e-01 
 6.85747600e-07  9.10000000e-01  9.10495773e-01 
 6.86847600e-07  9.10000000e-01  9.10493596e-01 
 6.87947600e-07  9.10000000e-01  9.10491448e-01 
 6.89047600e-07  9.10000000e-01  9.10489328e-01 
 6.90147600e-07  9.10000000e-01  9.10487237e-01 
 6.91247600e-07  9.10000000e-01  9.10485173e-01 
 6.92347600e-07  9.10000000e-01  9.10483138e-01 
 6.93447600e-07  9.10000000e-01  9.10481130e-01 
 6.94547600e-07  9.10000000e-01  9.10479150e-01 
 6.95647600e-07  9.10000000e-01  9.10477198e-01 
 6.96747600e-07  9.10000000e-01  9.10475273e-01 
 6.97847600e-07  9.10000000e-01  9.10473375e-01 
 6.98947600e-07  9.10000000e-01  9.10471505e-01 
 7.00047600e-07  9.10000000e-01  9.10469661e-01 
 7.01147600e-07  9.10000000e-01  9.10467845e-01 
 7.02247600e-07  9.10000000e-01  9.10466056e-01 
 7.03347600e-07  9.10000000e-01  9.10464293e-01 
 7.04447600e-07  9.10000000e-01  9.10462557e-01 
 7.05547600e-07  9.10000000e-01  9.10460847e-01 
 7.06647600e-07  9.10000000e-01  9.10459163e-01 
 7.07747600e-07  9.10000000e-01  9.10457506e-01 
 7.08847600e-07  9.10000000e-01  9.10455875e-01 
 7.09947600e-07  9.10000000e-01  9.10454269e-01 
 7.11047600e-07  9.10000000e-01  9.10452689e-01 
 7.12147600e-07  9.10000000e-01  9.10451135e-01 
 7.13247600e-07  9.10000000e-01  9.10449605e-01 
 7.14347600e-07  9.10000000e-01  9.10448102e-01 
 7.15447600e-07  9.10000000e-01  9.10446623e-01 
 7.16547600e-07  9.10000000e-01  9.10445169e-01 
 7.17647600e-07  9.10000000e-01  9.10443740e-01 
 7.18747600e-07  9.10000000e-01  9.10442335e-01 
 7.19847600e-07  9.10000000e-01  9.10440955e-01 
 7.20947600e-07  9.10000000e-01  9.10439599e-01 
 7.22047600e-07  9.10000000e-01  9.10438267e-01 
 7.23147600e-07  9.10000000e-01  9.10436958e-01 
 7.24247600e-07  9.10000000e-01  9.10435674e-01 
 7.25347600e-07  9.10000000e-01  9.10434413e-01 
 7.26447600e-07  9.10000000e-01  9.10433176e-01 
 7.27547600e-07  9.10000000e-01  9.10431961e-01 
 7.28647600e-07  9.10000000e-01  9.10430770e-01 
 7.29747600e-07  9.10000000e-01  9.10429601e-01 
 7.30847600e-07  9.10000000e-01  9.10428456e-01 
 7.31947600e-07  9.10000000e-01  9.10427332e-01 
 7.33047600e-07  9.10000000e-01  9.10426231e-01 
 7.34147600e-07  9.10000000e-01  9.10425152e-01 
 7.35247600e-07  9.10000000e-01  9.10424095e-01 
 7.36347600e-07  9.10000000e-01  9.10423060e-01 
 7.37447600e-07  9.10000000e-01  9.10422046e-01 
 7.38547600e-07  9.10000000e-01  9.10421054e-01 
 7.39647600e-07  9.10000000e-01  9.10420083e-01 
 7.40747600e-07  9.10000000e-01  9.10419132e-01 
 7.41847600e-07  9.10000000e-01  9.10418203e-01 
 7.42947600e-07  9.10000000e-01  9.10417294e-01 
 7.44047600e-07  9.10000000e-01  9.10416406e-01 
 7.45147600e-07  9.10000000e-01  9.10415538e-01 
 7.46247600e-07  9.10000000e-01  9.10414690e-01 
 7.47347600e-07  9.10000000e-01  9.10413862e-01 
 7.48447600e-07  9.10000000e-01  9.10413054e-01 
 7.49547600e-07  9.10000000e-01  9.10412265e-01 
 7.50647600e-07  9.10000000e-01  9.10411496e-01 
 7.51747600e-07  9.10000000e-01  9.10410746e-01 
 7.52847600e-07  9.10000000e-01  9.10410014e-01 
 7.53947600e-07  9.10000000e-01  9.10409302e-01 
 7.55047600e-07  9.10000000e-01  9.10408608e-01 
 7.56147600e-07  9.10000000e-01  9.10407932e-01 
 7.57247600e-07  9.10000000e-01  9.10407275e-01 
 7.58347600e-07  9.10000000e-01  9.10406635e-01 
 7.59447600e-07  9.10000000e-01  9.10406014e-01 
 7.60547600e-07  9.10000000e-01  9.10405410e-01 
 7.61647600e-07  9.10000000e-01  9.10404823e-01 
 7.62747600e-07  9.10000000e-01  9.10404254e-01 
 7.63847600e-07  9.10000000e-01  9.10403701e-01 
 7.64947600e-07  9.10000000e-01  9.10403166e-01 
 7.66047600e-07  9.10000000e-01  9.10402647e-01 
 7.67147600e-07  9.10000000e-01  9.10402145e-01 
 7.68247600e-07  9.10000000e-01  9.10401659e-01 
 7.69347600e-07  9.10000000e-01  9.10401189e-01 
 7.70447600e-07  9.10000000e-01  9.10400735e-01 
 7.71547600e-07  9.10000000e-01  9.10400297e-01 
 7.72647600e-07  9.10000000e-01  9.10399875e-01 
 7.73747600e-07  9.10000000e-01  9.10399467e-01 
 7.74847600e-07  9.10000000e-01  9.10399075e-01 
 7.75947600e-07  9.10000000e-01  9.10398698e-01 
 7.77047600e-07  9.10000000e-01  9.10398336e-01 
 7.78147600e-07  9.10000000e-01  9.10397989e-01 
 7.79247600e-07  9.10000000e-01  9.10397655e-01 
 7.80347600e-07  9.10000000e-01  9.10397337e-01 
 7.81447600e-07  9.10000000e-01  9.10397032e-01 
 7.82547600e-07  9.10000000e-01  9.10396741e-01 
 7.83647600e-07  9.10000000e-01  9.10396464e-01 
 7.84747600e-07  9.10000000e-01  9.10396200e-01 
 7.85847600e-07  9.10000000e-01  9.10395950e-01 
 7.86947600e-07  9.10000000e-01  9.10395713e-01 
 7.88047600e-07  9.10000000e-01  9.10395489e-01 
 7.89147600e-07  9.10000000e-01  9.10395277e-01 
 7.90247600e-07  9.10000000e-01  9.10395079e-01 
 7.91347600e-07  9.10000000e-01  9.10394893e-01 
 7.92447600e-07  9.10000000e-01  9.10394719e-01 
 7.93547600e-07  9.10000000e-01  9.10394557e-01 
 7.94647600e-07  9.10000000e-01  9.10394407e-01 
 7.95747600e-07  9.10000000e-01  9.10394269e-01 
 7.96847600e-07  9.10000000e-01  9.10394143e-01 
 7.97947600e-07  9.10000000e-01  9.10394028e-01 
 7.99047600e-07  9.10000000e-01  9.10393924e-01 
 8.00147600e-07  9.10000000e-01  9.10393831e-01 
 8.01247600e-07  9.10000000e-01  9.10393750e-01 
 8.02347600e-07  9.10000000e-01  9.10393679e-01 
 8.03447600e-07  9.10000000e-01  9.10393618e-01 
 8.04547600e-07  9.10000000e-01  9.10393568e-01 
 8.05647600e-07  9.10000000e-01  9.10393529e-01 
 8.06747600e-07  9.10000000e-01  9.10393499e-01 
 8.07847600e-07  9.10000000e-01  9.10393479e-01 
 8.08947600e-07  9.10000000e-01  9.10393469e-01 
 8.10047600e-07  9.10000000e-01  9.10393469e-01 
 8.11147600e-07  9.10000000e-01  9.10393478e-01 
 8.12247600e-07  9.10000000e-01  9.10393496e-01 
 8.13347600e-07  9.10000000e-01  9.10393524e-01 
 8.14447600e-07  9.10000000e-01  9.10393560e-01 
 8.15547600e-07  9.10000000e-01  9.10393606e-01 
 8.16647600e-07  9.10000000e-01  9.10393660e-01 
 8.17747600e-07  9.10000000e-01  9.10393722e-01 
 8.18847600e-07  9.10000000e-01  9.10393793e-01 
 8.19947600e-07  9.10000000e-01  9.10393872e-01 
 8.21047600e-07  9.10000000e-01  9.10393959e-01 
 8.22147600e-07  9.10000000e-01  9.10394054e-01 
 8.23247600e-07  9.10000000e-01  9.10394157e-01 
 8.24347600e-07  9.10000000e-01  9.10394267e-01 
 8.25447600e-07  9.10000000e-01  9.10394385e-01 
 8.26547600e-07  9.10000000e-01  9.10394510e-01 
 8.27647600e-07  9.10000000e-01  9.10394643e-01 
 8.28747600e-07  9.10000000e-01  9.10394782e-01 
 8.29847600e-07  9.10000000e-01  9.10394928e-01 
 8.30947600e-07  9.10000000e-01  9.10395081e-01 
 8.32047600e-07  9.10000000e-01  9.10395241e-01 
 8.33147600e-07  9.10000000e-01  9.10395407e-01 
 8.34247600e-07  9.10000000e-01  9.10395580e-01 
 8.35347600e-07  9.10000000e-01  9.10395758e-01 
 8.36447600e-07  9.10000000e-01  9.10395943e-01 
 8.37547600e-07  9.10000000e-01  9.10396134e-01 
 8.38647600e-07  9.10000000e-01  9.10396330e-01 
 8.39747600e-07  9.10000000e-01  9.10396532e-01 
 8.40847600e-07  9.10000000e-01  9.10396740e-01 
 8.41947600e-07  9.10000000e-01  9.10396953e-01 
 8.43047600e-07  9.10000000e-01  9.10397171e-01 
 8.44147600e-07  9.10000000e-01  9.10397395e-01 
 8.45247600e-07  9.10000000e-01  9.10397623e-01 
 8.46347600e-07  9.10000000e-01  9.10397857e-01 
 8.47447600e-07  9.10000000e-01  9.10398095e-01 
 8.48547600e-07  9.10000000e-01  9.10398338e-01 
 8.49647600e-07  9.10000000e-01  9.10398586e-01 
 8.50747600e-07  9.10000000e-01  9.10398838e-01 
 8.51847600e-07  9.10000000e-01  9.10399094e-01 
 8.52947600e-07  9.10000000e-01  9.10399354e-01 
 8.54047600e-07  9.10000000e-01  9.10399619e-01 
 8.55147600e-07  9.10000000e-01  9.10399888e-01 
 8.56247600e-07  9.10000000e-01  9.10400160e-01 
 8.57347600e-07  9.10000000e-01  9.10400436e-01 
 8.58447600e-07  9.10000000e-01  9.10400716e-01 
 8.59547600e-07  9.10000000e-01  9.10400999e-01 
 8.60647600e-07  9.10000000e-01  9.10401286e-01 
 8.61747600e-07  9.10000000e-01  9.10401576e-01 
 8.62847600e-07  9.10000000e-01  9.10401869e-01 
 8.63947600e-07  9.10000000e-01  9.10402166e-01 
 8.65047600e-07  9.10000000e-01  9.10402465e-01 
 8.66147600e-07  9.10000000e-01  9.10402767e-01 
 8.67247600e-07  9.10000000e-01  9.10403072e-01 
 8.68347600e-07  9.10000000e-01  9.10403380e-01 
 8.69447600e-07  9.10000000e-01  9.10403690e-01 
 8.70547600e-07  9.10000000e-01  9.10404003e-01 
 8.71647600e-07  9.10000000e-01  9.10404319e-01 
 8.72747600e-07  9.10000000e-01  9.10404636e-01 
 8.73847600e-07  9.10000000e-01  9.10404956e-01 
 8.74947600e-07  9.10000000e-01  9.10405278e-01 
 8.76047600e-07  9.10000000e-01  9.10405602e-01 
 8.77147600e-07  9.10000000e-01  9.10405928e-01 
 8.78247600e-07  9.10000000e-01  9.10406256e-01 
 8.79347600e-07  9.10000000e-01  9.10406585e-01 
 8.80447600e-07  9.10000000e-01  9.10406917e-01 
 8.81547600e-07  9.10000000e-01  9.10407250e-01 
 8.82647600e-07  9.10000000e-01  9.10407584e-01 
 8.83747600e-07  9.10000000e-01  9.10407920e-01 
 8.84847600e-07  9.10000000e-01  9.10408257e-01 
 8.85947600e-07  9.10000000e-01  9.10408595e-01 
 8.87047600e-07  9.10000000e-01  9.10408935e-01 
 8.88147600e-07  9.10000000e-01  9.10409276e-01 
 8.89247600e-07  9.10000000e-01  9.10409618e-01 
 8.90347600e-07  9.10000000e-01  9.10409960e-01 
 8.91447600e-07  9.10000000e-01  9.10410304e-01 
 8.92547600e-07  9.10000000e-01  9.10410648e-01 
 8.93647600e-07  9.10000000e-01  9.10410994e-01 
 8.94747600e-07  9.10000000e-01  9.10411339e-01 
 8.95847600e-07  9.10000000e-01  9.10411686e-01 
 8.96947600e-07  9.10000000e-01  9.10412033e-01 
 8.98047600e-07  9.10000000e-01  9.10412380e-01 
 8.99147600e-07  9.10000000e-01  9.10412728e-01 
 9.00247600e-07  9.10000000e-01  9.10413076e-01 
 9.01347600e-07  9.10000000e-01  9.10413425e-01 
 9.02447600e-07  9.10000000e-01  9.10413773e-01 
 9.03547600e-07  9.10000000e-01  9.10414122e-01 
 9.04647600e-07  9.10000000e-01  9.10414471e-01 
 9.05747600e-07  9.10000000e-01  9.10414819e-01 
 9.06847600e-07  9.10000000e-01  9.10415168e-01 
 9.07947600e-07  9.10000000e-01  9.10415517e-01 
 9.09047600e-07  9.10000000e-01  9.10415865e-01 
 9.10147600e-07  9.10000000e-01  9.10416213e-01 
 9.11247600e-07  9.10000000e-01  9.10416561e-01 
 9.12347600e-07  9.10000000e-01  9.10416909e-01 
 9.13447600e-07  9.10000000e-01  9.10417256e-01 
 9.14547600e-07  9.10000000e-01  9.10417603e-01 
 9.15647600e-07  9.10000000e-01  9.10417949e-01 
 9.16747600e-07  9.10000000e-01  9.10418295e-01 
 9.17847600e-07  9.10000000e-01  9.10418640e-01 
 9.18947600e-07  9.10000000e-01  9.10418984e-01 
 9.20047600e-07  9.10000000e-01  9.10419328e-01 
 9.21147600e-07  9.10000000e-01  9.10419671e-01 
 9.22247600e-07  9.10000000e-01  9.10420013e-01 
 9.23347600e-07  9.10000000e-01  9.10420354e-01 
 9.24447600e-07  9.10000000e-01  9.10420695e-01 
 9.25547600e-07  9.10000000e-01  9.10421034e-01 
 9.26647600e-07  9.10000000e-01  9.10421373e-01 
 9.27747600e-07  9.10000000e-01  9.10421710e-01 
 9.28847600e-07  9.10000000e-01  9.10422047e-01 
 9.29947600e-07  9.10000000e-01  9.10422382e-01 
 9.31047600e-07  9.10000000e-01  9.10422716e-01 
 9.32147600e-07  9.10000000e-01  9.10423049e-01 
 9.33247600e-07  9.10000000e-01  9.10423381e-01 
 9.34347600e-07  9.10000000e-01  9.10423712e-01 
 9.35447600e-07  9.10000000e-01  9.10424041e-01 
 9.36547600e-07  9.10000000e-01  9.10424369e-01 
 9.37647600e-07  9.10000000e-01  9.10424696e-01 
 9.38747600e-07  9.10000000e-01  9.10425021e-01 
 9.39847600e-07  9.10000000e-01  9.10425345e-01 
 9.40947600e-07  9.10000000e-01  9.10425667e-01 
 9.42047600e-07  9.10000000e-01  9.10425988e-01 
 9.43147600e-07  9.10000000e-01  9.10426307e-01 
 9.44247600e-07  9.10000000e-01  9.10426625e-01 
 9.45347600e-07  9.10000000e-01  9.10426941e-01 
 9.46447600e-07  9.10000000e-01  9.10427256e-01 
 9.47547600e-07  9.10000000e-01  9.10427569e-01 
 9.48647600e-07  9.10000000e-01  9.10427880e-01 
 9.49747600e-07  9.10000000e-01  9.10428190e-01 
 9.50847600e-07  9.10000000e-01  9.10428498e-01 
 9.51947600e-07  9.10000000e-01  9.10428804e-01 
 9.53047600e-07  9.10000000e-01  9.10429108e-01 
 9.54147600e-07  9.10000000e-01  9.10429411e-01 
 9.55247600e-07  9.10000000e-01  9.10429712e-01 
 9.56347600e-07  9.10000000e-01  9.10430011e-01 
 9.57447600e-07  9.10000000e-01  9.10430308e-01 
 9.58547600e-07  9.10000000e-01  9.10430603e-01 
 9.59647600e-07  9.10000000e-01  9.10430897e-01 
 9.60747600e-07  9.10000000e-01  9.10431188e-01 
 9.61847600e-07  9.10000000e-01  9.10431478e-01 
 9.62947600e-07  9.10000000e-01  9.10431765e-01 
 9.64047600e-07  9.10000000e-01  9.10432051e-01 
 9.65147600e-07  9.10000000e-01  9.10432334e-01 
 9.66247600e-07  9.10000000e-01  9.10432616e-01 
 9.67347600e-07  9.10000000e-01  9.10432896e-01 
 9.68447600e-07  9.10000000e-01  9.10433173e-01 
 9.69547600e-07  9.10000000e-01  9.10433449e-01 
 9.70647600e-07  9.10000000e-01  9.10433723e-01 
 9.71747600e-07  9.10000000e-01  9.10433994e-01 
 9.72847600e-07  9.10000000e-01  9.10434263e-01 
 9.73947600e-07  9.10000000e-01  9.10434531e-01 
 9.75047600e-07  9.10000000e-01  9.10434796e-01 
 9.76147600e-07  9.10000000e-01  9.10435059e-01 
 9.77247600e-07  9.10000000e-01  9.10435320e-01 
 9.78347600e-07  9.10000000e-01  9.10435579e-01 
 9.79447600e-07  9.10000000e-01  9.10435835e-01 
 9.80547600e-07  9.10000000e-01  9.10436090e-01 
 9.81647600e-07  9.10000000e-01  9.10436342e-01 
 9.82747600e-07  9.10000000e-01  9.10436593e-01 
 9.83847600e-07  9.10000000e-01  9.10436841e-01 
 9.84947600e-07  9.10000000e-01  9.10437086e-01 
 9.86047600e-07  9.10000000e-01  9.10437330e-01 
 9.87147600e-07  9.10000000e-01  9.10437572e-01 
 9.88247600e-07  9.10000000e-01  9.10437811e-01 
 9.89347600e-07  9.10000000e-01  9.10438048e-01 
 9.90447600e-07  9.10000000e-01  9.10438283e-01 
 9.91547600e-07  9.10000000e-01  9.10438516e-01 
 9.92647600e-07  9.10000000e-01  9.10438746e-01 
 9.93747600e-07  9.10000000e-01  9.10438974e-01 
 9.94847600e-07  9.10000000e-01  9.10439200e-01 
 9.95947600e-07  9.10000000e-01  9.10439424e-01 
 9.97047600e-07  9.10000000e-01  9.10439646e-01 
 9.98147600e-07  9.10000000e-01  9.10439865e-01 
 9.99247600e-07  9.10000000e-01  9.10440082e-01 
 1.00034760e-06  9.10000000e-01  9.10440297e-01 
 1.00144760e-06  9.10000000e-01  9.10440510e-01 
 1.00254760e-06  9.10000000e-01  9.10440720e-01 
 1.00364760e-06  9.10000000e-01  9.10440928e-01 
 1.00474760e-06  9.10000000e-01  9.10441134e-01 
 1.00584760e-06  9.10000000e-01  9.10441338e-01 
 1.00694760e-06  9.10000000e-01  9.10441540e-01 
 1.00804760e-06  9.10000000e-01  9.10441739e-01 
 1.00914760e-06  9.10000000e-01  9.10441936e-01 
 1.01024760e-06  9.10000000e-01  9.10442131e-01 
 1.01134760e-06  9.10000000e-01  9.10442324e-01 
 1.01244760e-06  9.10000000e-01  9.10442514e-01 
 1.01354760e-06  9.10000000e-01  9.10442702e-01 
 1.01464760e-06  9.10000000e-01  9.10442889e-01 
 1.01574760e-06  9.10000000e-01  9.10443072e-01 
 1.01684760e-06  9.10000000e-01  9.10443254e-01 
 1.01794760e-06  9.10000000e-01  9.10443434e-01 
 1.01904760e-06  9.10000000e-01  9.10443611e-01 
 1.02014760e-06  9.10000000e-01  9.10443786e-01 
 1.02124760e-06  9.10000000e-01  9.10443959e-01 
 1.02234760e-06  9.10000000e-01  9.10444130e-01 
 1.02344760e-06  9.10000000e-01  9.10444299e-01 
 1.02454760e-06  9.10000000e-01  9.10444465e-01 
 1.02564760e-06  9.10000000e-01  9.10444630e-01 
 1.02674760e-06  9.10000000e-01  9.10444792e-01 
 1.02784760e-06  9.10000000e-01  9.10444952e-01 
 1.02894760e-06  9.10000000e-01  9.10445110e-01 
 1.03004760e-06  9.10000000e-01  9.10445266e-01 
 1.03114760e-06  9.10000000e-01  9.10445420e-01 
 1.03224760e-06  9.10000000e-01  9.10445572e-01 
 1.03334760e-06  9.10000000e-01  9.10445721e-01 
 1.03444760e-06  9.10000000e-01  9.10445869e-01 
 1.03554760e-06  9.10000000e-01  9.10446015e-01 
 1.03664760e-06  9.10000000e-01  9.10446158e-01 
 1.03774760e-06  9.10000000e-01  9.10446299e-01 
 1.03884760e-06  9.10000000e-01  9.10446439e-01 
 1.03994760e-06  9.10000000e-01  9.10446576e-01 
 1.04104760e-06  9.10000000e-01  9.10446711e-01 
 1.04214760e-06  9.10000000e-01  9.10446845e-01 
 1.04324760e-06  9.10000000e-01  9.10446976e-01 
 1.04434760e-06  9.10000000e-01  9.10447105e-01 
 1.04544760e-06  9.10000000e-01  9.10447233e-01 
 1.04654760e-06  9.10000000e-01  9.10447358e-01 
 1.04764760e-06  9.10000000e-01  9.10447482e-01 
 1.04874760e-06  9.10000000e-01  9.10447603e-01 
 1.04984760e-06  9.10000000e-01  9.10447723e-01 
 1.05094760e-06  9.10000000e-01  9.10447840e-01 
 1.05204760e-06  9.10000000e-01  9.10447956e-01 
 1.05314760e-06  9.10000000e-01  9.10448070e-01 
 1.05424760e-06  9.10000000e-01  9.10448182e-01 
 1.05534760e-06  9.10000000e-01  9.10448292e-01 
 1.05644760e-06  9.10000000e-01  9.10448400e-01 
 1.05754760e-06  9.10000000e-01  9.10448506e-01 
 1.05864760e-06  9.10000000e-01  9.10448611e-01 
 1.05974760e-06  9.10000000e-01  9.10448714e-01 
 1.06084760e-06  9.10000000e-01  9.10448815e-01 
 1.06194760e-06  9.10000000e-01  9.10448914e-01 
 1.06304760e-06  9.10000000e-01  9.10449011e-01 
 1.06414760e-06  9.10000000e-01  9.10449107e-01 
 1.06524760e-06  9.10000000e-01  9.10449200e-01 
 1.06634760e-06  9.10000000e-01  9.10449292e-01 
 1.06744760e-06  9.10000000e-01  9.10449383e-01 
 1.06854760e-06  9.10000000e-01  9.10449471e-01 
 1.06964760e-06  9.10000000e-01  9.10449558e-01 
 1.07074760e-06  9.10000000e-01  9.10449643e-01 
 1.07184760e-06  9.10000000e-01  9.10449727e-01 
 1.07294760e-06  9.10000000e-01  9.10449809e-01 
 1.07404760e-06  9.10000000e-01  9.10449889e-01 
 1.07514760e-06  9.10000000e-01  9.10449968e-01 
 1.07624760e-06  9.10000000e-01  9.10450044e-01 
 1.07734760e-06  9.10000000e-01  9.10450120e-01 
 1.07844760e-06  9.10000000e-01  9.10450194e-01 
 1.07954760e-06  9.10000000e-01  9.10450266e-01 
 1.08064760e-06  9.10000000e-01  9.10450336e-01 
 1.08174760e-06  9.10000000e-01  9.10450405e-01 
 1.08284760e-06  9.10000000e-01  9.10450473e-01 
 1.08394760e-06  9.10000000e-01  9.10450539e-01 
 1.08504760e-06  9.10000000e-01  9.10450603e-01 
 1.08614760e-06  9.10000000e-01  9.10450666e-01 
 1.08724760e-06  9.10000000e-01  9.10450728e-01 
 1.08834760e-06  9.10000000e-01  9.10450788e-01 
 1.08944760e-06  9.10000000e-01  9.10450846e-01 
 1.09054760e-06  9.10000000e-01  9.10450903e-01 
 1.09164760e-06  9.10000000e-01  9.10450959e-01 
 1.09274760e-06  9.10000000e-01  9.10451013e-01 
 1.09384760e-06  9.10000000e-01  9.10451066e-01 
 1.09494760e-06  9.10000000e-01  9.10451117e-01 
 1.09604760e-06  9.10000000e-01  9.10451167e-01 
 1.09714760e-06  9.10000000e-01  9.10451216e-01 
 1.09824760e-06  9.10000000e-01  9.10451263e-01 
 1.09934760e-06  9.10000000e-01  9.10451310e-01 
 1.10000000e-06  9.10000000e-01  9.10451336e-01 
