 v-sweep         Vout           
-1.00000000e-05  8.87732820e-01 
-9.98000000e-06  8.87760222e-01 
-9.96000000e-06  8.87787625e-01 
-9.94000000e-06  8.87815028e-01 
-9.92000000e-06  8.87842432e-01 
-9.90000000e-06  8.87869837e-01 
-9.88000000e-06  8.87897243e-01 
-9.86000000e-06  8.87924649e-01 
-9.84000000e-06  8.87952056e-01 
-9.82000000e-06  8.87979463e-01 
-9.80000000e-06  8.88006871e-01 
-9.78000000e-06  8.88034280e-01 
-9.76000000e-06  8.88061690e-01 
-9.74000000e-06  8.88089100e-01 
-9.72000000e-06  8.88116511e-01 
-9.70000000e-06  8.88143923e-01 
-9.68000000e-06  8.88171335e-01 
-9.66000000e-06  8.88198748e-01 
-9.64000000e-06  8.88226161e-01 
-9.62000000e-06  8.88253576e-01 
-9.60000000e-06  8.88280991e-01 
-9.58000000e-06  8.88308406e-01 
-9.56000000e-06  8.88335822e-01 
-9.54000000e-06  8.88363239e-01 
-9.52000000e-06  8.88390657e-01 
-9.50000000e-06  8.88418075e-01 
-9.48000000e-06  8.88445494e-01 
-9.46000000e-06  8.88472914e-01 
-9.44000000e-06  8.88500334e-01 
-9.42000000e-06  8.88527755e-01 
-9.40000000e-06  8.88555177e-01 
-9.38000000e-06  8.88582600e-01 
-9.36000000e-06  8.88610023e-01 
-9.34000000e-06  8.88637446e-01 
-9.32000000e-06  8.88664871e-01 
-9.30000000e-06  8.88692296e-01 
-9.28000000e-06  8.88719722e-01 
-9.26000000e-06  8.88747148e-01 
-9.24000000e-06  8.88774575e-01 
-9.22000000e-06  8.88802003e-01 
-9.20000000e-06  8.88829431e-01 
-9.18000000e-06  8.88856860e-01 
-9.16000000e-06  8.88884290e-01 
-9.14000000e-06  8.88911721e-01 
-9.12000000e-06  8.88939152e-01 
-9.10000000e-06  8.88966583e-01 
-9.08000000e-06  8.88994016e-01 
-9.06000000e-06  8.89021449e-01 
-9.04000000e-06  8.89048883e-01 
-9.02000000e-06  8.89076317e-01 
-9.00000000e-06  8.89103753e-01 
-8.98000000e-06  8.89131188e-01 
-8.96000000e-06  8.89158625e-01 
-8.94000000e-06  8.89186062e-01 
-8.92000000e-06  8.89213500e-01 
-8.90000000e-06  8.89240938e-01 
-8.88000000e-06  8.89268378e-01 
-8.86000000e-06  8.89295817e-01 
-8.84000000e-06  8.89323258e-01 
-8.82000000e-06  8.89350699e-01 
-8.80000000e-06  8.89378141e-01 
-8.78000000e-06  8.89405584e-01 
-8.76000000e-06  8.89433027e-01 
-8.74000000e-06  8.89460471e-01 
-8.72000000e-06  8.89487915e-01 
-8.70000000e-06  8.89515361e-01 
-8.68000000e-06  8.89542806e-01 
-8.66000000e-06  8.89570253e-01 
-8.64000000e-06  8.89597700e-01 
-8.62000000e-06  8.89625148e-01 
-8.60000000e-06  8.89652597e-01 
-8.58000000e-06  8.89680046e-01 
-8.56000000e-06  8.89707496e-01 
-8.54000000e-06  8.89734947e-01 
-8.52000000e-06  8.89762398e-01 
-8.50000000e-06  8.89789850e-01 
-8.48000000e-06  8.89817302e-01 
-8.46000000e-06  8.89844756e-01 
-8.44000000e-06  8.89872210e-01 
-8.42000000e-06  8.89899664e-01 
-8.40000000e-06  8.89927120e-01 
-8.38000000e-06  8.89954576e-01 
-8.36000000e-06  8.89982032e-01 
-8.34000000e-06  8.90009489e-01 
-8.32000000e-06  8.90036947e-01 
-8.30000000e-06  8.90064406e-01 
-8.28000000e-06  8.90091865e-01 
-8.26000000e-06  8.90119325e-01 
-8.24000000e-06  8.90146786e-01 
-8.22000000e-06  8.90174247e-01 
-8.20000000e-06  8.90201709e-01 
-8.18000000e-06  8.90229172e-01 
-8.16000000e-06  8.90256635e-01 
-8.14000000e-06  8.90284099e-01 
-8.12000000e-06  8.90311564e-01 
-8.10000000e-06  8.90339029e-01 
-8.08000000e-06  8.90366495e-01 
-8.06000000e-06  8.90393962e-01 
-8.04000000e-06  8.90421429e-01 
-8.02000000e-06  8.90448897e-01 
-8.00000000e-06  8.90476366e-01 
-7.98000000e-06  8.90503836e-01 
-7.96000000e-06  8.90531306e-01 
-7.94000000e-06  8.90558776e-01 
-7.92000000e-06  8.90586248e-01 
-7.90000000e-06  8.90613720e-01 
-7.88000000e-06  8.90641192e-01 
-7.86000000e-06  8.90668666e-01 
-7.84000000e-06  8.90696140e-01 
-7.82000000e-06  8.90723614e-01 
-7.80000000e-06  8.90751090e-01 
-7.78000000e-06  8.90778566e-01 
-7.76000000e-06  8.90806043e-01 
-7.74000000e-06  8.90833520e-01 
-7.72000000e-06  8.90860998e-01 
-7.70000000e-06  8.90888477e-01 
-7.68000000e-06  8.90915956e-01 
-7.66000000e-06  8.90943436e-01 
-7.64000000e-06  8.90970917e-01 
-7.62000000e-06  8.90998398e-01 
-7.60000000e-06  8.91025880e-01 
-7.58000000e-06  8.91053363e-01 
-7.56000000e-06  8.91080846e-01 
-7.54000000e-06  8.91108331e-01 
-7.52000000e-06  8.91135815e-01 
-7.50000000e-06  8.91163301e-01 
-7.48000000e-06  8.91190787e-01 
-7.46000000e-06  8.91218273e-01 
-7.44000000e-06  8.91245761e-01 
-7.42000000e-06  8.91273249e-01 
-7.40000000e-06  8.91300738e-01 
-7.38000000e-06  8.91328227e-01 
-7.36000000e-06  8.91355717e-01 
-7.34000000e-06  8.91383208e-01 
-7.32000000e-06  8.91410699e-01 
-7.30000000e-06  8.91438191e-01 
-7.28000000e-06  8.91465684e-01 
-7.26000000e-06  8.91493177e-01 
-7.24000000e-06  8.91520671e-01 
-7.22000000e-06  8.91548166e-01 
-7.20000000e-06  8.91575662e-01 
-7.18000000e-06  8.91603158e-01 
-7.16000000e-06  8.91630654e-01 
-7.14000000e-06  8.91658152e-01 
-7.12000000e-06  8.91685650e-01 
-7.10000000e-06  8.91713148e-01 
-7.08000000e-06  8.91740648e-01 
-7.06000000e-06  8.91768148e-01 
-7.04000000e-06  8.91795649e-01 
-7.02000000e-06  8.91823150e-01 
-7.00000000e-06  8.91850652e-01 
-6.98000000e-06  8.91878155e-01 
-6.96000000e-06  8.91905658e-01 
-6.94000000e-06  8.91933162e-01 
-6.92000000e-06  8.91960667e-01 
-6.90000000e-06  8.91988172e-01 
-6.88000000e-06  8.92015678e-01 
-6.86000000e-06  8.92043185e-01 
-6.84000000e-06  8.92070692e-01 
-6.82000000e-06  8.92098200e-01 
-6.80000000e-06  8.92125709e-01 
-6.78000000e-06  8.92153219e-01 
-6.76000000e-06  8.92180729e-01 
-6.74000000e-06  8.92208239e-01 
-6.72000000e-06  8.92235751e-01 
-6.70000000e-06  8.92263263e-01 
-6.68000000e-06  8.92290775e-01 
-6.66000000e-06  8.92318289e-01 
-6.64000000e-06  8.92345803e-01 
-6.62000000e-06  8.92373317e-01 
-6.60000000e-06  8.92400833e-01 
-6.58000000e-06  8.92428349e-01 
-6.56000000e-06  8.92455866e-01 
-6.54000000e-06  8.92483383e-01 
-6.52000000e-06  8.92510901e-01 
-6.50000000e-06  8.92538420e-01 
-6.48000000e-06  8.92565939e-01 
-6.46000000e-06  8.92593459e-01 
-6.44000000e-06  8.92620980e-01 
-6.42000000e-06  8.92648501e-01 
-6.40000000e-06  8.92676023e-01 
-6.38000000e-06  8.92703546e-01 
-6.36000000e-06  8.92731069e-01 
-6.34000000e-06  8.92758593e-01 
-6.32000000e-06  8.92786117e-01 
-6.30000000e-06  8.92813643e-01 
-6.28000000e-06  8.92841169e-01 
-6.26000000e-06  8.92868695e-01 
-6.24000000e-06  8.92896223e-01 
-6.22000000e-06  8.92923751e-01 
-6.20000000e-06  8.92951279e-01 
-6.18000000e-06  8.92978809e-01 
-6.16000000e-06  8.93006338e-01 
-6.14000000e-06  8.93033869e-01 
-6.12000000e-06  8.93061400e-01 
-6.10000000e-06  8.93088932e-01 
-6.08000000e-06  8.93116465e-01 
-6.06000000e-06  8.93143998e-01 
-6.04000000e-06  8.93171532e-01 
-6.02000000e-06  8.93199067e-01 
-6.00000000e-06  8.93226602e-01 
-5.98000000e-06  8.93254138e-01 
-5.96000000e-06  8.93281674e-01 
-5.94000000e-06  8.93309212e-01 
-5.92000000e-06  8.93336750e-01 
-5.90000000e-06  8.93364288e-01 
-5.88000000e-06  8.93391827e-01 
-5.86000000e-06  8.93419367e-01 
-5.84000000e-06  8.93446908e-01 
-5.82000000e-06  8.93474449e-01 
-5.80000000e-06  8.93501991e-01 
-5.78000000e-06  8.93529533e-01 
-5.76000000e-06  8.93557077e-01 
-5.74000000e-06  8.93584621e-01 
-5.72000000e-06  8.93612165e-01 
-5.70000000e-06  8.93639710e-01 
-5.68000000e-06  8.93667256e-01 
-5.66000000e-06  8.93694803e-01 
-5.64000000e-06  8.93722350e-01 
-5.62000000e-06  8.93749898e-01 
-5.60000000e-06  8.93777446e-01 
-5.58000000e-06  8.93804995e-01 
-5.56000000e-06  8.93832545e-01 
-5.54000000e-06  8.93860096e-01 
-5.52000000e-06  8.93887647e-01 
-5.50000000e-06  8.93915198e-01 
-5.48000000e-06  8.93942751e-01 
-5.46000000e-06  8.93970304e-01 
-5.44000000e-06  8.93997858e-01 
-5.42000000e-06  8.94025412e-01 
-5.40000000e-06  8.94052967e-01 
-5.38000000e-06  8.94080523e-01 
-5.36000000e-06  8.94108080e-01 
-5.34000000e-06  8.94135637e-01 
-5.32000000e-06  8.94163194e-01 
-5.30000000e-06  8.94190753e-01 
-5.28000000e-06  8.94218312e-01 
-5.26000000e-06  8.94245872e-01 
-5.24000000e-06  8.94273432e-01 
-5.22000000e-06  8.94300993e-01 
-5.20000000e-06  8.94328555e-01 
-5.18000000e-06  8.94356117e-01 
-5.16000000e-06  8.94383680e-01 
-5.14000000e-06  8.94411244e-01 
-5.12000000e-06  8.94438808e-01 
-5.10000000e-06  8.94466373e-01 
-5.08000000e-06  8.94493939e-01 
-5.06000000e-06  8.94521505e-01 
-5.04000000e-06  8.94549072e-01 
-5.02000000e-06  8.94576640e-01 
-5.00000000e-06  8.94604208e-01 
-4.98000000e-06  8.94631777e-01 
-4.96000000e-06  8.94659347e-01 
-4.94000000e-06  8.94686917e-01 
-4.92000000e-06  8.94714488e-01 
-4.90000000e-06  8.94742059e-01 
-4.88000000e-06  8.94769632e-01 
-4.86000000e-06  8.94797205e-01 
-4.84000000e-06  8.94824778e-01 
-4.82000000e-06  8.94852352e-01 
-4.80000000e-06  8.94879927e-01 
-4.78000000e-06  8.94907503e-01 
-4.76000000e-06  8.94935079e-01 
-4.74000000e-06  8.94962656e-01 
-4.72000000e-06  8.94990233e-01 
-4.70000000e-06  8.95017812e-01 
-4.68000000e-06  8.95045391e-01 
-4.66000000e-06  8.95072970e-01 
-4.64000000e-06  8.95100550e-01 
-4.62000000e-06  8.95128131e-01 
-4.60000000e-06  8.95155713e-01 
-4.58000000e-06  8.95183295e-01 
-4.56000000e-06  8.95210877e-01 
-4.54000000e-06  8.95238461e-01 
-4.52000000e-06  8.95266045e-01 
-4.50000000e-06  8.95293630e-01 
-4.48000000e-06  8.95321215e-01 
-4.46000000e-06  8.95348801e-01 
-4.44000000e-06  8.95376388e-01 
-4.42000000e-06  8.95403975e-01 
-4.40000000e-06  8.95431564e-01 
-4.38000000e-06  8.95459152e-01 
-4.36000000e-06  8.95486742e-01 
-4.34000000e-06  8.95514332e-01 
-4.32000000e-06  8.95541922e-01 
-4.30000000e-06  8.95569514e-01 
-4.28000000e-06  8.95597106e-01 
-4.26000000e-06  8.95624698e-01 
-4.24000000e-06  8.95652292e-01 
-4.22000000e-06  8.95679886e-01 
-4.20000000e-06  8.95707480e-01 
-4.18000000e-06  8.95735076e-01 
-4.16000000e-06  8.95762672e-01 
-4.14000000e-06  8.95790268e-01 
-4.12000000e-06  8.95817865e-01 
-4.10000000e-06  8.95845463e-01 
-4.08000000e-06  8.95873062e-01 
-4.06000000e-06  8.95900661e-01 
-4.04000000e-06  8.95928261e-01 
-4.02000000e-06  8.95955862e-01 
-4.00000000e-06  8.95983463e-01 
-3.98000000e-06  8.96011065e-01 
-3.96000000e-06  8.96038667e-01 
-3.94000000e-06  8.96066270e-01 
-3.92000000e-06  8.96093874e-01 
-3.90000000e-06  8.96121479e-01 
-3.88000000e-06  8.96149084e-01 
-3.86000000e-06  8.96176690e-01 
-3.84000000e-06  8.96204296e-01 
-3.82000000e-06  8.96231903e-01 
-3.80000000e-06  8.96259511e-01 
-3.78000000e-06  8.96287119e-01 
-3.76000000e-06  8.96314729e-01 
-3.74000000e-06  8.96342338e-01 
-3.72000000e-06  8.96369949e-01 
-3.70000000e-06  8.96397560e-01 
-3.68000000e-06  8.96425171e-01 
-3.66000000e-06  8.96452784e-01 
-3.64000000e-06  8.96480397e-01 
-3.62000000e-06  8.96508011e-01 
-3.60000000e-06  8.96535625e-01 
-3.58000000e-06  8.96563240e-01 
-3.56000000e-06  8.96590855e-01 
-3.54000000e-06  8.96618472e-01 
-3.52000000e-06  8.96646089e-01 
-3.50000000e-06  8.96673706e-01 
-3.48000000e-06  8.96701325e-01 
-3.46000000e-06  8.96728944e-01 
-3.44000000e-06  8.96756563e-01 
-3.42000000e-06  8.96784183e-01 
-3.40000000e-06  8.96811804e-01 
-3.38000000e-06  8.96839426e-01 
-3.36000000e-06  8.96867048e-01 
-3.34000000e-06  8.96894671e-01 
-3.32000000e-06  8.96922294e-01 
-3.30000000e-06  8.96949918e-01 
-3.28000000e-06  8.96977543e-01 
-3.26000000e-06  8.97005169e-01 
-3.24000000e-06  8.97032795e-01 
-3.22000000e-06  8.97060422e-01 
-3.20000000e-06  8.97088049e-01 
-3.18000000e-06  8.97115677e-01 
-3.16000000e-06  8.97143306e-01 
-3.14000000e-06  8.97170935e-01 
-3.12000000e-06  8.97198565e-01 
-3.10000000e-06  8.97226196e-01 
-3.08000000e-06  8.97253827e-01 
-3.06000000e-06  8.97281459e-01 
-3.04000000e-06  8.97309092e-01 
-3.02000000e-06  8.97336725e-01 
-3.00000000e-06  8.97364359e-01 
-2.98000000e-06  8.97391994e-01 
-2.96000000e-06  8.97419629e-01 
-2.94000000e-06  8.97447265e-01 
-2.92000000e-06  8.97474902e-01 
-2.90000000e-06  8.97502539e-01 
-2.88000000e-06  8.97530177e-01 
-2.86000000e-06  8.97557816e-01 
-2.84000000e-06  8.97585455e-01 
-2.82000000e-06  8.97613095e-01 
-2.80000000e-06  8.97640735e-01 
-2.78000000e-06  8.97668376e-01 
-2.76000000e-06  8.97696018e-01 
-2.74000000e-06  8.97723661e-01 
-2.72000000e-06  8.97751304e-01 
-2.70000000e-06  8.97778948e-01 
-2.68000000e-06  8.97806592e-01 
-2.66000000e-06  8.97834237e-01 
-2.64000000e-06  8.97861883e-01 
-2.62000000e-06  8.97889529e-01 
-2.60000000e-06  8.97917176e-01 
-2.58000000e-06  8.97944824e-01 
-2.56000000e-06  8.97972472e-01 
-2.54000000e-06  8.98000121e-01 
-2.52000000e-06  8.98027771e-01 
-2.50000000e-06  8.98055421e-01 
-2.48000000e-06  8.98083072e-01 
-2.46000000e-06  8.98110724e-01 
-2.44000000e-06  8.98138376e-01 
-2.42000000e-06  8.98166029e-01 
-2.40000000e-06  8.98193683e-01 
-2.38000000e-06  8.98221337e-01 
-2.36000000e-06  8.98248992e-01 
-2.34000000e-06  8.98276647e-01 
-2.32000000e-06  8.98304304e-01 
-2.30000000e-06  8.98331960e-01 
-2.28000000e-06  8.98359618e-01 
-2.26000000e-06  8.98387276e-01 
-2.24000000e-06  8.98414935e-01 
-2.22000000e-06  8.98442594e-01 
-2.20000000e-06  8.98470254e-01 
-2.18000000e-06  8.98497915e-01 
-2.16000000e-06  8.98525577e-01 
-2.14000000e-06  8.98553239e-01 
-2.12000000e-06  8.98580901e-01 
-2.10000000e-06  8.98608565e-01 
-2.08000000e-06  8.98636229e-01 
-2.06000000e-06  8.98663893e-01 
-2.04000000e-06  8.98691559e-01 
-2.02000000e-06  8.98719225e-01 
-2.00000000e-06  8.98746891e-01 
-1.98000000e-06  8.98774559e-01 
-1.96000000e-06  8.98802226e-01 
-1.94000000e-06  8.98829895e-01 
-1.92000000e-06  8.98857564e-01 
-1.90000000e-06  8.98885234e-01 
-1.88000000e-06  8.98912905e-01 
-1.86000000e-06  8.98940576e-01 
-1.84000000e-06  8.98968248e-01 
-1.82000000e-06  8.98995920e-01 
-1.80000000e-06  8.99023593e-01 
-1.78000000e-06  8.99051267e-01 
-1.76000000e-06  8.99078942e-01 
-1.74000000e-06  8.99106617e-01 
-1.72000000e-06  8.99134292e-01 
-1.70000000e-06  8.99161969e-01 
-1.68000000e-06  8.99189646e-01 
-1.66000000e-06  8.99217323e-01 
-1.64000000e-06  8.99245002e-01 
-1.62000000e-06  8.99272681e-01 
-1.60000000e-06  8.99300360e-01 
-1.58000000e-06  8.99328041e-01 
-1.56000000e-06  8.99355722e-01 
-1.54000000e-06  8.99383403e-01 
-1.52000000e-06  8.99411085e-01 
-1.50000000e-06  8.99438768e-01 
-1.48000000e-06  8.99466452e-01 
-1.46000000e-06  8.99494136e-01 
-1.44000000e-06  8.99521821e-01 
-1.42000000e-06  8.99549506e-01 
-1.40000000e-06  8.99577193e-01 
-1.38000000e-06  8.99604879e-01 
-1.36000000e-06  8.99632567e-01 
-1.34000000e-06  8.99660255e-01 
-1.32000000e-06  8.99687944e-01 
-1.30000000e-06  8.99715633e-01 
-1.28000000e-06  8.99743323e-01 
-1.26000000e-06  8.99771014e-01 
-1.24000000e-06  8.99798705e-01 
-1.22000000e-06  8.99826397e-01 
-1.20000000e-06  8.99854090e-01 
-1.18000000e-06  8.99881783e-01 
-1.16000000e-06  8.99909477e-01 
-1.14000000e-06  8.99937172e-01 
-1.12000000e-06  8.99964867e-01 
-1.10000000e-06  8.99992563e-01 
-1.08000000e-06  9.00020259e-01 
-1.06000000e-06  9.00047957e-01 
-1.04000000e-06  9.00075654e-01 
-1.02000000e-06  9.00103353e-01 
-1.00000000e-06  9.00131052e-01 
-9.80000000e-07  9.00158752e-01 
-9.60000000e-07  9.00186452e-01 
-9.40000000e-07  9.00214153e-01 
-9.20000000e-07  9.00241855e-01 
-9.00000000e-07  9.00269557e-01 
-8.80000000e-07  9.00297260e-01 
-8.60000000e-07  9.00324964e-01 
-8.40000000e-07  9.00352669e-01 
-8.20000000e-07  9.00380373e-01 
-8.00000000e-07  9.00408079e-01 
-7.80000000e-07  9.00435785e-01 
-7.60000000e-07  9.00463492e-01 
-7.40000000e-07  9.00491200e-01 
-7.20000000e-07  9.00518908e-01 
-7.00000000e-07  9.00546617e-01 
-6.80000000e-07  9.00574327e-01 
-6.60000000e-07  9.00602037e-01 
-6.40000000e-07  9.00629748e-01 
-6.20000000e-07  9.00657459e-01 
-6.00000000e-07  9.00685171e-01 
-5.80000000e-07  9.00712884e-01 
-5.60000000e-07  9.00740597e-01 
-5.40000000e-07  9.00768311e-01 
-5.20000000e-07  9.00796026e-01 
-5.00000000e-07  9.00823741e-01 
-4.80000000e-07  9.00851457e-01 
-4.60000000e-07  9.00879174e-01 
-4.40000000e-07  9.00906891e-01 
-4.20000000e-07  9.00934609e-01 
-4.00000000e-07  9.00962328e-01 
-3.80000000e-07  9.00990047e-01 
-3.60000000e-07  9.01017767e-01 
-3.40000000e-07  9.01045488e-01 
-3.20000000e-07  9.01073209e-01 
-3.00000000e-07  9.01100931e-01 
-2.80000000e-07  9.01128653e-01 
-2.60000000e-07  9.01156376e-01 
-2.40000000e-07  9.01184100e-01 
-2.20000000e-07  9.01211824e-01 
-2.00000000e-07  9.01239550e-01 
-1.80000000e-07  9.01267275e-01 
-1.60000000e-07  9.01295002e-01 
-1.40000000e-07  9.01322729e-01 
-1.20000000e-07  9.01350456e-01 
-1.00000000e-07  9.01378185e-01 
-8.00000000e-08  9.01405914e-01 
-6.00000000e-08  9.01433643e-01 
-4.00000000e-08  9.01461373e-01 
-2.00000000e-08  9.01489104e-01 
-7.65307503e-20  9.01516836e-01 
 2.00000000e-08  9.01544568e-01 
 4.00000000e-08  9.01572301e-01 
 6.00000000e-08  9.01600034e-01 
 8.00000000e-08  9.01627769e-01 
 1.00000000e-07  9.01655503e-01 
 1.20000000e-07  9.01683239e-01 
 1.40000000e-07  9.01710975e-01 
 1.60000000e-07  9.01738712e-01 
 1.80000000e-07  9.01766449e-01 
 2.00000000e-07  9.01794187e-01 
 2.20000000e-07  9.01821926e-01 
 2.40000000e-07  9.01849665e-01 
 2.60000000e-07  9.01877405e-01 
 2.80000000e-07  9.01905145e-01 
 3.00000000e-07  9.01932887e-01 
 3.20000000e-07  9.01960629e-01 
 3.40000000e-07  9.01988371e-01 
 3.60000000e-07  9.02016114e-01 
 3.80000000e-07  9.02043858e-01 
 4.00000000e-07  9.02071603e-01 
 4.20000000e-07  9.02099348e-01 
 4.40000000e-07  9.02127094e-01 
 4.60000000e-07  9.02154840e-01 
 4.80000000e-07  9.02182587e-01 
 5.00000000e-07  9.02210335e-01 
 5.20000000e-07  9.02238083e-01 
 5.40000000e-07  9.02265832e-01 
 5.60000000e-07  9.02293582e-01 
 5.80000000e-07  9.02321332e-01 
 6.00000000e-07  9.02349083e-01 
 6.20000000e-07  9.02376835e-01 
 6.40000000e-07  9.02404587e-01 
 6.60000000e-07  9.02432340e-01 
 6.80000000e-07  9.02460093e-01 
 7.00000000e-07  9.02487847e-01 
 7.20000000e-07  9.02515602e-01 
 7.40000000e-07  9.02543358e-01 
 7.60000000e-07  9.02571114e-01 
 7.80000000e-07  9.02598870e-01 
 8.00000000e-07  9.02626628e-01 
 8.20000000e-07  9.02654386e-01 
 8.40000000e-07  9.02682145e-01 
 8.60000000e-07  9.02709904e-01 
 8.80000000e-07  9.02737664e-01 
 9.00000000e-07  9.02765425e-01 
 9.20000000e-07  9.02793186e-01 
 9.40000000e-07  9.02820948e-01 
 9.60000000e-07  9.02848710e-01 
 9.80000000e-07  9.02876473e-01 
 1.00000000e-06  9.02904237e-01 
 1.02000000e-06  9.02932002e-01 
 1.04000000e-06  9.02959767e-01 
 1.06000000e-06  9.02987533e-01 
 1.08000000e-06  9.03015299e-01 
 1.10000000e-06  9.03043066e-01 
 1.12000000e-06  9.03070834e-01 
 1.14000000e-06  9.03098602e-01 
 1.16000000e-06  9.03126371e-01 
 1.18000000e-06  9.03154141e-01 
 1.20000000e-06  9.03181911e-01 
 1.22000000e-06  9.03209682e-01 
 1.24000000e-06  9.03237454e-01 
 1.26000000e-06  9.03265226e-01 
 1.28000000e-06  9.03292999e-01 
 1.30000000e-06  9.03320772e-01 
 1.32000000e-06  9.03348547e-01 
 1.34000000e-06  9.03376321e-01 
 1.36000000e-06  9.03404097e-01 
 1.38000000e-06  9.03431873e-01 
 1.40000000e-06  9.03459650e-01 
 1.42000000e-06  9.03487427e-01 
 1.44000000e-06  9.03515205e-01 
 1.46000000e-06  9.03542984e-01 
 1.48000000e-06  9.03570763e-01 
 1.50000000e-06  9.03598543e-01 
 1.52000000e-06  9.03626324e-01 
 1.54000000e-06  9.03654105e-01 
 1.56000000e-06  9.03681887e-01 
 1.58000000e-06  9.03709669e-01 
 1.60000000e-06  9.03737452e-01 
 1.62000000e-06  9.03765236e-01 
 1.64000000e-06  9.03793021e-01 
 1.66000000e-06  9.03820806e-01 
 1.68000000e-06  9.03848592e-01 
 1.70000000e-06  9.03876378e-01 
 1.72000000e-06  9.03904165e-01 
 1.74000000e-06  9.03931953e-01 
 1.76000000e-06  9.03959741e-01 
 1.78000000e-06  9.03987530e-01 
 1.80000000e-06  9.04015320e-01 
 1.82000000e-06  9.04043110e-01 
 1.84000000e-06  9.04070901e-01 
 1.86000000e-06  9.04098692e-01 
 1.88000000e-06  9.04126484e-01 
 1.90000000e-06  9.04154277e-01 
 1.92000000e-06  9.04182071e-01 
 1.94000000e-06  9.04209865e-01 
 1.96000000e-06  9.04237660e-01 
 1.98000000e-06  9.04265455e-01 
 2.00000000e-06  9.04293251e-01 
 2.02000000e-06  9.04321048e-01 
 2.04000000e-06  9.04348845e-01 
 2.06000000e-06  9.04376643e-01 
 2.08000000e-06  9.04404442e-01 
 2.10000000e-06  9.04432241e-01 
 2.12000000e-06  9.04460041e-01 
 2.14000000e-06  9.04487841e-01 
 2.16000000e-06  9.04515643e-01 
 2.18000000e-06  9.04543444e-01 
 2.20000000e-06  9.04571247e-01 
 2.22000000e-06  9.04599050e-01 
 2.24000000e-06  9.04626854e-01 
 2.26000000e-06  9.04654658e-01 
 2.28000000e-06  9.04682463e-01 
 2.30000000e-06  9.04710269e-01 
 2.32000000e-06  9.04738075e-01 
 2.34000000e-06  9.04765882e-01 
 2.36000000e-06  9.04793690e-01 
 2.38000000e-06  9.04821498e-01 
 2.40000000e-06  9.04849307e-01 
 2.42000000e-06  9.04877116e-01 
 2.44000000e-06  9.04904927e-01 
 2.46000000e-06  9.04932737e-01 
 2.48000000e-06  9.04960549e-01 
 2.50000000e-06  9.04988361e-01 
 2.52000000e-06  9.05016174e-01 
 2.54000000e-06  9.05043987e-01 
 2.56000000e-06  9.05071801e-01 
 2.58000000e-06  9.05099616e-01 
 2.60000000e-06  9.05127431e-01 
 2.62000000e-06  9.05155247e-01 
 2.64000000e-06  9.05183064e-01 
 2.66000000e-06  9.05210881e-01 
 2.68000000e-06  9.05238699e-01 
 2.70000000e-06  9.05266517e-01 
 2.72000000e-06  9.05294337e-01 
 2.74000000e-06  9.05322156e-01 
 2.76000000e-06  9.05349977e-01 
 2.78000000e-06  9.05377798e-01 
 2.80000000e-06  9.05405620e-01 
 2.82000000e-06  9.05433442e-01 
 2.84000000e-06  9.05461265e-01 
 2.86000000e-06  9.05489089e-01 
 2.88000000e-06  9.05516913e-01 
 2.90000000e-06  9.05544738e-01 
 2.92000000e-06  9.05572563e-01 
 2.94000000e-06  9.05600390e-01 
 2.96000000e-06  9.05628217e-01 
 2.98000000e-06  9.05656044e-01 
 3.00000000e-06  9.05683872e-01 
 3.02000000e-06  9.05711701e-01 
 3.04000000e-06  9.05739530e-01 
 3.06000000e-06  9.05767360e-01 
 3.08000000e-06  9.05795191e-01 
 3.10000000e-06  9.05823023e-01 
 3.12000000e-06  9.05850855e-01 
 3.14000000e-06  9.05878687e-01 
 3.16000000e-06  9.05906520e-01 
 3.18000000e-06  9.05934354e-01 
 3.20000000e-06  9.05962189e-01 
 3.22000000e-06  9.05990024e-01 
 3.24000000e-06  9.06017860e-01 
 3.26000000e-06  9.06045696e-01 
 3.28000000e-06  9.06073533e-01 
 3.30000000e-06  9.06101371e-01 
 3.32000000e-06  9.06129210e-01 
 3.34000000e-06  9.06157049e-01 
 3.36000000e-06  9.06184888e-01 
 3.38000000e-06  9.06212729e-01 
 3.40000000e-06  9.06240570e-01 
 3.42000000e-06  9.06268411e-01 
 3.44000000e-06  9.06296253e-01 
 3.46000000e-06  9.06324096e-01 
 3.48000000e-06  9.06351940e-01 
 3.50000000e-06  9.06379784e-01 
 3.52000000e-06  9.06407629e-01 
 3.54000000e-06  9.06435474e-01 
 3.56000000e-06  9.06463320e-01 
 3.58000000e-06  9.06491167e-01 
 3.60000000e-06  9.06519014e-01 
 3.62000000e-06  9.06546862e-01 
 3.64000000e-06  9.06574711e-01 
 3.66000000e-06  9.06602560e-01 
 3.68000000e-06  9.06630410e-01 
 3.70000000e-06  9.06658261e-01 
 3.72000000e-06  9.06686112e-01 
 3.74000000e-06  9.06713964e-01 
 3.76000000e-06  9.06741816e-01 
 3.78000000e-06  9.06769669e-01 
 3.80000000e-06  9.06797523e-01 
 3.82000000e-06  9.06825378e-01 
 3.84000000e-06  9.06853233e-01 
 3.86000000e-06  9.06881088e-01 
 3.88000000e-06  9.06908945e-01 
 3.90000000e-06  9.06936802e-01 
 3.92000000e-06  9.06964659e-01 
 3.94000000e-06  9.06992517e-01 
 3.96000000e-06  9.07020376e-01 
 3.98000000e-06  9.07048236e-01 
 4.00000000e-06  9.07076096e-01 
 4.02000000e-06  9.07103957e-01 
 4.04000000e-06  9.07131818e-01 
 4.06000000e-06  9.07159680e-01 
 4.08000000e-06  9.07187543e-01 
 4.10000000e-06  9.07215406e-01 
 4.12000000e-06  9.07243270e-01 
 4.14000000e-06  9.07271135e-01 
 4.16000000e-06  9.07299000e-01 
 4.18000000e-06  9.07326866e-01 
 4.20000000e-06  9.07354733e-01 
 4.22000000e-06  9.07382600e-01 
 4.24000000e-06  9.07410468e-01 
 4.26000000e-06  9.07438336e-01 
 4.28000000e-06  9.07466205e-01 
 4.30000000e-06  9.07494075e-01 
 4.32000000e-06  9.07521945e-01 
 4.34000000e-06  9.07549816e-01 
 4.36000000e-06  9.07577688e-01 
 4.38000000e-06  9.07605560e-01 
 4.40000000e-06  9.07633433e-01 
 4.42000000e-06  9.07661307e-01 
 4.44000000e-06  9.07689181e-01 
 4.46000000e-06  9.07717056e-01 
 4.48000000e-06  9.07744931e-01 
 4.50000000e-06  9.07772807e-01 
 4.52000000e-06  9.07800684e-01 
 4.54000000e-06  9.07828562e-01 
 4.56000000e-06  9.07856440e-01 
 4.58000000e-06  9.07884318e-01 
 4.60000000e-06  9.07912198e-01 
 4.62000000e-06  9.07940078e-01 
 4.64000000e-06  9.07967958e-01 
 4.66000000e-06  9.07995839e-01 
 4.68000000e-06  9.08023721e-01 
 4.70000000e-06  9.08051604e-01 
 4.72000000e-06  9.08079487e-01 
 4.74000000e-06  9.08107371e-01 
 4.76000000e-06  9.08135255e-01 
 4.78000000e-06  9.08163140e-01 
 4.80000000e-06  9.08191026e-01 
 4.82000000e-06  9.08218912e-01 
 4.84000000e-06  9.08246799e-01 
 4.86000000e-06  9.08274687e-01 
 4.88000000e-06  9.08302575e-01 
 4.90000000e-06  9.08330464e-01 
 4.92000000e-06  9.08358353e-01 
 4.94000000e-06  9.08386244e-01 
 4.96000000e-06  9.08414134e-01 
 4.98000000e-06  9.08442026e-01 
 5.00000000e-06  9.08469918e-01 
 5.02000000e-06  9.08497811e-01 
 5.04000000e-06  9.08525704e-01 
 5.06000000e-06  9.08553598e-01 
 5.08000000e-06  9.08581492e-01 
 5.10000000e-06  9.08609388e-01 
 5.12000000e-06  9.08637284e-01 
 5.14000000e-06  9.08665180e-01 
 5.16000000e-06  9.08693077e-01 
 5.18000000e-06  9.08720975e-01 
 5.20000000e-06  9.08748874e-01 
 5.22000000e-06  9.08776773e-01 
 5.24000000e-06  9.08804672e-01 
 5.26000000e-06  9.08832573e-01 
 5.28000000e-06  9.08860474e-01 
 5.30000000e-06  9.08888375e-01 
 5.32000000e-06  9.08916278e-01 
 5.34000000e-06  9.08944181e-01 
 5.36000000e-06  9.08972084e-01 
 5.38000000e-06  9.08999988e-01 
 5.40000000e-06  9.09027893e-01 
 5.42000000e-06  9.09055799e-01 
 5.44000000e-06  9.09083705e-01 
 5.46000000e-06  9.09111611e-01 
 5.48000000e-06  9.09139519e-01 
 5.50000000e-06  9.09167427e-01 
 5.52000000e-06  9.09195335e-01 
 5.54000000e-06  9.09223245e-01 
 5.56000000e-06  9.09251155e-01 
 5.58000000e-06  9.09279065e-01 
 5.60000000e-06  9.09306976e-01 
 5.62000000e-06  9.09334888e-01 
 5.64000000e-06  9.09362801e-01 
 5.66000000e-06  9.09390714e-01 
 5.68000000e-06  9.09418627e-01 
 5.70000000e-06  9.09446542e-01 
 5.72000000e-06  9.09474457e-01 
 5.74000000e-06  9.09502372e-01 
 5.76000000e-06  9.09530289e-01 
 5.78000000e-06  9.09558206e-01 
 5.80000000e-06  9.09586123e-01 
 5.82000000e-06  9.09614041e-01 
 5.84000000e-06  9.09641960e-01 
 5.86000000e-06  9.09669880e-01 
 5.88000000e-06  9.09697800e-01 
 5.90000000e-06  9.09725720e-01 
 5.92000000e-06  9.09753642e-01 
 5.94000000e-06  9.09781564e-01 
 5.96000000e-06  9.09809486e-01 
 5.98000000e-06  9.09837410e-01 
 6.00000000e-06  9.09865334e-01 
 6.02000000e-06  9.09893258e-01 
 6.04000000e-06  9.09921183e-01 
 6.06000000e-06  9.09949109e-01 
 6.08000000e-06  9.09977036e-01 
 6.10000000e-06  9.10004963e-01 
 6.12000000e-06  9.10032890e-01 
 6.14000000e-06  9.10060819e-01 
 6.16000000e-06  9.10088748e-01 
 6.18000000e-06  9.10116677e-01 
 6.20000000e-06  9.10144608e-01 
 6.22000000e-06  9.10172538e-01 
 6.24000000e-06  9.10200470e-01 
 6.26000000e-06  9.10228402e-01 
 6.28000000e-06  9.10256335e-01 
 6.30000000e-06  9.10284268e-01 
 6.32000000e-06  9.10312203e-01 
 6.34000000e-06  9.10340137e-01 
 6.36000000e-06  9.10368073e-01 
 6.38000000e-06  9.10396009e-01 
 6.40000000e-06  9.10423945e-01 
 6.42000000e-06  9.10451882e-01 
 6.44000000e-06  9.10479820e-01 
 6.46000000e-06  9.10507759e-01 
 6.48000000e-06  9.10535698e-01 
 6.50000000e-06  9.10563638e-01 
 6.52000000e-06  9.10591578e-01 
 6.54000000e-06  9.10619519e-01 
 6.56000000e-06  9.10647461e-01 
 6.58000000e-06  9.10675403e-01 
 6.60000000e-06  9.10703346e-01 
 6.62000000e-06  9.10731290e-01 
 6.64000000e-06  9.10759234e-01 
 6.66000000e-06  9.10787179e-01 
 6.68000000e-06  9.10815125e-01 
 6.70000000e-06  9.10843071e-01 
 6.72000000e-06  9.10871017e-01 
 6.74000000e-06  9.10898965e-01 
 6.76000000e-06  9.10926913e-01 
 6.78000000e-06  9.10954862e-01 
 6.80000000e-06  9.10982811e-01 
 6.82000000e-06  9.11010761e-01 
 6.84000000e-06  9.11038711e-01 
 6.86000000e-06  9.11066663e-01 
 6.88000000e-06  9.11094615e-01 
 6.90000000e-06  9.11122567e-01 
 6.92000000e-06  9.11150520e-01 
 6.94000000e-06  9.11178474e-01 
 6.96000000e-06  9.11206428e-01 
 6.98000000e-06  9.11234383e-01 
 7.00000000e-06  9.11262339e-01 
 7.02000000e-06  9.11290295e-01 
 7.04000000e-06  9.11318252e-01 
 7.06000000e-06  9.11346210e-01 
 7.08000000e-06  9.11374168e-01 
 7.10000000e-06  9.11402127e-01 
 7.12000000e-06  9.11430086e-01 
 7.14000000e-06  9.11458046e-01 
 7.16000000e-06  9.11486007e-01 
 7.18000000e-06  9.11513969e-01 
 7.20000000e-06  9.11541931e-01 
 7.22000000e-06  9.11569893e-01 
 7.24000000e-06  9.11597856e-01 
 7.26000000e-06  9.11625820e-01 
 7.28000000e-06  9.11653785e-01 
 7.30000000e-06  9.11681750e-01 
 7.32000000e-06  9.11709716e-01 
 7.34000000e-06  9.11737682e-01 
 7.36000000e-06  9.11765649e-01 
 7.38000000e-06  9.11793617e-01 
 7.40000000e-06  9.11821585e-01 
 7.42000000e-06  9.11849554e-01 
 7.44000000e-06  9.11877524e-01 
 7.46000000e-06  9.11905494e-01 
 7.48000000e-06  9.11933465e-01 
 7.50000000e-06  9.11961437e-01 
 7.52000000e-06  9.11989409e-01 
 7.54000000e-06  9.12017382e-01 
 7.56000000e-06  9.12045355e-01 
 7.58000000e-06  9.12073329e-01 
 7.60000000e-06  9.12101304e-01 
 7.62000000e-06  9.12129279e-01 
 7.64000000e-06  9.12157255e-01 
 7.66000000e-06  9.12185232e-01 
 7.68000000e-06  9.12213209e-01 
 7.70000000e-06  9.12241187e-01 
 7.72000000e-06  9.12269165e-01 
 7.74000000e-06  9.12297144e-01 
 7.76000000e-06  9.12325124e-01 
 7.78000000e-06  9.12353104e-01 
 7.80000000e-06  9.12381085e-01 
 7.82000000e-06  9.12409067e-01 
 7.84000000e-06  9.12437049e-01 
 7.86000000e-06  9.12465032e-01 
 7.88000000e-06  9.12493016e-01 
 7.90000000e-06  9.12521000e-01 
 7.92000000e-06  9.12548985e-01 
 7.94000000e-06  9.12576970e-01 
 7.96000000e-06  9.12604956e-01 
 7.98000000e-06  9.12632943e-01 
 8.00000000e-06  9.12660930e-01 
 8.02000000e-06  9.12688918e-01 
 8.04000000e-06  9.12716907e-01 
 8.06000000e-06  9.12744896e-01 
 8.08000000e-06  9.12772886e-01 
 8.10000000e-06  9.12800877e-01 
 8.12000000e-06  9.12828868e-01 
 8.14000000e-06  9.12856859e-01 
 8.16000000e-06  9.12884852e-01 
 8.18000000e-06  9.12912845e-01 
 8.20000000e-06  9.12940839e-01 
 8.22000000e-06  9.12968833e-01 
 8.24000000e-06  9.12996828e-01 
 8.26000000e-06  9.13024823e-01 
 8.28000000e-06  9.13052820e-01 
 8.30000000e-06  9.13080816e-01 
 8.32000000e-06  9.13108814e-01 
 8.34000000e-06  9.13136812e-01 
 8.36000000e-06  9.13164811e-01 
 8.38000000e-06  9.13192810e-01 
 8.40000000e-06  9.13220810e-01 
 8.42000000e-06  9.13248811e-01 
 8.44000000e-06  9.13276812e-01 
 8.46000000e-06  9.13304814e-01 
 8.48000000e-06  9.13332816e-01 
 8.50000000e-06  9.13360819e-01 
 8.52000000e-06  9.13388823e-01 
 8.54000000e-06  9.13416828e-01 
 8.56000000e-06  9.13444833e-01 
 8.58000000e-06  9.13472838e-01 
 8.60000000e-06  9.13500845e-01 
 8.62000000e-06  9.13528852e-01 
 8.64000000e-06  9.13556859e-01 
 8.66000000e-06  9.13584867e-01 
 8.68000000e-06  9.13612876e-01 
 8.70000000e-06  9.13640886e-01 
 8.72000000e-06  9.13668896e-01 
 8.74000000e-06  9.13696907e-01 
 8.76000000e-06  9.13724918e-01 
 8.78000000e-06  9.13752930e-01 
 8.80000000e-06  9.13780943e-01 
 8.82000000e-06  9.13808956e-01 
 8.84000000e-06  9.13836970e-01 
 8.86000000e-06  9.13864984e-01 
 8.88000000e-06  9.13892999e-01 
 8.90000000e-06  9.13921015e-01 
 8.92000000e-06  9.13949032e-01 
 8.94000000e-06  9.13977049e-01 
 8.96000000e-06  9.14005066e-01 
 8.98000000e-06  9.14033085e-01 
 9.00000000e-06  9.14061104e-01 
 9.02000000e-06  9.14089123e-01 
 9.04000000e-06  9.14117143e-01 
 9.06000000e-06  9.14145164e-01 
 9.08000000e-06  9.14173186e-01 
 9.10000000e-06  9.14201208e-01 
 9.12000000e-06  9.14229231e-01 
 9.14000000e-06  9.14257254e-01 
 9.16000000e-06  9.14285278e-01 
 9.18000000e-06  9.14313303e-01 
 9.20000000e-06  9.14341328e-01 
 9.22000000e-06  9.14369354e-01 
 9.24000000e-06  9.14397380e-01 
 9.26000000e-06  9.14425407e-01 
 9.28000000e-06  9.14453435e-01 
 9.30000000e-06  9.14481464e-01 
 9.32000000e-06  9.14509493e-01 
 9.34000000e-06  9.14537522e-01 
 9.36000000e-06  9.14565553e-01 
 9.38000000e-06  9.14593584e-01 
 9.40000000e-06  9.14621615e-01 
 9.42000000e-06  9.14649647e-01 
 9.44000000e-06  9.14677680e-01 
 9.46000000e-06  9.14705714e-01 
 9.48000000e-06  9.14733748e-01 
 9.50000000e-06  9.14761782e-01 
 9.52000000e-06  9.14789818e-01 
 9.54000000e-06  9.14817854e-01 
 9.56000000e-06  9.14845890e-01 
 9.58000000e-06  9.14873928e-01 
 9.60000000e-06  9.14901966e-01 
 9.62000000e-06  9.14930004e-01 
 9.64000000e-06  9.14958043e-01 
 9.66000000e-06  9.14986083e-01 
 9.68000000e-06  9.15014123e-01 
 9.70000000e-06  9.15042164e-01 
 9.72000000e-06  9.15070206e-01 
 9.74000000e-06  9.15098248e-01 
 9.76000000e-06  9.15126291e-01 
 9.78000000e-06  9.15154335e-01 
 9.80000000e-06  9.15182379e-01 
 9.82000000e-06  9.15210424e-01 
 9.84000000e-06  9.15238469e-01 
 9.86000000e-06  9.15266515e-01 
 9.88000000e-06  9.15294562e-01 
 9.90000000e-06  9.15322609e-01 
 9.92000000e-06  9.15350657e-01 
 9.94000000e-06  9.15378706e-01 
 9.96000000e-06  9.15406755e-01 
 9.98000000e-06  9.15434805e-01 
 1.00000000e-05  9.15462855e-01 
