 v-sweep         Vout           
-4.00000000e-04  6.53181533e-01 
-3.99200000e-04  6.53275849e-01 
-3.98400000e-04  6.53370623e-01 
-3.97600000e-04  6.53465706e-01 
-3.96800000e-04  6.53561099e-01 
-3.96000000e-04  6.53656805e-01 
-3.95200000e-04  6.53752825e-01 
-3.94400000e-04  6.53849161e-01 
-3.93600000e-04  6.53945815e-01 
-3.92800000e-04  6.54042789e-01 
-3.92000000e-04  6.54140086e-01 
-3.91200000e-04  6.54237707e-01 
-3.90400000e-04  6.54335654e-01 
-3.89600000e-04  6.54433929e-01 
-3.88800000e-04  6.54532534e-01 
-3.88000000e-04  6.54631472e-01 
-3.87200000e-04  6.54730745e-01 
-3.86400000e-04  6.54830354e-01 
-3.85600000e-04  6.54930302e-01 
-3.84800000e-04  6.55030591e-01 
-3.84000000e-04  6.55131224e-01 
-3.83200000e-04  6.55232201e-01 
-3.82400000e-04  6.55333526e-01 
-3.81600000e-04  6.55435202e-01 
-3.80800000e-04  6.55537229e-01 
-3.80000000e-04  6.55639611e-01 
-3.79200000e-04  6.55742349e-01 
-3.78400000e-04  6.55845447e-01 
-3.77600000e-04  6.55948906e-01 
-3.76800000e-04  6.56052729e-01 
-3.76000000e-04  6.56156918e-01 
-3.75200000e-04  6.56261475e-01 
-3.74400000e-04  6.56366404e-01 
-3.73600000e-04  6.56471706e-01 
-3.72800000e-04  6.56577385e-01 
-3.72000000e-04  6.56683442e-01 
-3.71200000e-04  6.56789880e-01 
-3.70400000e-04  6.56896702e-01 
-3.69600000e-04  6.57003910e-01 
-3.68800000e-04  6.57111507e-01 
-3.68000000e-04  6.57219495e-01 
-3.67200000e-04  6.57327878e-01 
-3.66400000e-04  6.57436658e-01 
-3.65600000e-04  6.57545837e-01 
-3.64800000e-04  6.57655418e-01 
-3.64000000e-04  6.57765405e-01 
-3.63200000e-04  6.57875800e-01 
-3.62400000e-04  6.57986605e-01 
-3.61600000e-04  6.58097824e-01 
-3.60800000e-04  6.58209459e-01 
-3.60000000e-04  6.58321514e-01 
-3.59200000e-04  6.58433991e-01 
-3.58400000e-04  6.58546894e-01 
-3.57600000e-04  6.58660225e-01 
-3.56800000e-04  6.58773987e-01 
-3.56000000e-04  6.58888183e-01 
-3.55200000e-04  6.59002817e-01 
-3.54400000e-04  6.59117892e-01 
-3.53600000e-04  6.59233410e-01 
-3.52800000e-04  6.59349375e-01 
-3.52000000e-04  6.59465791e-01 
-3.51200000e-04  6.59582660e-01 
-3.50400000e-04  6.59699985e-01 
-3.49600000e-04  6.59817771e-01 
-3.48800000e-04  6.59936020e-01 
-3.48000000e-04  6.60054735e-01 
-3.47200000e-04  6.60173921e-01 
-3.46400000e-04  6.60293580e-01 
-3.45600000e-04  6.60413717e-01 
-3.44800000e-04  6.60534334e-01 
-3.44000000e-04  6.60655435e-01 
-3.43200000e-04  6.60777025e-01 
-3.42400000e-04  6.60899105e-01 
-3.41600000e-04  6.61021681e-01 
-3.40800000e-04  6.61144756e-01 
-3.40000000e-04  6.61268333e-01 
-3.39200000e-04  6.61392416e-01 
-3.38400000e-04  6.61517010e-01 
-3.37600000e-04  6.61642118e-01 
-3.36800000e-04  6.61767744e-01 
-3.36000000e-04  6.61893892e-01 
-3.35200000e-04  6.62020566e-01 
-3.34400000e-04  6.62147770e-01 
-3.33600000e-04  6.62275508e-01 
-3.32800000e-04  6.62403785e-01 
-3.32000000e-04  6.62532603e-01 
-3.31200000e-04  6.62661969e-01 
-3.30400000e-04  6.62791885e-01 
-3.29600000e-04  6.62922357e-01 
-3.28800000e-04  6.63053389e-01 
-3.28000000e-04  6.63184984e-01 
-3.27200000e-04  6.63317148e-01 
-3.26400000e-04  6.63449885e-01 
-3.25600000e-04  6.63583200e-01 
-3.24800000e-04  6.63717097e-01 
-3.24000000e-04  6.63851580e-01 
-3.23200000e-04  6.63986656e-01 
-3.22400000e-04  6.64122327e-01 
-3.21600000e-04  6.64258600e-01 
-3.20800000e-04  6.64395479e-01 
-3.20000000e-04  6.64532969e-01 
-3.19200000e-04  6.64671075e-01 
-3.18400000e-04  6.64809802e-01 
-3.17600000e-04  6.64949156e-01 
-3.16800000e-04  6.65089140e-01 
-3.16000000e-04  6.65229761e-01 
-3.15200000e-04  6.65371024e-01 
-3.14400000e-04  6.65512934e-01 
-3.13600000e-04  6.65655497e-01 
-3.12800000e-04  6.65798718e-01 
-3.12000000e-04  6.65942602e-01 
-3.11200000e-04  6.66087155e-01 
-3.10400000e-04  6.66232384e-01 
-3.09600000e-04  6.66378293e-01 
-3.08800000e-04  6.66524888e-01 
-3.08000000e-04  6.66672175e-01 
-3.07200000e-04  6.66820161e-01 
-3.06400000e-04  6.66968851e-01 
-3.05600000e-04  6.67118251e-01 
-3.04800000e-04  6.67268368e-01 
-3.04000000e-04  6.67419207e-01 
-3.03200000e-04  6.67570775e-01 
-3.02400000e-04  6.67723079e-01 
-3.01600000e-04  6.67876124e-01 
-3.00800000e-04  6.68029917e-01 
-3.00000000e-04  6.68184466e-01 
-2.99200000e-04  6.68339776e-01 
-2.98400000e-04  6.68495854e-01 
-2.97600000e-04  6.68652708e-01 
-2.96800000e-04  6.68810343e-01 
-2.96000000e-04  6.68968768e-01 
-2.95200000e-04  6.69127989e-01 
-2.94400000e-04  6.69288014e-01 
-2.93600000e-04  6.69448849e-01 
-2.92800000e-04  6.69610503e-01 
-2.92000000e-04  6.69772982e-01 
-2.91200000e-04  6.69936294e-01 
-2.90400000e-04  6.70100447e-01 
-2.89600000e-04  6.70265449e-01 
-2.88800000e-04  6.70431307e-01 
-2.88000000e-04  6.70598029e-01 
-2.87200000e-04  6.70765624e-01 
-2.86400000e-04  6.70934099e-01 
-2.85600000e-04  6.71103463e-01 
-2.84800000e-04  6.71273724e-01 
-2.84000000e-04  6.71444891e-01 
-2.83200000e-04  6.71616972e-01 
-2.82400000e-04  6.71789976e-01 
-2.81600000e-04  6.71963912e-01 
-2.80800000e-04  6.72138788e-01 
-2.80000000e-04  6.72314614e-01 
-2.79200000e-04  6.72491398e-01 
-2.78400000e-04  6.72669151e-01 
-2.77600000e-04  6.72847881e-01 
-2.76800000e-04  6.73027598e-01 
-2.76000000e-04  6.73208311e-01 
-2.75200000e-04  6.73390030e-01 
-2.74400000e-04  6.73572766e-01 
-2.73600000e-04  6.73756528e-01 
-2.72800000e-04  6.73941326e-01 
-2.72000000e-04  6.74127170e-01 
-2.71200000e-04  6.74314072e-01 
-2.70400000e-04  6.74502041e-01 
-2.69600000e-04  6.74691088e-01 
-2.68800000e-04  6.74881224e-01 
-2.68000000e-04  6.75072461e-01 
-2.67200000e-04  6.75264808e-01 
-2.66400000e-04  6.75458277e-01 
-2.65600000e-04  6.75652881e-01 
-2.64800000e-04  6.75848630e-01 
-2.64000000e-04  6.76045536e-01 
-2.63200000e-04  6.76243610e-01 
-2.62400000e-04  6.76442866e-01 
-2.61600000e-04  6.76643315e-01 
-2.60800000e-04  6.76844970e-01 
-2.60000000e-04  6.77047843e-01 
-2.59200000e-04  6.77251947e-01 
-2.58400000e-04  6.77457294e-01 
-2.57600000e-04  6.77663899e-01 
-2.56800000e-04  6.77871773e-01 
-2.56000000e-04  6.78080931e-01 
-2.55200000e-04  6.78291386e-01 
-2.54400000e-04  6.78503152e-01 
-2.53600000e-04  6.78716243e-01 
-2.52800000e-04  6.78930673e-01 
-2.52000000e-04  6.79146457e-01 
-2.51200000e-04  6.79363608e-01 
-2.50400000e-04  6.79582142e-01 
-2.49600000e-04  6.79802074e-01 
-2.48800000e-04  6.80023419e-01 
-2.48000000e-04  6.80246192e-01 
-2.47200000e-04  6.80470410e-01 
-2.46400000e-04  6.80696087e-01 
-2.45600000e-04  6.80923240e-01 
-2.44800000e-04  6.81151885e-01 
-2.44000000e-04  6.81382038e-01 
-2.43200000e-04  6.81613717e-01 
-2.42400000e-04  6.81846938e-01 
-2.41600000e-04  6.82081719e-01 
-2.40800000e-04  6.82318076e-01 
-2.40000000e-04  6.82556029e-01 
-2.39200000e-04  6.82795593e-01 
-2.38400000e-04  6.83036789e-01 
-2.37600000e-04  6.83279633e-01 
-2.36800000e-04  6.83524146e-01 
-2.36000000e-04  6.83770345e-01 
-2.35200000e-04  6.84018250e-01 
-2.34400000e-04  6.84267880e-01 
-2.33600000e-04  6.84519256e-01 
-2.32800000e-04  6.84772396e-01 
-2.32000000e-04  6.85027322e-01 
-2.31200000e-04  6.85284055e-01 
-2.30400000e-04  6.85542614e-01 
-2.29600000e-04  6.85803021e-01 
-2.28800000e-04  6.86065298e-01 
-2.28000000e-04  6.86329466e-01 
-2.27200000e-04  6.86595547e-01 
-2.26400000e-04  6.86863564e-01 
-2.25600000e-04  6.87133539e-01 
-2.24800000e-04  6.87405496e-01 
-2.24000000e-04  6.87679457e-01 
-2.23200000e-04  6.87955446e-01 
-2.22400000e-04  6.88233487e-01 
-2.21600000e-04  6.88513604e-01 
-2.20800000e-04  6.88795822e-01 
-2.20000000e-04  6.89080166e-01 
-2.19200000e-04  6.89366660e-01 
-2.18400000e-04  6.89655331e-01 
-2.17600000e-04  6.89946204e-01 
-2.16800000e-04  6.90239306e-01 
-2.16000000e-04  6.90534663e-01 
-2.15200000e-04  6.90832302e-01 
-2.14400000e-04  6.91132250e-01 
-2.13600000e-04  6.91434535e-01 
-2.12800000e-04  6.91739185e-01 
-2.12000000e-04  6.92046228e-01 
-2.11200000e-04  6.92355693e-01 
-2.10400000e-04  6.92667609e-01 
-2.09600000e-04  6.92982005e-01 
-2.08800000e-04  6.93298911e-01 
-2.08000000e-04  6.93618358e-01 
-2.07200000e-04  6.93940375e-01 
-2.06400000e-04  6.94264995e-01 
-2.05600000e-04  6.94592246e-01 
-2.04800000e-04  6.94922163e-01 
-2.04000000e-04  6.95254776e-01 
-2.03200000e-04  6.95590117e-01 
-2.02400000e-04  6.95928220e-01 
-2.01600000e-04  6.96269118e-01 
-2.00800000e-04  6.96612843e-01 
-2.00000000e-04  6.96959430e-01 
-1.99200000e-04  6.97308913e-01 
-1.98400000e-04  6.97661326e-01 
-1.97600000e-04  6.98016705e-01 
-1.96800000e-04  6.98375084e-01 
-1.96000000e-04  6.98736498e-01 
-1.95200000e-04  6.99100985e-01 
-1.94400000e-04  6.99468580e-01 
-1.93600000e-04  6.99839319e-01 
-1.92800000e-04  7.00213239e-01 
-1.92000000e-04  7.00590378e-01 
-1.91200000e-04  7.00970774e-01 
-1.90400000e-04  7.01354463e-01 
-1.89600000e-04  7.01741484e-01 
-1.88800000e-04  7.02131875e-01 
-1.88000000e-04  7.02525676e-01 
-1.87200000e-04  7.02922924e-01 
-1.86400000e-04  7.03323659e-01 
-1.85600000e-04  7.03727921e-01 
-1.84800000e-04  7.04135749e-01 
-1.84000000e-04  7.04547182e-01 
-1.83200000e-04  7.04962262e-01 
-1.82400000e-04  7.05381027e-01 
-1.81600000e-04  7.05803519e-01 
-1.80800000e-04  7.06229778e-01 
-1.80000000e-04  7.06659844e-01 
-1.79200000e-04  7.07093758e-01 
-1.78400000e-04  7.07531561e-01 
-1.77600000e-04  7.07973294e-01 
-1.76800000e-04  7.08418997e-01 
-1.76000000e-04  7.08868712e-01 
-1.75200000e-04  7.09322479e-01 
-1.74400000e-04  7.09780340e-01 
-1.73600000e-04  7.10242334e-01 
-1.72800000e-04  7.10708502e-01 
-1.72000000e-04  7.11178886e-01 
-1.71200000e-04  7.11653525e-01 
-1.70400000e-04  7.12132459e-01 
-1.69600000e-04  7.12615729e-01 
-1.68800000e-04  7.13103373e-01 
-1.68000000e-04  7.13595432e-01 
-1.67200000e-04  7.14091944e-01 
-1.66400000e-04  7.14592948e-01 
-1.65600000e-04  7.15098482e-01 
-1.64800000e-04  7.15608583e-01 
-1.64000000e-04  7.16123290e-01 
-1.63200000e-04  7.16642638e-01 
-1.62400000e-04  7.17166663e-01 
-1.61600000e-04  7.17695402e-01 
-1.60800000e-04  7.18228889e-01 
-1.60000000e-04  7.18767158e-01 
-1.59200000e-04  7.19310242e-01 
-1.58400000e-04  7.19858173e-01 
-1.57600000e-04  7.20410984e-01 
-1.56800000e-04  7.20968704e-01 
-1.56000000e-04  7.21531365e-01 
-1.55200000e-04  7.22098993e-01 
-1.54400000e-04  7.22671618e-01 
-1.53600000e-04  7.23249265e-01 
-1.52800000e-04  7.23831960e-01 
-1.52000000e-04  7.24419728e-01 
-1.51200000e-04  7.25012590e-01 
-1.50400000e-04  7.25610569e-01 
-1.49600000e-04  7.26213685e-01 
-1.48800000e-04  7.26821958e-01 
-1.48000000e-04  7.27435403e-01 
-1.47200000e-04  7.28054039e-01 
-1.46400000e-04  7.28677879e-01 
-1.45600000e-04  7.29306936e-01 
-1.44800000e-04  7.29941221e-01 
-1.44000000e-04  7.30580745e-01 
-1.43200000e-04  7.31225516e-01 
-1.42400000e-04  7.31875540e-01 
-1.41600000e-04  7.32530822e-01 
-1.40800000e-04  7.33191364e-01 
-1.40000000e-04  7.33857169e-01 
-1.39200000e-04  7.34528236e-01 
-1.38400000e-04  7.35204563e-01 
-1.37600000e-04  7.35886145e-01 
-1.36800000e-04  7.36572976e-01 
-1.36000000e-04  7.37265050e-01 
-1.35200000e-04  7.37962356e-01 
-1.34400000e-04  7.38664883e-01 
-1.33600000e-04  7.39372618e-01 
-1.32800000e-04  7.40085545e-01 
-1.32000000e-04  7.40803649e-01 
-1.31200000e-04  7.41526910e-01 
-1.30400000e-04  7.42255308e-01 
-1.29600000e-04  7.42988821e-01 
-1.28800000e-04  7.43727424e-01 
-1.28000000e-04  7.44471093e-01 
-1.27200000e-04  7.45219800e-01 
-1.26400000e-04  7.45973517e-01 
-1.25600000e-04  7.46732211e-01 
-1.24800000e-04  7.47495852e-01 
-1.24000000e-04  7.48264406e-01 
-1.23200000e-04  7.49037838e-01 
-1.22400000e-04  7.49816110e-01 
-1.21600000e-04  7.50599186e-01 
-1.20800000e-04  7.51387025e-01 
-1.20000000e-04  7.52179588e-01 
-1.19200000e-04  7.52976832e-01 
-1.18400000e-04  7.53778714e-01 
-1.17600000e-04  7.54585191e-01 
-1.16800000e-04  7.55396218e-01 
-1.16000000e-04  7.56211748e-01 
-1.15200000e-04  7.57031734e-01 
-1.14400000e-04  7.57856128e-01 
-1.13600000e-04  7.58684883e-01 
-1.12800000e-04  7.59517948e-01 
-1.12000000e-04  7.60355274e-01 
-1.11200000e-04  7.61196809e-01 
-1.10400000e-04  7.62042504e-01 
-1.09600000e-04  7.62892306e-01 
-1.08800000e-04  7.63746164e-01 
-1.08000000e-04  7.64604025e-01 
-1.07200000e-04  7.65465837e-01 
-1.06400000e-04  7.66331546e-01 
-1.05600000e-04  7.67201101e-01 
-1.04800000e-04  7.68074448e-01 
-1.04000000e-04  7.68951534e-01 
-1.03200000e-04  7.69832306e-01 
-1.02400000e-04  7.70716711e-01 
-1.01600000e-04  7.71604697e-01 
-1.00800000e-04  7.72496211e-01 
-1.00000000e-04  7.73391200e-01 
-9.92000000e-05  7.74289613e-01 
-9.84000000e-05  7.75191397e-01 
-9.76000000e-05  7.76096502e-01 
-9.68000000e-05  7.77004876e-01 
-9.60000000e-05  7.77916468e-01 
-9.52000000e-05  7.78831230e-01 
-9.44000000e-05  7.79749110e-01 
-9.36000000e-05  7.80670060e-01 
-9.28000000e-05  7.81594032e-01 
-9.20000000e-05  7.82520977e-01 
-9.12000000e-05  7.83450849e-01 
-9.04000000e-05  7.84383601e-01 
-8.96000000e-05  7.85319186e-01 
-8.88000000e-05  7.86257559e-01 
-8.80000000e-05  7.87198677e-01 
-8.72000000e-05  7.88142494e-01 
-8.64000000e-05  7.89088969e-01 
-8.56000000e-05  7.90038057e-01 
-8.48000000e-05  7.90989719e-01 
-8.40000000e-05  7.91943912e-01 
-8.32000000e-05  7.92900597e-01 
-8.24000000e-05  7.93859734e-01 
-8.16000000e-05  7.94821285e-01 
-8.08000000e-05  7.95785212e-01 
-8.00000000e-05  7.96751478e-01 
-7.92000000e-05  7.97720046e-01 
-7.84000000e-05  7.98690881e-01 
-7.76000000e-05  7.99663949e-01 
-7.68000000e-05  8.00639214e-01 
-7.60000000e-05  8.01616645e-01 
-7.52000000e-05  8.02596209e-01 
-7.44000000e-05  8.03577873e-01 
-7.36000000e-05  8.04561608e-01 
-7.28000000e-05  8.05547382e-01 
-7.20000000e-05  8.06535167e-01 
-7.12000000e-05  8.07524933e-01 
-7.04000000e-05  8.08516653e-01 
-6.96000000e-05  8.09510299e-01 
-6.88000000e-05  8.10505845e-01 
-6.80000000e-05  8.11503264e-01 
-6.72000000e-05  8.12502532e-01 
-6.64000000e-05  8.13503624e-01 
-6.56000000e-05  8.14506515e-01 
-6.48000000e-05  8.15511183e-01 
-6.40000000e-05  8.16517604e-01 
-6.32000000e-05  8.17525757e-01 
-6.24000000e-05  8.18535621e-01 
-6.16000000e-05  8.19547174e-01 
-6.08000000e-05  8.20560396e-01 
-6.00000000e-05  8.21575267e-01 
-5.92000000e-05  8.22591769e-01 
-5.84000000e-05  8.23609882e-01 
-5.76000000e-05  8.24629588e-01 
-5.68000000e-05  8.25650871e-01 
-5.60000000e-05  8.26673712e-01 
-5.52000000e-05  8.27698095e-01 
-5.44000000e-05  8.28724005e-01 
-5.36000000e-05  8.29751425e-01 
-5.28000000e-05  8.30780341e-01 
-5.20000000e-05  8.31810738e-01 
-5.12000000e-05  8.32842601e-01 
-5.04000000e-05  8.33875917e-01 
-4.96000000e-05  8.34910672e-01 
-4.88000000e-05  8.35946854e-01 
-4.80000000e-05  8.36984449e-01 
-4.72000000e-05  8.38023446e-01 
-4.64000000e-05  8.39063833e-01 
-4.56000000e-05  8.40105598e-01 
-4.48000000e-05  8.41148730e-01 
-4.40000000e-05  8.42193219e-01 
-4.32000000e-05  8.43239054e-01 
-4.24000000e-05  8.44286226e-01 
-4.16000000e-05  8.45334723e-01 
-4.08000000e-05  8.46384538e-01 
-4.00000000e-05  8.47435661e-01 
-3.92000000e-05  8.48488082e-01 
-3.84000000e-05  8.49541795e-01 
-3.76000000e-05  8.50596790e-01 
-3.68000000e-05  8.51653059e-01 
-3.60000000e-05  8.52710595e-01 
-3.52000000e-05  8.53769391e-01 
-3.44000000e-05  8.54829439e-01 
-3.36000000e-05  8.55890732e-01 
-3.28000000e-05  8.56953264e-01 
-3.20000000e-05  8.58017028e-01 
-3.12000000e-05  8.59082019e-01 
-3.04000000e-05  8.60148229e-01 
-2.96000000e-05  8.61215654e-01 
-2.88000000e-05  8.62284287e-01 
-2.80000000e-05  8.63354123e-01 
-2.72000000e-05  8.64425157e-01 
-2.64000000e-05  8.65497382e-01 
-2.56000000e-05  8.66570795e-01 
-2.48000000e-05  8.67645390e-01 
-2.40000000e-05  8.68721161e-01 
-2.32000000e-05  8.69798105e-01 
-2.24000000e-05  8.70876215e-01 
-2.16000000e-05  8.71955487e-01 
-2.08000000e-05  8.73035916e-01 
-2.00000000e-05  8.74117496e-01 
-1.92000000e-05  8.75200222e-01 
-1.84000000e-05  8.76284090e-01 
-1.76000000e-05  8.77369094e-01 
-1.68000000e-05  8.78455229e-01 
-1.60000000e-05  8.79542489e-01 
-1.52000000e-05  8.80630870e-01 
-1.44000000e-05  8.81720364e-01 
-1.36000000e-05  8.82810969e-01 
-1.28000000e-05  8.83902677e-01 
-1.20000000e-05  8.84995485e-01 
-1.12000000e-05  8.86089386e-01 
-1.04000000e-05  8.87184375e-01 
-9.60000000e-06  8.88280449e-01 
-8.80000000e-06  8.89377602e-01 
-8.00000000e-06  8.90475829e-01 
-7.20000000e-06  8.91575127e-01 
-6.40000000e-06  8.92675490e-01 
-5.60000000e-06  8.93776916e-01 
-4.80000000e-06  8.94879399e-01 
-4.00000000e-06  8.95982936e-01 
-3.20000000e-06  8.97087524e-01 
-2.40000000e-06  8.98193159e-01 
-1.60000000e-06  8.99299839e-01 
-8.00000000e-07  9.00407559e-01 
 2.96969751e-18  9.01516317e-01 
 8.00000000e-07  9.02626111e-01 
 1.60000000e-06  9.03736936e-01 
 2.40000000e-06  9.04848792e-01 
 3.20000000e-06  9.05961675e-01 
 4.00000000e-06  9.07075584e-01 
 4.80000000e-06  9.08190515e-01 
 5.60000000e-06  9.09306466e-01 
 6.40000000e-06  9.10423436e-01 
 7.20000000e-06  9.11541423e-01 
 8.00000000e-06  9.12660423e-01 
 8.80000000e-06  9.13780437e-01 
 9.60000000e-06  9.14901460e-01 
 1.04000000e-05  9.16023493e-01 
 1.12000000e-05  9.17146533e-01 
 1.20000000e-05  9.18270577e-01 
 1.28000000e-05  9.19395626e-01 
 1.36000000e-05  9.20521676e-01 
 1.44000000e-05  9.21648726e-01 
 1.52000000e-05  9.22776776e-01 
 1.60000000e-05  9.23905822e-01 
 1.68000000e-05  9.25035863e-01 
 1.76000000e-05  9.26166899e-01 
 1.84000000e-05  9.27298927e-01 
 1.92000000e-05  9.28431946e-01 
 2.00000000e-05  9.29565955e-01 
 2.08000000e-05  9.30700951e-01 
 2.16000000e-05  9.31836935e-01 
 2.24000000e-05  9.32973903e-01 
 2.32000000e-05  9.34111855e-01 
 2.40000000e-05  9.35250789e-01 
 2.48000000e-05  9.36390704e-01 
 2.56000000e-05  9.37531599e-01 
 2.64000000e-05  9.38673472e-01 
 2.72000000e-05  9.39816322e-01 
 2.80000000e-05  9.40960147e-01 
 2.88000000e-05  9.42104946e-01 
 2.96000000e-05  9.43250717e-01 
 3.04000000e-05  9.44397460e-01 
 3.12000000e-05  9.45545173e-01 
 3.20000000e-05  9.46693854e-01 
 3.28000000e-05  9.47843503e-01 
 3.36000000e-05  9.48994118e-01 
 3.44000000e-05  9.50145697e-01 
 3.52000000e-05  9.51298239e-01 
 3.60000000e-05  9.52451744e-01 
 3.68000000e-05  9.53606209e-01 
 3.76000000e-05  9.54761633e-01 
 3.84000000e-05  9.55918015e-01 
 3.92000000e-05  9.57075354e-01 
 4.00000000e-05  9.58233648e-01 
 4.08000000e-05  9.59392896e-01 
 4.16000000e-05  9.60553097e-01 
 4.24000000e-05  9.61714249e-01 
 4.32000000e-05  9.62876351e-01 
 4.40000000e-05  9.64039402e-01 
 4.48000000e-05  9.65203400e-01 
 4.56000000e-05  9.66368344e-01 
 4.64000000e-05  9.67534233e-01 
 4.72000000e-05  9.68701066e-01 
 4.80000000e-05  9.69868840e-01 
 4.88000000e-05  9.71037556e-01 
 4.96000000e-05  9.72207211e-01 
 5.04000000e-05  9.73377804e-01 
 5.12000000e-05  9.74549334e-01 
 5.20000000e-05  9.75721800e-01 
 5.28000000e-05  9.76895199e-01 
 5.36000000e-05  9.78069532e-01 
 5.44000000e-05  9.79244797e-01 
 5.52000000e-05  9.80420991e-01 
 5.60000000e-05  9.81598115e-01 
 5.68000000e-05  9.82776166e-01 
 5.76000000e-05  9.83955144e-01 
 5.84000000e-05  9.85135047e-01 
 5.92000000e-05  9.86315873e-01 
 6.00000000e-05  9.87497622e-01 
 6.08000000e-05  9.88680292e-01 
 6.16000000e-05  9.89863881e-01 
 6.24000000e-05  9.91048389e-01 
 6.32000000e-05  9.92233814e-01 
 6.40000000e-05  9.93420155e-01 
 6.48000000e-05  9.94607410e-01 
 6.56000000e-05  9.95795579e-01 
 6.64000000e-05  9.96984659e-01 
 6.72000000e-05  9.98174650e-01 
 6.80000000e-05  9.99365549e-01 
 6.88000000e-05  1.00055736e+00 
 6.96000000e-05  1.00175007e+00 
 7.04000000e-05  1.00294369e+00 
 7.12000000e-05  1.00413821e+00 
 7.20000000e-05  1.00533364e+00 
 7.28000000e-05  1.00652996e+00 
 7.36000000e-05  1.00772719e+00 
 7.44000000e-05  1.00892532e+00 
 7.52000000e-05  1.01012434e+00 
 7.60000000e-05  1.01132426e+00 
 7.68000000e-05  1.01252507e+00 
 7.76000000e-05  1.01372677e+00 
 7.84000000e-05  1.01492937e+00 
 7.92000000e-05  1.01613286e+00 
 8.00000000e-05  1.01733723e+00 
 8.08000000e-05  1.01854250e+00 
 8.16000000e-05  1.01974865e+00 
 8.24000000e-05  1.02095568e+00 
 8.32000000e-05  1.02216360e+00 
 8.40000000e-05  1.02337240e+00 
 8.48000000e-05  1.02458209e+00 
 8.56000000e-05  1.02579265e+00 
 8.64000000e-05  1.02700409e+00 
 8.72000000e-05  1.02821641e+00 
 8.80000000e-05  1.02942960e+00 
 8.88000000e-05  1.03064367e+00 
 8.96000000e-05  1.03185861e+00 
 9.04000000e-05  1.03307442e+00 
 9.12000000e-05  1.03429110e+00 
 9.20000000e-05  1.03550865e+00 
 9.28000000e-05  1.03672707e+00 
 9.36000000e-05  1.03794635e+00 
 9.44000000e-05  1.03916650e+00 
 9.52000000e-05  1.04038751e+00 
 9.60000000e-05  1.04160938e+00 
 9.68000000e-05  1.04283211e+00 
 9.76000000e-05  1.04405571e+00 
 9.84000000e-05  1.04528016e+00 
 9.92000000e-05  1.04650547e+00 
 1.00000000e-04  1.04773163e+00 
 1.00800000e-04  1.04895864e+00 
 1.01600000e-04  1.05018651e+00 
 1.02400000e-04  1.05141523e+00 
 1.03200000e-04  1.05264480e+00 
 1.04000000e-04  1.05387521e+00 
 1.04800000e-04  1.05510648e+00 
 1.05600000e-04  1.05633859e+00 
 1.06400000e-04  1.05757154e+00 
 1.07200000e-04  1.05880533e+00 
 1.08000000e-04  1.06003997e+00 
 1.08800000e-04  1.06127544e+00 
 1.09600000e-04  1.06251176e+00 
 1.10400000e-04  1.06374891e+00 
 1.11200000e-04  1.06498690e+00 
 1.12000000e-04  1.06622572e+00 
 1.12800000e-04  1.06746537e+00 
 1.13600000e-04  1.06870586e+00 
 1.14400000e-04  1.06994717e+00 
 1.15200000e-04  1.07118932e+00 
 1.16000000e-04  1.07243229e+00 
 1.16800000e-04  1.07367608e+00 
 1.17600000e-04  1.07492070e+00 
 1.18400000e-04  1.07616615e+00 
 1.19200000e-04  1.07741241e+00 
 1.20000000e-04  1.07865950e+00 
 1.20800000e-04  1.07990740e+00 
 1.21600000e-04  1.08115612e+00 
 1.22400000e-04  1.08240566e+00 
 1.23200000e-04  1.08365601e+00 
 1.24000000e-04  1.08490718e+00 
 1.24800000e-04  1.08615915e+00 
 1.25600000e-04  1.08741194e+00 
 1.26400000e-04  1.08866553e+00 
 1.27200000e-04  1.08991994e+00 
 1.28000000e-04  1.09117514e+00 
 1.28800000e-04  1.09243115e+00 
 1.29600000e-04  1.09368797e+00 
 1.30400000e-04  1.09494559e+00 
 1.31200000e-04  1.09620400e+00 
 1.32000000e-04  1.09746322e+00 
 1.32800000e-04  1.09872323e+00 
 1.33600000e-04  1.09998404e+00 
 1.34400000e-04  1.10124564e+00 
 1.35200000e-04  1.10250803e+00 
 1.36000000e-04  1.10377122e+00 
 1.36800000e-04  1.10503519e+00 
 1.37600000e-04  1.10629995e+00 
 1.38400000e-04  1.10756550e+00 
 1.39200000e-04  1.10883184e+00 
 1.40000000e-04  1.11009896e+00 
 1.40800000e-04  1.11136686e+00 
 1.41600000e-04  1.11263554e+00 
 1.42400000e-04  1.11390500e+00 
 1.43200000e-04  1.11517524e+00 
 1.44000000e-04  1.11644625e+00 
 1.44800000e-04  1.11771804e+00 
 1.45600000e-04  1.11899060e+00 
 1.46400000e-04  1.12026393e+00 
 1.47200000e-04  1.12153804e+00 
 1.48000000e-04  1.12281291e+00 
 1.48800000e-04  1.12408855e+00 
 1.49600000e-04  1.12536495e+00 
 1.50400000e-04  1.12664212e+00 
 1.51200000e-04  1.12792004e+00 
 1.52000000e-04  1.12919873e+00 
 1.52800000e-04  1.13047818e+00 
 1.53600000e-04  1.13175838e+00 
 1.54400000e-04  1.13303934e+00 
 1.55200000e-04  1.13432106e+00 
 1.56000000e-04  1.13560352e+00 
 1.56800000e-04  1.13688674e+00 
 1.57600000e-04  1.13817070e+00 
 1.58400000e-04  1.13945541e+00 
 1.59200000e-04  1.14074087e+00 
 1.60000000e-04  1.14202707e+00 
 1.60800000e-04  1.14331401e+00 
 1.61600000e-04  1.14460168e+00 
 1.62400000e-04  1.14589010e+00 
 1.63200000e-04  1.14717925e+00 
 1.64000000e-04  1.14846914e+00 
 1.64800000e-04  1.14975976e+00 
 1.65600000e-04  1.15105111e+00 
 1.66400000e-04  1.15234318e+00 
 1.67200000e-04  1.15363598e+00 
 1.68000000e-04  1.15492951e+00 
 1.68800000e-04  1.15622375e+00 
 1.69600000e-04  1.15751872e+00 
 1.70400000e-04  1.15881440e+00 
 1.71200000e-04  1.16011079e+00 
 1.72000000e-04  1.16140790e+00 
 1.72800000e-04  1.16270572e+00 
 1.73600000e-04  1.16400424e+00 
 1.74400000e-04  1.16530347e+00 
 1.75200000e-04  1.16660340e+00 
 1.76000000e-04  1.16790402e+00 
 1.76800000e-04  1.16920535e+00 
 1.77600000e-04  1.17050736e+00 
 1.78400000e-04  1.17181006e+00 
 1.79200000e-04  1.17311345e+00 
 1.80000000e-04  1.17441752e+00 
 1.80800000e-04  1.17572227e+00 
 1.81600000e-04  1.17702769e+00 
 1.82400000e-04  1.17833379e+00 
 1.83200000e-04  1.17964054e+00 
 1.84000000e-04  1.18094796e+00 
 1.84800000e-04  1.18225603e+00 
 1.85600000e-04  1.18356476e+00 
 1.86400000e-04  1.18487412e+00 
 1.87200000e-04  1.18618413e+00 
 1.88000000e-04  1.18749477e+00 
 1.88800000e-04  1.18880603e+00 
 1.89600000e-04  1.19011791e+00 
 1.90400000e-04  1.19143040e+00 
 1.91200000e-04  1.19274348e+00 
 1.92000000e-04  1.19405716e+00 
 1.92800000e-04  1.19537142e+00 
 1.93600000e-04  1.19668625e+00 
 1.94400000e-04  1.19800163e+00 
 1.95200000e-04  1.19931756e+00 
 1.96000000e-04  1.20063402e+00 
 1.96800000e-04  1.20195099e+00 
 1.97600000e-04  1.20326846e+00 
 1.98400000e-04  1.20458641e+00 
 1.99200000e-04  1.20590482e+00 
 2.00000000e-04  1.20722368e+00 
 2.00800000e-04  1.20854295e+00 
 2.01600000e-04  1.20986261e+00 
 2.02400000e-04  1.21118264e+00 
 2.03200000e-04  1.21250302e+00 
 2.04000000e-04  1.21382370e+00 
 2.04800000e-04  1.21514467e+00 
 2.05600000e-04  1.21646589e+00 
 2.06400000e-04  1.21778733e+00 
 2.07200000e-04  1.21910896e+00 
 2.08000000e-04  1.22043073e+00 
 2.08800000e-04  1.22175262e+00 
 2.09600000e-04  1.22307458e+00 
 2.10400000e-04  1.22439658e+00 
 2.11200000e-04  1.22571858e+00 
 2.12000000e-04  1.22704054e+00 
 2.12800000e-04  1.22836243e+00 
 2.13600000e-04  1.22968419e+00 
 2.14400000e-04  1.23100580e+00 
 2.15200000e-04  1.23232721e+00 
 2.16000000e-04  1.23364838e+00 
 2.16800000e-04  1.23496926e+00 
 2.17600000e-04  1.23628981e+00 
 2.18400000e-04  1.23760999e+00 
 2.19200000e-04  1.23892975e+00 
 2.20000000e-04  1.24024903e+00 
 2.20800000e-04  1.24156780e+00 
 2.21600000e-04  1.24288598e+00 
 2.22400000e-04  1.24420354e+00 
 2.23200000e-04  1.24552041e+00 
 2.24000000e-04  1.24683653e+00 
 2.24800000e-04  1.24815183e+00 
 2.25600000e-04  1.24946625e+00 
 2.26400000e-04  1.25077972e+00 
 2.27200000e-04  1.25209217e+00 
 2.28000000e-04  1.25340352e+00 
 2.28800000e-04  1.25471368e+00 
 2.29600000e-04  1.25602258e+00 
 2.30400000e-04  1.25733013e+00 
 2.31200000e-04  1.25863624e+00 
 2.32000000e-04  1.25994080e+00 
 2.32800000e-04  1.26124373e+00 
 2.33600000e-04  1.26254491e+00 
 2.34400000e-04  1.26384424e+00 
 2.35200000e-04  1.26514161e+00 
 2.36000000e-04  1.26643690e+00 
 2.36800000e-04  1.26772998e+00 
 2.37600000e-04  1.26902074e+00 
 2.38400000e-04  1.27030904e+00 
 2.39200000e-04  1.27159475e+00 
 2.40000000e-04  1.27287773e+00 
 2.40800000e-04  1.27415783e+00 
 2.41600000e-04  1.27543491e+00 
 2.42400000e-04  1.27670881e+00 
 2.43200000e-04  1.27797937e+00 
 2.44000000e-04  1.27924643e+00 
 2.44800000e-04  1.28050983e+00 
 2.45600000e-04  1.28176939e+00 
 2.46400000e-04  1.28302494e+00 
 2.47200000e-04  1.28427630e+00 
 2.48000000e-04  1.28552328e+00 
 2.48800000e-04  1.28676570e+00 
 2.49600000e-04  1.28800337e+00 
 2.50400000e-04  1.28923609e+00 
 2.51200000e-04  1.29046366e+00 
 2.52000000e-04  1.29168590e+00 
 2.52800000e-04  1.29290259e+00 
 2.53600000e-04  1.29411353e+00 
 2.54400000e-04  1.29531852e+00 
 2.55200000e-04  1.29651736e+00 
 2.56000000e-04  1.29770982e+00 
 2.56800000e-04  1.29889572e+00 
 2.57600000e-04  1.30007484e+00 
 2.58400000e-04  1.30124697e+00 
 2.59200000e-04  1.30241192e+00 
 2.60000000e-04  1.30356947e+00 
 2.60800000e-04  1.30471943e+00 
 2.61600000e-04  1.30586160e+00 
 2.62400000e-04  1.30699578e+00 
 2.63200000e-04  1.30812180e+00 
 2.64000000e-04  1.30923945e+00 
 2.64800000e-04  1.31034856e+00 
 2.65600000e-04  1.31144896e+00 
 2.66400000e-04  1.31254047e+00 
 2.67200000e-04  1.31362294e+00 
 2.68000000e-04  1.31469621e+00 
 2.68800000e-04  1.31576012e+00 
 2.69600000e-04  1.31681455e+00 
 2.70400000e-04  1.31785935e+00 
 2.71200000e-04  1.31889442e+00 
 2.72000000e-04  1.31991962e+00 
 2.72800000e-04  1.32093486e+00 
 2.73600000e-04  1.32194003e+00 
 2.74400000e-04  1.32293507e+00 
 2.75200000e-04  1.32391987e+00 
 2.76000000e-04  1.32489439e+00 
 2.76800000e-04  1.32585856e+00 
 2.77600000e-04  1.32681233e+00 
 2.78400000e-04  1.32775567e+00 
 2.79200000e-04  1.32868854e+00 
 2.80000000e-04  1.32961093e+00 
 2.80800000e-04  1.33052282e+00 
 2.81600000e-04  1.33142422e+00 
 2.82400000e-04  1.33231514e+00 
 2.83200000e-04  1.33319558e+00 
 2.84000000e-04  1.33406558e+00 
 2.84800000e-04  1.33492516e+00 
 2.85600000e-04  1.33577437e+00 
 2.86400000e-04  1.33661326e+00 
 2.87200000e-04  1.33744187e+00 
 2.88000000e-04  1.33826028e+00 
 2.88800000e-04  1.33906854e+00 
 2.89600000e-04  1.33986674e+00 
 2.90400000e-04  1.34065494e+00 
 2.91200000e-04  1.34143325e+00 
 2.92000000e-04  1.34220173e+00 
 2.92800000e-04  1.34296049e+00 
 2.93600000e-04  1.34370963e+00 
 2.94400000e-04  1.34444924e+00 
 2.95200000e-04  1.34517944e+00 
 2.96000000e-04  1.34590032e+00 
 2.96800000e-04  1.34661200e+00 
 2.97600000e-04  1.34731460e+00 
 2.98400000e-04  1.34800822e+00 
 2.99200000e-04  1.34869298e+00 
 3.00000000e-04  1.34936901e+00 
 3.00800000e-04  1.35003642e+00 
 3.01600000e-04  1.35069533e+00 
 3.02400000e-04  1.35134586e+00 
 3.03200000e-04  1.35198814e+00 
 3.04000000e-04  1.35262228e+00 
 3.04800000e-04  1.35324842e+00 
 3.05600000e-04  1.35386667e+00 
 3.06400000e-04  1.35447715e+00 
 3.07200000e-04  1.35507998e+00 
 3.08000000e-04  1.35567530e+00 
 3.08800000e-04  1.35626321e+00 
 3.09600000e-04  1.35684384e+00 
 3.10400000e-04  1.35741731e+00 
 3.11200000e-04  1.35798373e+00 
 3.12000000e-04  1.35854323e+00 
 3.12800000e-04  1.35909591e+00 
 3.13600000e-04  1.35964189e+00 
 3.14400000e-04  1.36018129e+00 
 3.15200000e-04  1.36071422e+00 
 3.16000000e-04  1.36124079e+00 
 3.16800000e-04  1.36176110e+00 
 3.17600000e-04  1.36227527e+00 
 3.18400000e-04  1.36278340e+00 
 3.19200000e-04  1.36328560e+00 
 3.20000000e-04  1.36378196e+00 
 3.20800000e-04  1.36427260e+00 
 3.21600000e-04  1.36475760e+00 
 3.22400000e-04  1.36523707e+00 
 3.23200000e-04  1.36571111e+00 
 3.24000000e-04  1.36617980e+00 
 3.24800000e-04  1.36664325e+00 
 3.25600000e-04  1.36710154e+00 
 3.26400000e-04  1.36755476e+00 
 3.27200000e-04  1.36800300e+00 
 3.28000000e-04  1.36844636e+00 
 3.28800000e-04  1.36888490e+00 
 3.29600000e-04  1.36931872e+00 
 3.30400000e-04  1.36974790e+00 
 3.31200000e-04  1.37017252e+00 
 3.32000000e-04  1.37059266e+00 
 3.32800000e-04  1.37100839e+00 
 3.33600000e-04  1.37141979e+00 
 3.34400000e-04  1.37182694e+00 
 3.35200000e-04  1.37222990e+00 
 3.36000000e-04  1.37262876e+00 
 3.36800000e-04  1.37302357e+00 
 3.37600000e-04  1.37341441e+00 
 3.38400000e-04  1.37380134e+00 
 3.39200000e-04  1.37418444e+00 
 3.40000000e-04  1.37456376e+00 
 3.40800000e-04  1.37493936e+00 
 3.41600000e-04  1.37531132e+00 
 3.42400000e-04  1.37567969e+00 
 3.43200000e-04  1.37604453e+00 
 3.44000000e-04  1.37640590e+00 
 3.44800000e-04  1.37676385e+00 
 3.45600000e-04  1.37711845e+00 
 3.46400000e-04  1.37746974e+00 
 3.47200000e-04  1.37781778e+00 
 3.48000000e-04  1.37816262e+00 
 3.48800000e-04  1.37850432e+00 
 3.49600000e-04  1.37884292e+00 
 3.50400000e-04  1.37917848e+00 
 3.51200000e-04  1.37951104e+00 
 3.52000000e-04  1.37984065e+00 
 3.52800000e-04  1.38016736e+00 
 3.53600000e-04  1.38049120e+00 
 3.54400000e-04  1.38081224e+00 
 3.55200000e-04  1.38113050e+00 
 3.56000000e-04  1.38144604e+00 
 3.56800000e-04  1.38175890e+00 
 3.57600000e-04  1.38206911e+00 
 3.58400000e-04  1.38237671e+00 
 3.59200000e-04  1.38268176e+00 
 3.60000000e-04  1.38298428e+00 
 3.60800000e-04  1.38328431e+00 
 3.61600000e-04  1.38358189e+00 
 3.62400000e-04  1.38387706e+00 
 3.63200000e-04  1.38416985e+00 
 3.64000000e-04  1.38446030e+00 
 3.64800000e-04  1.38474845e+00 
 3.65600000e-04  1.38503432e+00 
 3.66400000e-04  1.38531795e+00 
 3.67200000e-04  1.38559937e+00 
 3.68000000e-04  1.38587861e+00 
 3.68800000e-04  1.38615571e+00 
 3.69600000e-04  1.38643069e+00 
 3.70400000e-04  1.38670359e+00 
 3.71200000e-04  1.38697443e+00 
 3.72000000e-04  1.38724325e+00 
 3.72800000e-04  1.38751007e+00 
 3.73600000e-04  1.38777492e+00 
 3.74400000e-04  1.38803783e+00 
 3.75200000e-04  1.38829882e+00 
 3.76000000e-04  1.38855792e+00 
 3.76800000e-04  1.38881515e+00 
 3.77600000e-04  1.38907055e+00 
 3.78400000e-04  1.38932413e+00 
 3.79200000e-04  1.38957593e+00 
 3.80000000e-04  1.38982596e+00 
 3.80800000e-04  1.39007424e+00 
 3.81600000e-04  1.39032081e+00 
 3.82400000e-04  1.39056568e+00 
 3.83200000e-04  1.39080888e+00 
 3.84000000e-04  1.39105043e+00 
 3.84800000e-04  1.39129034e+00 
 3.85600000e-04  1.39152865e+00 
 3.86400000e-04  1.39176536e+00 
 3.87200000e-04  1.39200051e+00 
 3.88000000e-04  1.39223411e+00 
 3.88800000e-04  1.39246618e+00 
 3.89600000e-04  1.39269674e+00 
 3.90400000e-04  1.39292581e+00 
 3.91200000e-04  1.39315341e+00 
 3.92000000e-04  1.39337955e+00 
 3.92800000e-04  1.39360426e+00 
 3.93600000e-04  1.39382755e+00 
 3.94400000e-04  1.39404944e+00 
 3.95200000e-04  1.39426995e+00 
 3.96000000e-04  1.39448909e+00 
 3.96800000e-04  1.39470687e+00 
 3.97600000e-04  1.39492333e+00 
 3.98400000e-04  1.39513846e+00 
 3.99200000e-04  1.39535230e+00 
 4.00000000e-04  1.39556484e+00 
