 time            v(inp)          v(out)         
 0.00000000e+00  9.00000000e-01  9.00000038e-01 
 1.10000000e-11  9.00000000e-01  9.00000038e-01 
 2.20000000e-11  9.00000000e-01  9.00000038e-01 
 4.40000000e-11  9.00000000e-01  9.00000038e-01 
 8.80000000e-11  9.00000000e-01  9.00000038e-01 
 1.76000000e-10  9.00000000e-01  9.00000038e-01 
 3.52000000e-10  9.00000000e-01  9.00000038e-01 
 7.04000000e-10  9.00000000e-01  9.00000038e-01 
 1.40800000e-09  9.00000000e-01  9.00000038e-01 
 2.50800000e-09  9.00000000e-01  9.00000038e-01 
 3.60800000e-09  9.00000000e-01  9.00000038e-01 
 4.70800000e-09  9.00000000e-01  9.00000038e-01 
 5.80800000e-09  9.00000000e-01  9.00000038e-01 
 6.90800000e-09  9.00000000e-01  9.00000038e-01 
 8.00800000e-09  9.00000000e-01  9.00000038e-01 
 9.10800000e-09  9.00000000e-01  9.00000038e-01 
 1.02080000e-08  9.00000000e-01  9.00000038e-01 
 1.13080000e-08  9.00000000e-01  9.00000038e-01 
 1.24080000e-08  9.00000000e-01  9.00000038e-01 
 1.35080000e-08  9.00000000e-01  9.00000038e-01 
 1.46080000e-08  9.00000000e-01  9.00000038e-01 
 1.57080000e-08  9.00000000e-01  9.00000038e-01 
 1.68080000e-08  9.00000000e-01  9.00000038e-01 
 1.79080000e-08  9.00000000e-01  9.00000038e-01 
 1.90080000e-08  9.00000000e-01  9.00000038e-01 
 2.01080000e-08  9.00000000e-01  9.00000038e-01 
 2.12080000e-08  9.00000000e-01  9.00000038e-01 
 2.23080000e-08  9.00000000e-01  9.00000038e-01 
 2.34080000e-08  9.00000000e-01  9.00000038e-01 
 2.45080000e-08  9.00000000e-01  9.00000038e-01 
 2.56080000e-08  9.00000000e-01  9.00000038e-01 
 2.67080000e-08  9.00000000e-01  9.00000038e-01 
 2.78080000e-08  9.00000000e-01  9.00000038e-01 
 2.89080000e-08  9.00000000e-01  9.00000038e-01 
 3.00080000e-08  9.00000000e-01  9.00000038e-01 
 3.11080000e-08  9.00000000e-01  9.00000038e-01 
 3.22080000e-08  9.00000000e-01  9.00000038e-01 
 3.33080000e-08  9.00000000e-01  9.00000038e-01 
 3.44080000e-08  9.00000000e-01  9.00000038e-01 
 3.55080000e-08  9.00000000e-01  9.00000038e-01 
 3.66080000e-08  9.00000000e-01  9.00000038e-01 
 3.77080000e-08  9.00000000e-01  9.00000038e-01 
 3.88080000e-08  9.00000000e-01  9.00000038e-01 
 3.99080000e-08  9.00000000e-01  9.00000038e-01 
 4.10080000e-08  9.00000000e-01  9.00000038e-01 
 4.21080000e-08  9.00000000e-01  9.00000038e-01 
 4.32080000e-08  9.00000000e-01  9.00000038e-01 
 4.43080000e-08  9.00000000e-01  9.00000038e-01 
 4.54080000e-08  9.00000000e-01  9.00000038e-01 
 4.65080000e-08  9.00000000e-01  9.00000038e-01 
 4.76080000e-08  9.00000000e-01  9.00000038e-01 
 4.87080000e-08  9.00000000e-01  9.00000038e-01 
 4.98080000e-08  9.00000000e-01  9.00000038e-01 
 5.09080000e-08  9.00000000e-01  9.00000038e-01 
 5.20080000e-08  9.00000000e-01  9.00000038e-01 
 5.31080000e-08  9.00000000e-01  9.00000038e-01 
 5.42080000e-08  9.00000000e-01  9.00000038e-01 
 5.53080000e-08  9.00000000e-01  9.00000038e-01 
 5.64080000e-08  9.00000000e-01  9.00000038e-01 
 5.75080000e-08  9.00000000e-01  9.00000038e-01 
 5.86080000e-08  9.00000000e-01  9.00000038e-01 
 5.97080000e-08  9.00000000e-01  9.00000038e-01 
 6.08080000e-08  9.00000000e-01  9.00000038e-01 
 6.19080000e-08  9.00000000e-01  9.00000038e-01 
 6.30080000e-08  9.00000000e-01  9.00000038e-01 
 6.41080000e-08  9.00000000e-01  9.00000038e-01 
 6.52080000e-08  9.00000000e-01  9.00000038e-01 
 6.63080000e-08  9.00000000e-01  9.00000038e-01 
 6.74080000e-08  9.00000000e-01  9.00000038e-01 
 6.85080000e-08  9.00000000e-01  9.00000038e-01 
 6.96080000e-08  9.00000000e-01  9.00000038e-01 
 7.07080000e-08  9.00000000e-01  9.00000038e-01 
 7.18080000e-08  9.00000000e-01  9.00000038e-01 
 7.29080000e-08  9.00000000e-01  9.00000038e-01 
 7.40080000e-08  9.00000000e-01  9.00000038e-01 
 7.51080000e-08  9.00000000e-01  9.00000038e-01 
 7.62080000e-08  9.00000000e-01  9.00000038e-01 
 7.73080000e-08  9.00000000e-01  9.00000038e-01 
 7.84080000e-08  9.00000000e-01  9.00000038e-01 
 7.95080000e-08  9.00000000e-01  9.00000038e-01 
 8.06080000e-08  9.00000000e-01  9.00000038e-01 
 8.17080000e-08  9.00000000e-01  9.00000038e-01 
 8.28080000e-08  9.00000000e-01  9.00000038e-01 
 8.39080000e-08  9.00000000e-01  9.00000038e-01 
 8.50080000e-08  9.00000000e-01  9.00000038e-01 
 8.61080000e-08  9.00000000e-01  9.00000038e-01 
 8.72080000e-08  9.00000000e-01  9.00000038e-01 
 8.83080000e-08  9.00000000e-01  9.00000038e-01 
 8.94080000e-08  9.00000000e-01  9.00000038e-01 
 9.05080000e-08  9.00000000e-01  9.00000038e-01 
 9.16080000e-08  9.00000000e-01  9.00000038e-01 
 9.27080000e-08  9.00000000e-01  9.00000038e-01 
 9.38080000e-08  9.00000000e-01  9.00000038e-01 
 9.49080000e-08  9.00000000e-01  9.00000038e-01 
 9.60080000e-08  9.00000000e-01  9.00000038e-01 
 9.71080000e-08  9.00000000e-01  9.00000038e-01 
 9.82080000e-08  9.00000000e-01  9.00000038e-01 
 9.93080000e-08  9.00000000e-01  9.00000038e-01 
 1.00000000e-07  9.00000000e-01  9.00000038e-01 
 1.00001000e-07  9.01000000e-01  9.00003555e-01 
 1.00003000e-07  9.03000000e-01  9.00010606e-01 
 1.00007000e-07  9.07000000e-01  9.00024763e-01 
 1.00010000e-07  9.10000000e-01  9.00035415e-01 
 1.00010800e-07  9.10000000e-01  9.00035415e-01 
 1.00012400e-07  9.10000000e-01  9.00035416e-01 
 1.00015600e-07  9.10000000e-01  9.00035418e-01 
 1.00022000e-07  9.10000000e-01  9.00035424e-01 
 1.00034800e-07  9.10000000e-01  9.00035444e-01 
 1.00060400e-07  9.10000000e-01  9.00035511e-01 
 1.00111600e-07  9.10000000e-01  9.00035753e-01 
 1.00214000e-07  9.10000000e-01  9.00036604e-01 
 1.00418800e-07  9.10000000e-01  9.00039405e-01 
 1.00828400e-07  9.10000000e-01  9.00047438e-01 
 1.01647600e-07  9.10000000e-01  9.00066366e-01 
 1.02747600e-07  9.10000000e-01  9.00092688e-01 
 1.03847600e-07  9.10000000e-01  9.00121093e-01 
 1.04947600e-07  9.10000000e-01  9.00153688e-01 
 1.06047600e-07  9.10000000e-01  9.00190545e-01 
 1.07147600e-07  9.10000000e-01  9.00231068e-01 
 1.08247600e-07  9.10000000e-01  9.00274708e-01 
 1.09347600e-07  9.10000000e-01  9.00321041e-01 
 1.10447600e-07  9.10000000e-01  9.00369734e-01 
 1.11547600e-07  9.10000000e-01  9.00420510e-01 
 1.12647600e-07  9.10000000e-01  9.00473130e-01 
 1.13747600e-07  9.10000000e-01  9.00527384e-01 
 1.14847600e-07  9.10000000e-01  9.00583082e-01 
 1.15947600e-07  9.10000000e-01  9.00640054e-01 
 1.17047600e-07  9.10000000e-01  9.00698142e-01 
 1.18147600e-07  9.10000000e-01  9.00757203e-01 
 1.19247600e-07  9.10000000e-01  9.00817106e-01 
 1.20347600e-07  9.10000000e-01  9.00877732e-01 
 1.21447600e-07  9.10000000e-01  9.00938973e-01 
 1.22547600e-07  9.10000000e-01  9.01000729e-01 
 1.23647600e-07  9.10000000e-01  9.01062911e-01 
 1.24747600e-07  9.10000000e-01  9.01125436e-01 
 1.25847600e-07  9.10000000e-01  9.01188228e-01 
 1.26947600e-07  9.10000000e-01  9.01251221e-01 
 1.28047600e-07  9.10000000e-01  9.01314352e-01 
 1.29147600e-07  9.10000000e-01  9.01377564e-01 
 1.30247600e-07  9.10000000e-01  9.01440806e-01 
 1.31347600e-07  9.10000000e-01  9.01504033e-01 
 1.32447600e-07  9.10000000e-01  9.01567202e-01 
 1.33547600e-07  9.10000000e-01  9.01630275e-01 
 1.34647600e-07  9.10000000e-01  9.01693218e-01 
 1.35747600e-07  9.10000000e-01  9.01756000e-01 
 1.36847600e-07  9.10000000e-01  9.01818592e-01 
 1.37947600e-07  9.10000000e-01  9.01880969e-01 
 1.39047600e-07  9.10000000e-01  9.01943109e-01 
 1.40147600e-07  9.10000000e-01  9.02004991e-01 
 1.41247600e-07  9.10000000e-01  9.02066596e-01 
 1.42347600e-07  9.10000000e-01  9.02127909e-01 
 1.43447600e-07  9.10000000e-01  9.02188915e-01 
 1.44547600e-07  9.10000000e-01  9.02249600e-01 
 1.45647600e-07  9.10000000e-01  9.02309953e-01 
 1.46747600e-07  9.10000000e-01  9.02369964e-01 
 1.47847600e-07  9.10000000e-01  9.02429623e-01 
 1.48947600e-07  9.10000000e-01  9.02488923e-01 
 1.50047600e-07  9.10000000e-01  9.02547856e-01 
 1.51147600e-07  9.10000000e-01  9.02606417e-01 
 1.52247600e-07  9.10000000e-01  9.02664600e-01 
 1.53347600e-07  9.10000000e-01  9.02722400e-01 
 1.54447600e-07  9.10000000e-01  9.02779814e-01 
 1.55547600e-07  9.10000000e-01  9.02836839e-01 
 1.56647600e-07  9.10000000e-01  9.02893472e-01 
 1.57747600e-07  9.10000000e-01  9.02949711e-01 
 1.58847600e-07  9.10000000e-01  9.03005554e-01 
 1.59947600e-07  9.10000000e-01  9.03061000e-01 
 1.61047600e-07  9.10000000e-01  9.03116048e-01 
 1.62147600e-07  9.10000000e-01  9.03170698e-01 
 1.63247600e-07  9.10000000e-01  9.03224949e-01 
 1.64347600e-07  9.10000000e-01  9.03278802e-01 
 1.65447600e-07  9.10000000e-01  9.03332257e-01 
 1.66547600e-07  9.10000000e-01  9.03385314e-01 
 1.67647600e-07  9.10000000e-01  9.03437974e-01 
 1.68747600e-07  9.10000000e-01  9.03490240e-01 
 1.69847600e-07  9.10000000e-01  9.03542110e-01 
 1.70947600e-07  9.10000000e-01  9.03593588e-01 
 1.72047600e-07  9.10000000e-01  9.03644673e-01 
 1.73147600e-07  9.10000000e-01  9.03695369e-01 
 1.74247600e-07  9.10000000e-01  9.03745677e-01 
 1.75347600e-07  9.10000000e-01  9.03795598e-01 
 1.76447600e-07  9.10000000e-01  9.03845134e-01 
 1.77547600e-07  9.10000000e-01  9.03894288e-01 
 1.78647600e-07  9.10000000e-01  9.03943062e-01 
 1.79747600e-07  9.10000000e-01  9.03991457e-01 
 1.80847600e-07  9.10000000e-01  9.04039475e-01 
 1.81947600e-07  9.10000000e-01  9.04087120e-01 
 1.83047600e-07  9.10000000e-01  9.04134393e-01 
 1.84147600e-07  9.10000000e-01  9.04181297e-01 
 1.85247600e-07  9.10000000e-01  9.04227834e-01 
 1.86347600e-07  9.10000000e-01  9.04274006e-01 
 1.87447600e-07  9.10000000e-01  9.04319816e-01 
 1.88547600e-07  9.10000000e-01  9.04365265e-01 
 1.89647600e-07  9.10000000e-01  9.04410358e-01 
 1.90747600e-07  9.10000000e-01  9.04455096e-01 
 1.91847600e-07  9.10000000e-01  9.04499481e-01 
 1.92947600e-07  9.10000000e-01  9.04543516e-01 
 1.94047600e-07  9.10000000e-01  9.04587204e-01 
 1.95147600e-07  9.10000000e-01  9.04630546e-01 
 1.96247600e-07  9.10000000e-01  9.04673546e-01 
 1.97347600e-07  9.10000000e-01  9.04716206e-01 
 1.98447600e-07  9.10000000e-01  9.04758529e-01 
 1.99547600e-07  9.10000000e-01  9.04800516e-01 
 2.00647600e-07  9.10000000e-01  9.04842171e-01 
 2.01747600e-07  9.10000000e-01  9.04883495e-01 
 2.02847600e-07  9.10000000e-01  9.04924492e-01 
 2.03947600e-07  9.10000000e-01  9.04965163e-01 
 2.05047600e-07  9.10000000e-01  9.05005512e-01 
 2.06147600e-07  9.10000000e-01  9.05045540e-01 
 2.07247600e-07  9.10000000e-01  9.05085251e-01 
 2.08347600e-07  9.10000000e-01  9.05124645e-01 
 2.09447600e-07  9.10000000e-01  9.05163727e-01 
 2.10547600e-07  9.10000000e-01  9.05202498e-01 
 2.11647600e-07  9.10000000e-01  9.05240960e-01 
 2.12747600e-07  9.10000000e-01  9.05279117e-01 
 2.13847600e-07  9.10000000e-01  9.05316970e-01 
 2.14947600e-07  9.10000000e-01  9.05354521e-01 
 2.16047600e-07  9.10000000e-01  9.05391774e-01 
 2.17147600e-07  9.10000000e-01  9.05428730e-01 
 2.18247600e-07  9.10000000e-01  9.05465391e-01 
 2.19347600e-07  9.10000000e-01  9.05501761e-01 
 2.20447600e-07  9.10000000e-01  9.05537840e-01 
 2.21547600e-07  9.10000000e-01  9.05573632e-01 
 2.22647600e-07  9.10000000e-01  9.05609139e-01 
 2.23747600e-07  9.10000000e-01  9.05644363e-01 
 2.24847600e-07  9.10000000e-01  9.05679305e-01 
 2.25947600e-07  9.10000000e-01  9.05713969e-01 
 2.27047600e-07  9.10000000e-01  9.05748357e-01 
 2.28147600e-07  9.10000000e-01  9.05782470e-01 
 2.29247600e-07  9.10000000e-01  9.05816311e-01 
 2.30347600e-07  9.10000000e-01  9.05849882e-01 
 2.31447600e-07  9.10000000e-01  9.05883185e-01 
 2.32547600e-07  9.10000000e-01  9.05916222e-01 
 2.33647600e-07  9.10000000e-01  9.05948995e-01 
 2.34747600e-07  9.10000000e-01  9.05981506e-01 
 2.35847600e-07  9.10000000e-01  9.06013758e-01 
 2.36947600e-07  9.10000000e-01  9.06045753e-01 
 2.38047600e-07  9.10000000e-01  9.06077491e-01 
 2.39147600e-07  9.10000000e-01  9.06108977e-01 
 2.40247600e-07  9.10000000e-01  9.06140210e-01 
 2.41347600e-07  9.10000000e-01  9.06171194e-01 
 2.42447600e-07  9.10000000e-01  9.06201931e-01 
 2.43547600e-07  9.10000000e-01  9.06232422e-01 
 2.44647600e-07  9.10000000e-01  9.06262669e-01 
 2.45747600e-07  9.10000000e-01  9.06292674e-01 
 2.46847600e-07  9.10000000e-01  9.06322440e-01 
 2.47947600e-07  9.10000000e-01  9.06351967e-01 
 2.49047600e-07  9.10000000e-01  9.06381258e-01 
 2.50147600e-07  9.10000000e-01  9.06410316e-01 
 2.51247600e-07  9.10000000e-01  9.06439140e-01 
 2.52347600e-07  9.10000000e-01  9.06467735e-01 
 2.53447600e-07  9.10000000e-01  9.06496100e-01 
 2.54547600e-07  9.10000000e-01  9.06524239e-01 
 2.55647600e-07  9.10000000e-01  9.06552152e-01 
 2.56747600e-07  9.10000000e-01  9.06579842e-01 
 2.57847600e-07  9.10000000e-01  9.06607311e-01 
 2.58947600e-07  9.10000000e-01  9.06634560e-01 
 2.60047600e-07  9.10000000e-01  9.06661590e-01 
 2.61147600e-07  9.10000000e-01  9.06688405e-01 
 2.62247600e-07  9.10000000e-01  9.06715005e-01 
 2.63347600e-07  9.10000000e-01  9.06741392e-01 
 2.64447600e-07  9.10000000e-01  9.06767567e-01 
 2.65547600e-07  9.10000000e-01  9.06793533e-01 
 2.66647600e-07  9.10000000e-01  9.06819292e-01 
 2.67747600e-07  9.10000000e-01  9.06844844e-01 
 2.68847600e-07  9.10000000e-01  9.06870191e-01 
 2.69947600e-07  9.10000000e-01  9.06895335e-01 
 2.71047600e-07  9.10000000e-01  9.06920278e-01 
 2.72147600e-07  9.10000000e-01  9.06945022e-01 
 2.73247600e-07  9.10000000e-01  9.06969567e-01 
 2.74347600e-07  9.10000000e-01  9.06993916e-01 
 2.75447600e-07  9.10000000e-01  9.07018069e-01 
 2.76547600e-07  9.10000000e-01  9.07042029e-01 
 2.77647600e-07  9.10000000e-01  9.07065797e-01 
 2.78747600e-07  9.10000000e-01  9.07089375e-01 
 2.79847600e-07  9.10000000e-01  9.07112764e-01 
 2.80947600e-07  9.10000000e-01  9.07135965e-01 
 2.82047600e-07  9.10000000e-01  9.07158980e-01 
 2.83147600e-07  9.10000000e-01  9.07181812e-01 
 2.84247600e-07  9.10000000e-01  9.07204460e-01 
 2.85347600e-07  9.10000000e-01  9.07226926e-01 
 2.86447600e-07  9.10000000e-01  9.07249213e-01 
 2.87547600e-07  9.10000000e-01  9.07271321e-01 
 2.88647600e-07  9.10000000e-01  9.07293251e-01 
 2.89747600e-07  9.10000000e-01  9.07315006e-01 
 2.90847600e-07  9.10000000e-01  9.07336587e-01 
 2.91947600e-07  9.10000000e-01  9.07357994e-01 
 2.93047600e-07  9.10000000e-01  9.07379230e-01 
 2.94147600e-07  9.10000000e-01  9.07400295e-01 
 2.95247600e-07  9.10000000e-01  9.07421192e-01 
 2.96347600e-07  9.10000000e-01  9.07441921e-01 
 2.97447600e-07  9.10000000e-01  9.07462484e-01 
 2.98547600e-07  9.10000000e-01  9.07482882e-01 
 2.99647600e-07  9.10000000e-01  9.07503117e-01 
 3.00747600e-07  9.10000000e-01  9.07523189e-01 
 3.01847600e-07  9.10000000e-01  9.07543100e-01 
 3.02947600e-07  9.10000000e-01  9.07562851e-01 
 3.04047600e-07  9.10000000e-01  9.07582445e-01 
 3.05147600e-07  9.10000000e-01  9.07601880e-01 
 3.06247600e-07  9.10000000e-01  9.07621160e-01 
 3.07347600e-07  9.10000000e-01  9.07640286e-01 
 3.08447600e-07  9.10000000e-01  9.07659258e-01 
 3.09547600e-07  9.10000000e-01  9.07678077e-01 
 3.10647600e-07  9.10000000e-01  9.07696746e-01 
 3.11747600e-07  9.10000000e-01  9.07715265e-01 
 3.12847600e-07  9.10000000e-01  9.07733635e-01 
 3.13947600e-07  9.10000000e-01  9.07751858e-01 
 3.15047600e-07  9.10000000e-01  9.07769935e-01 
 3.16147600e-07  9.10000000e-01  9.07787867e-01 
 3.17247600e-07  9.10000000e-01  9.07805654e-01 
 3.18347600e-07  9.10000000e-01  9.07823299e-01 
 3.19447600e-07  9.10000000e-01  9.07840803e-01 
 3.20547600e-07  9.10000000e-01  9.07858166e-01 
 3.21647600e-07  9.10000000e-01  9.07875389e-01 
 3.22747600e-07  9.10000000e-01  9.07892475e-01 
 3.23847600e-07  9.10000000e-01  9.07909423e-01 
 3.24947600e-07  9.10000000e-01  9.07926235e-01 
 3.26047600e-07  9.10000000e-01  9.07942912e-01 
 3.27147600e-07  9.10000000e-01  9.07959456e-01 
 3.28247600e-07  9.10000000e-01  9.07975866e-01 
 3.29347600e-07  9.10000000e-01  9.07992145e-01 
 3.30447600e-07  9.10000000e-01  9.08008293e-01 
 3.31547600e-07  9.10000000e-01  9.08024311e-01 
 3.32647600e-07  9.10000000e-01  9.08040201e-01 
 3.33747600e-07  9.10000000e-01  9.08055964e-01 
 3.34847600e-07  9.10000000e-01  9.08071599e-01 
 3.35947600e-07  9.10000000e-01  9.08087109e-01 
 3.37047600e-07  9.10000000e-01  9.08102495e-01 
 3.38147600e-07  9.10000000e-01  9.08117757e-01 
 3.39247600e-07  9.10000000e-01  9.08132897e-01 
 3.40347600e-07  9.10000000e-01  9.08147914e-01 
 3.41447600e-07  9.10000000e-01  9.08162812e-01 
 3.42547600e-07  9.10000000e-01  9.08177589e-01 
 3.43647600e-07  9.10000000e-01  9.08192248e-01 
 3.44747600e-07  9.10000000e-01  9.08206790e-01 
 3.45847600e-07  9.10000000e-01  9.08221214e-01 
 3.46947600e-07  9.10000000e-01  9.08235523e-01 
 3.48047600e-07  9.10000000e-01  9.08249717e-01 
 3.49147600e-07  9.10000000e-01  9.08263796e-01 
 3.50247600e-07  9.10000000e-01  9.08277763e-01 
 3.51347600e-07  9.10000000e-01  9.08291617e-01 
 3.52447600e-07  9.10000000e-01  9.08305360e-01 
 3.53547600e-07  9.10000000e-01  9.08318993e-01 
 3.54647600e-07  9.10000000e-01  9.08332516e-01 
 3.55747600e-07  9.10000000e-01  9.08345931e-01 
 3.56847600e-07  9.10000000e-01  9.08359237e-01 
 3.57947600e-07  9.10000000e-01  9.08372437e-01 
 3.59047600e-07  9.10000000e-01  9.08385531e-01 
 3.60147600e-07  9.10000000e-01  9.08398520e-01 
 3.61247600e-07  9.10000000e-01  9.08411404e-01 
 3.62347600e-07  9.10000000e-01  9.08424185e-01 
 3.63447600e-07  9.10000000e-01  9.08436863e-01 
 3.64547600e-07  9.10000000e-01  9.08449439e-01 
 3.65647600e-07  9.10000000e-01  9.08461914e-01 
 3.66747600e-07  9.10000000e-01  9.08474289e-01 
 3.67847600e-07  9.10000000e-01  9.08486564e-01 
 3.68947600e-07  9.10000000e-01  9.08498741e-01 
 3.70047600e-07  9.10000000e-01  9.08510820e-01 
 3.71147600e-07  9.10000000e-01  9.08522802e-01 
 3.72247600e-07  9.10000000e-01  9.08534687e-01 
 3.73347600e-07  9.10000000e-01  9.08546478e-01 
 3.74447600e-07  9.10000000e-01  9.08558173e-01 
 3.75547600e-07  9.10000000e-01  9.08569774e-01 
 3.76647600e-07  9.10000000e-01  9.08581282e-01 
 3.77747600e-07  9.10000000e-01  9.08592698e-01 
 3.78847600e-07  9.10000000e-01  9.08604022e-01 
 3.79947600e-07  9.10000000e-01  9.08615254e-01 
 3.81047600e-07  9.10000000e-01  9.08626397e-01 
 3.82147600e-07  9.10000000e-01  9.08637450e-01 
 3.83247600e-07  9.10000000e-01  9.08648414e-01 
 3.84347600e-07  9.10000000e-01  9.08659290e-01 
 3.85447600e-07  9.10000000e-01  9.08670078e-01 
 3.86547600e-07  9.10000000e-01  9.08680780e-01 
 3.87647600e-07  9.10000000e-01  9.08691396e-01 
 3.88747600e-07  9.10000000e-01  9.08701926e-01 
 3.89847600e-07  9.10000000e-01  9.08712372e-01 
 3.90947600e-07  9.10000000e-01  9.08722734e-01 
 3.92047600e-07  9.10000000e-01  9.08733012e-01 
 3.93147600e-07  9.10000000e-01  9.08743208e-01 
 3.94247600e-07  9.10000000e-01  9.08753322e-01 
 3.95347600e-07  9.10000000e-01  9.08763355e-01 
 3.96447600e-07  9.10000000e-01  9.08773307e-01 
 3.97547600e-07  9.10000000e-01  9.08783179e-01 
 3.98647600e-07  9.10000000e-01  9.08792971e-01 
 3.99747600e-07  9.10000000e-01  9.08802685e-01 
 4.00847600e-07  9.10000000e-01  9.08812321e-01 
 4.01947600e-07  9.10000000e-01  9.08821879e-01 
 4.03047600e-07  9.10000000e-01  9.08831360e-01 
 4.04147600e-07  9.10000000e-01  9.08840765e-01 
 4.05247600e-07  9.10000000e-01  9.08850095e-01 
 4.06347600e-07  9.10000000e-01  9.08859349e-01 
 4.07447600e-07  9.10000000e-01  9.08868529e-01 
 4.08547600e-07  9.10000000e-01  9.08877636e-01 
 4.09647600e-07  9.10000000e-01  9.08886669e-01 
 4.10747600e-07  9.10000000e-01  9.08895629e-01 
 4.11847600e-07  9.10000000e-01  9.08904517e-01 
 4.12947600e-07  9.10000000e-01  9.08913334e-01 
 4.14047600e-07  9.10000000e-01  9.08922080e-01 
 4.15147600e-07  9.10000000e-01  9.08930756e-01 
 4.16247600e-07  9.10000000e-01  9.08939362e-01 
 4.17347600e-07  9.10000000e-01  9.08947898e-01 
 4.18447600e-07  9.10000000e-01  9.08956366e-01 
 4.19547600e-07  9.10000000e-01  9.08964766e-01 
 4.20647600e-07  9.10000000e-01  9.08973098e-01 
 4.21747600e-07  9.10000000e-01  9.08981364e-01 
 4.22847600e-07  9.10000000e-01  9.08989562e-01 
 4.23947600e-07  9.10000000e-01  9.08997695e-01 
 4.25047600e-07  9.10000000e-01  9.09005763e-01 
 4.26147600e-07  9.10000000e-01  9.09013765e-01 
 4.27247600e-07  9.10000000e-01  9.09021704e-01 
 4.28347600e-07  9.10000000e-01  9.09029578e-01 
 4.29447600e-07  9.10000000e-01  9.09037389e-01 
 4.30547600e-07  9.10000000e-01  9.09045137e-01 
 4.31647600e-07  9.10000000e-01  9.09052823e-01 
 4.32747600e-07  9.10000000e-01  9.09060447e-01 
 4.33847600e-07  9.10000000e-01  9.09068010e-01 
 4.34947600e-07  9.10000000e-01  9.09075511e-01 
 4.36047600e-07  9.10000000e-01  9.09082953e-01 
 4.37147600e-07  9.10000000e-01  9.09090335e-01 
 4.38247600e-07  9.10000000e-01  9.09097657e-01 
 4.39347600e-07  9.10000000e-01  9.09104920e-01 
 4.40447600e-07  9.10000000e-01  9.09112125e-01 
 4.41547600e-07  9.10000000e-01  9.09119272e-01 
 4.42647600e-07  9.10000000e-01  9.09126362e-01 
 4.43747600e-07  9.10000000e-01  9.09133394e-01 
 4.44847600e-07  9.10000000e-01  9.09140370e-01 
 4.45947600e-07  9.10000000e-01  9.09147290e-01 
 4.47047600e-07  9.10000000e-01  9.09154154e-01 
 4.48147600e-07  9.10000000e-01  9.09160963e-01 
 4.49247600e-07  9.10000000e-01  9.09167717e-01 
 4.50347600e-07  9.10000000e-01  9.09174417e-01 
 4.51447600e-07  9.10000000e-01  9.09181063e-01 
 4.52547600e-07  9.10000000e-01  9.09187655e-01 
 4.53647600e-07  9.10000000e-01  9.09194194e-01 
 4.54747600e-07  9.10000000e-01  9.09200681e-01 
 4.55847600e-07  9.10000000e-01  9.09207116e-01 
 4.56947600e-07  9.10000000e-01  9.09213498e-01 
 4.58047600e-07  9.10000000e-01  9.09219830e-01 
 4.59147600e-07  9.10000000e-01  9.09226110e-01 
 4.60247600e-07  9.10000000e-01  9.09232340e-01 
 4.61347600e-07  9.10000000e-01  9.09238520e-01 
 4.62447600e-07  9.10000000e-01  9.09244650e-01 
 4.63547600e-07  9.10000000e-01  9.09250731e-01 
 4.64647600e-07  9.10000000e-01  9.09256763e-01 
 4.65747600e-07  9.10000000e-01  9.09262746e-01 
 4.66847600e-07  9.10000000e-01  9.09268681e-01 
 4.67947600e-07  9.10000000e-01  9.09274568e-01 
 4.69047600e-07  9.10000000e-01  9.09280408e-01 
 4.70147600e-07  9.10000000e-01  9.09286201e-01 
 4.71247600e-07  9.10000000e-01  9.09291948e-01 
 4.72347600e-07  9.10000000e-01  9.09297648e-01 
 4.73447600e-07  9.10000000e-01  9.09303302e-01 
 4.74547600e-07  9.10000000e-01  9.09308911e-01 
 4.75647600e-07  9.10000000e-01  9.09314475e-01 
 4.76747600e-07  9.10000000e-01  9.09319994e-01 
 4.77847600e-07  9.10000000e-01  9.09325468e-01 
 4.78947600e-07  9.10000000e-01  9.09330899e-01 
 4.80047600e-07  9.10000000e-01  9.09336285e-01 
 4.81147600e-07  9.10000000e-01  9.09341629e-01 
 4.82247600e-07  9.10000000e-01  9.09346929e-01 
 4.83347600e-07  9.10000000e-01  9.09352187e-01 
 4.84447600e-07  9.10000000e-01  9.09357402e-01 
 4.85547600e-07  9.10000000e-01  9.09362576e-01 
 4.86647600e-07  9.10000000e-01  9.09367708e-01 
 4.87747600e-07  9.10000000e-01  9.09372798e-01 
 4.88847600e-07  9.10000000e-01  9.09377848e-01 
 4.89947600e-07  9.10000000e-01  9.09382857e-01 
 4.91047600e-07  9.10000000e-01  9.09387825e-01 
 4.92147600e-07  9.10000000e-01  9.09392754e-01 
 4.93247600e-07  9.10000000e-01  9.09397643e-01 
 4.94347600e-07  9.10000000e-01  9.09402492e-01 
 4.95447600e-07  9.10000000e-01  9.09407303e-01 
 4.96547600e-07  9.10000000e-01  9.09412075e-01 
 4.97647600e-07  9.10000000e-01  9.09416808e-01 
 4.98747600e-07  9.10000000e-01  9.09421503e-01 
 4.99847600e-07  9.10000000e-01  9.09426161e-01 
 5.00947600e-07  9.10000000e-01  9.09430781e-01 
 5.02047600e-07  9.10000000e-01  9.09435364e-01 
 5.03147600e-07  9.10000000e-01  9.09439910e-01 
 5.04247600e-07  9.10000000e-01  9.09444419e-01 
 5.05347600e-07  9.10000000e-01  9.09448892e-01 
 5.06447600e-07  9.10000000e-01  9.09453330e-01 
 5.07547600e-07  9.10000000e-01  9.09457731e-01 
 5.08647600e-07  9.10000000e-01  9.09462097e-01 
 5.09747600e-07  9.10000000e-01  9.09466428e-01 
 5.10847600e-07  9.10000000e-01  9.09470724e-01 
 5.11947600e-07  9.10000000e-01  9.09474985e-01 
 5.13047600e-07  9.10000000e-01  9.09479212e-01 
 5.14147600e-07  9.10000000e-01  9.09483405e-01 
 5.15247600e-07  9.10000000e-01  9.09487565e-01 
 5.16347600e-07  9.10000000e-01  9.09491690e-01 
 5.17447600e-07  9.10000000e-01  9.09495783e-01 
 5.18547600e-07  9.10000000e-01  9.09499843e-01 
 5.19647600e-07  9.10000000e-01  9.09503870e-01 
 5.20747600e-07  9.10000000e-01  9.09507864e-01 
 5.21847600e-07  9.10000000e-01  9.09511827e-01 
 5.22947600e-07  9.10000000e-01  9.09515757e-01 
 5.24047600e-07  9.10000000e-01  9.09519656e-01 
 5.25147600e-07  9.10000000e-01  9.09523524e-01 
 5.26247600e-07  9.10000000e-01  9.09527360e-01 
 5.27347600e-07  9.10000000e-01  9.09531166e-01 
 5.28447600e-07  9.10000000e-01  9.09534941e-01 
 5.29547600e-07  9.10000000e-01  9.09538685e-01 
 5.30647600e-07  9.10000000e-01  9.09542399e-01 
 5.31747600e-07  9.10000000e-01  9.09546084e-01 
 5.32847600e-07  9.10000000e-01  9.09549739e-01 
 5.33947600e-07  9.10000000e-01  9.09553364e-01 
 5.35047600e-07  9.10000000e-01  9.09556960e-01 
 5.36147600e-07  9.10000000e-01  9.09560527e-01 
 5.37247600e-07  9.10000000e-01  9.09564066e-01 
 5.38347600e-07  9.10000000e-01  9.09567576e-01 
 5.39447600e-07  9.10000000e-01  9.09571058e-01 
 5.40547600e-07  9.10000000e-01  9.09574511e-01 
 5.41647600e-07  9.10000000e-01  9.09577937e-01 
 5.42747600e-07  9.10000000e-01  9.09581336e-01 
 5.43847600e-07  9.10000000e-01  9.09584707e-01 
 5.44947600e-07  9.10000000e-01  9.09588051e-01 
 5.46047600e-07  9.10000000e-01  9.09591368e-01 
 5.47147600e-07  9.10000000e-01  9.09594658e-01 
 5.48247600e-07  9.10000000e-01  9.09597922e-01 
 5.49347600e-07  9.10000000e-01  9.09601159e-01 
 5.50447600e-07  9.10000000e-01  9.09604371e-01 
 5.51547600e-07  9.10000000e-01  9.09607556e-01 
 5.52647600e-07  9.10000000e-01  9.09610716e-01 
 5.53747600e-07  9.10000000e-01  9.09613851e-01 
 5.54847600e-07  9.10000000e-01  9.09616960e-01 
 5.55947600e-07  9.10000000e-01  9.09620044e-01 
 5.57047600e-07  9.10000000e-01  9.09623103e-01 
 5.58147600e-07  9.10000000e-01  9.09626138e-01 
 5.59247600e-07  9.10000000e-01  9.09629148e-01 
 5.60347600e-07  9.10000000e-01  9.09632135e-01 
 5.61447600e-07  9.10000000e-01  9.09635097e-01 
 5.62547600e-07  9.10000000e-01  9.09638035e-01 
 5.63647600e-07  9.10000000e-01  9.09640949e-01 
 5.64747600e-07  9.10000000e-01  9.09643840e-01 
 5.65847600e-07  9.10000000e-01  9.09646708e-01 
 5.66947600e-07  9.10000000e-01  9.09649553e-01 
 5.68047600e-07  9.10000000e-01  9.09652375e-01 
 5.69147600e-07  9.10000000e-01  9.09655174e-01 
 5.70247600e-07  9.10000000e-01  9.09657950e-01 
 5.71347600e-07  9.10000000e-01  9.09660705e-01 
 5.72447600e-07  9.10000000e-01  9.09663437e-01 
 5.73547600e-07  9.10000000e-01  9.09666147e-01 
 5.74647600e-07  9.10000000e-01  9.09668835e-01 
 5.75747600e-07  9.10000000e-01  9.09671501e-01 
 5.76847600e-07  9.10000000e-01  9.09674147e-01 
 5.77947600e-07  9.10000000e-01  9.09676770e-01 
 5.79047600e-07  9.10000000e-01  9.09679373e-01 
 5.80147600e-07  9.10000000e-01  9.09681955e-01 
 5.81247600e-07  9.10000000e-01  9.09684516e-01 
 5.82347600e-07  9.10000000e-01  9.09687056e-01 
 5.83447600e-07  9.10000000e-01  9.09689576e-01 
 5.84547600e-07  9.10000000e-01  9.09692075e-01 
 5.85647600e-07  9.10000000e-01  9.09694555e-01 
 5.86747600e-07  9.10000000e-01  9.09697014e-01 
 5.87847600e-07  9.10000000e-01  9.09699454e-01 
 5.88947600e-07  9.10000000e-01  9.09701874e-01 
 5.90047600e-07  9.10000000e-01  9.09704275e-01 
 5.91147600e-07  9.10000000e-01  9.09706656e-01 
 5.92247600e-07  9.10000000e-01  9.09709018e-01 
 5.93347600e-07  9.10000000e-01  9.09711361e-01 
 5.94447600e-07  9.10000000e-01  9.09713685e-01 
 5.95547600e-07  9.10000000e-01  9.09715991e-01 
 5.96647600e-07  9.10000000e-01  9.09718278e-01 
 5.97747600e-07  9.10000000e-01  9.09720546e-01 
 5.98847600e-07  9.10000000e-01  9.09722796e-01 
 5.99947600e-07  9.10000000e-01  9.09725028e-01 
 6.01047600e-07  9.10000000e-01  9.09727243e-01 
 6.02147600e-07  9.10000000e-01  9.09729439e-01 
 6.03247600e-07  9.10000000e-01  9.09731617e-01 
 6.04347600e-07  9.10000000e-01  9.09733779e-01 
 6.05447600e-07  9.10000000e-01  9.09735922e-01 
 6.06547600e-07  9.10000000e-01  9.09738049e-01 
 6.07647600e-07  9.10000000e-01  9.09740158e-01 
 6.08747600e-07  9.10000000e-01  9.09742250e-01 
 6.09847600e-07  9.10000000e-01  9.09744326e-01 
 6.10947600e-07  9.10000000e-01  9.09746384e-01 
 6.12047600e-07  9.10000000e-01  9.09748427e-01 
 6.13147600e-07  9.10000000e-01  9.09750452e-01 
 6.14247600e-07  9.10000000e-01  9.09752462e-01 
 6.15347600e-07  9.10000000e-01  9.09754455e-01 
 6.16447600e-07  9.10000000e-01  9.09756432e-01 
 6.17547600e-07  9.10000000e-01  9.09758393e-01 
 6.18647600e-07  9.10000000e-01  9.09760339e-01 
 6.19747600e-07  9.10000000e-01  9.09762269e-01 
 6.20847600e-07  9.10000000e-01  9.09764183e-01 
 6.21947600e-07  9.10000000e-01  9.09766082e-01 
 6.23047600e-07  9.10000000e-01  9.09767965e-01 
 6.24147600e-07  9.10000000e-01  9.09769834e-01 
 6.25247600e-07  9.10000000e-01  9.09771687e-01 
 6.26347600e-07  9.10000000e-01  9.09773526e-01 
 6.27447600e-07  9.10000000e-01  9.09775349e-01 
 6.28547600e-07  9.10000000e-01  9.09777158e-01 
 6.29647600e-07  9.10000000e-01  9.09778952e-01 
 6.30747600e-07  9.10000000e-01  9.09780732e-01 
 6.31847600e-07  9.10000000e-01  9.09782498e-01 
 6.32947600e-07  9.10000000e-01  9.09784249e-01 
 6.34047600e-07  9.10000000e-01  9.09785987e-01 
 6.35147600e-07  9.10000000e-01  9.09787710e-01 
 6.36247600e-07  9.10000000e-01  9.09789419e-01 
 6.37347600e-07  9.10000000e-01  9.09791115e-01 
 6.38447600e-07  9.10000000e-01  9.09792797e-01 
 6.39547600e-07  9.10000000e-01  9.09794465e-01 
 6.40647600e-07  9.10000000e-01  9.09796120e-01 
 6.41747600e-07  9.10000000e-01  9.09797762e-01 
 6.42847600e-07  9.10000000e-01  9.09799391e-01 
 6.43947600e-07  9.10000000e-01  9.09801006e-01 
 6.45047600e-07  9.10000000e-01  9.09802608e-01 
 6.46147600e-07  9.10000000e-01  9.09804198e-01 
 6.47247600e-07  9.10000000e-01  9.09805774e-01 
 6.48347600e-07  9.10000000e-01  9.09807338e-01 
 6.49447600e-07  9.10000000e-01  9.09808890e-01 
 6.50547600e-07  9.10000000e-01  9.09810428e-01 
 6.51647600e-07  9.10000000e-01  9.09811955e-01 
 6.52747600e-07  9.10000000e-01  9.09813469e-01 
 6.53847600e-07  9.10000000e-01  9.09814971e-01 
 6.54947600e-07  9.10000000e-01  9.09816461e-01 
 6.56047600e-07  9.10000000e-01  9.09817939e-01 
 6.57147600e-07  9.10000000e-01  9.09819405e-01 
 6.58247600e-07  9.10000000e-01  9.09820859e-01 
 6.59347600e-07  9.10000000e-01  9.09822301e-01 
 6.60447600e-07  9.10000000e-01  9.09823732e-01 
 6.61547600e-07  9.10000000e-01  9.09825152e-01 
 6.62647600e-07  9.10000000e-01  9.09826560e-01 
 6.63747600e-07  9.10000000e-01  9.09827956e-01 
 6.64847600e-07  9.10000000e-01  9.09829341e-01 
 6.65947600e-07  9.10000000e-01  9.09830716e-01 
 6.67047600e-07  9.10000000e-01  9.09832079e-01 
 6.68147600e-07  9.10000000e-01  9.09833431e-01 
 6.69247600e-07  9.10000000e-01  9.09834772e-01 
 6.70347600e-07  9.10000000e-01  9.09836102e-01 
 6.71447600e-07  9.10000000e-01  9.09837422e-01 
 6.72547600e-07  9.10000000e-01  9.09838731e-01 
 6.73647600e-07  9.10000000e-01  9.09840030e-01 
 6.74747600e-07  9.10000000e-01  9.09841318e-01 
 6.75847600e-07  9.10000000e-01  9.09842596e-01 
 6.76947600e-07  9.10000000e-01  9.09843863e-01 
 6.78047600e-07  9.10000000e-01  9.09845120e-01 
 6.79147600e-07  9.10000000e-01  9.09846367e-01 
 6.80247600e-07  9.10000000e-01  9.09847604e-01 
 6.81347600e-07  9.10000000e-01  9.09848831e-01 
 6.82447600e-07  9.10000000e-01  9.09850049e-01 
 6.83547600e-07  9.10000000e-01  9.09851256e-01 
 6.84647600e-07  9.10000000e-01  9.09852454e-01 
 6.85747600e-07  9.10000000e-01  9.09853642e-01 
 6.86847600e-07  9.10000000e-01  9.09854820e-01 
 6.87947600e-07  9.10000000e-01  9.09855989e-01 
 6.89047600e-07  9.10000000e-01  9.09857149e-01 
 6.90147600e-07  9.10000000e-01  9.09858299e-01 
 6.91247600e-07  9.10000000e-01  9.09859440e-01 
 6.92347600e-07  9.10000000e-01  9.09860572e-01 
 6.93447600e-07  9.10000000e-01  9.09861694e-01 
 6.94547600e-07  9.10000000e-01  9.09862808e-01 
 6.95647600e-07  9.10000000e-01  9.09863913e-01 
 6.96747600e-07  9.10000000e-01  9.09865008e-01 
 6.97847600e-07  9.10000000e-01  9.09866095e-01 
 6.98947600e-07  9.10000000e-01  9.09867173e-01 
 7.00047600e-07  9.10000000e-01  9.09868243e-01 
 7.01147600e-07  9.10000000e-01  9.09869304e-01 
 7.02247600e-07  9.10000000e-01  9.09870356e-01 
 7.03347600e-07  9.10000000e-01  9.09871400e-01 
 7.04447600e-07  9.10000000e-01  9.09872436e-01 
 7.05547600e-07  9.10000000e-01  9.09873463e-01 
 7.06647600e-07  9.10000000e-01  9.09874481e-01 
 7.07747600e-07  9.10000000e-01  9.09875492e-01 
 7.08847600e-07  9.10000000e-01  9.09876495e-01 
 7.09947600e-07  9.10000000e-01  9.09877489e-01 
 7.11047600e-07  9.10000000e-01  9.09878475e-01 
 7.12147600e-07  9.10000000e-01  9.09879454e-01 
 7.13247600e-07  9.10000000e-01  9.09880425e-01 
 7.14347600e-07  9.10000000e-01  9.09881387e-01 
 7.15447600e-07  9.10000000e-01  9.09882342e-01 
 7.16547600e-07  9.10000000e-01  9.09883290e-01 
 7.17647600e-07  9.10000000e-01  9.09884229e-01 
 7.18747600e-07  9.10000000e-01  9.09885161e-01 
 7.19847600e-07  9.10000000e-01  9.09886086e-01 
 7.20947600e-07  9.10000000e-01  9.09887003e-01 
 7.22047600e-07  9.10000000e-01  9.09887913e-01 
 7.23147600e-07  9.10000000e-01  9.09888816e-01 
 7.24247600e-07  9.10000000e-01  9.09889711e-01 
 7.25347600e-07  9.10000000e-01  9.09890599e-01 
 7.26447600e-07  9.10000000e-01  9.09891480e-01 
 7.27547600e-07  9.10000000e-01  9.09892353e-01 
 7.28647600e-07  9.10000000e-01  9.09893220e-01 
 7.29747600e-07  9.10000000e-01  9.09894080e-01 
 7.30847600e-07  9.10000000e-01  9.09894933e-01 
 7.31947600e-07  9.10000000e-01  9.09895778e-01 
 7.33047600e-07  9.10000000e-01  9.09896618e-01 
 7.34147600e-07  9.10000000e-01  9.09897450e-01 
 7.35247600e-07  9.10000000e-01  9.09898276e-01 
 7.36347600e-07  9.10000000e-01  9.09899095e-01 
 7.37447600e-07  9.10000000e-01  9.09899907e-01 
 7.38547600e-07  9.10000000e-01  9.09900713e-01 
 7.39647600e-07  9.10000000e-01  9.09901512e-01 
 7.40747600e-07  9.10000000e-01  9.09902305e-01 
 7.41847600e-07  9.10000000e-01  9.09903092e-01 
 7.42947600e-07  9.10000000e-01  9.09903872e-01 
 7.44047600e-07  9.10000000e-01  9.09904646e-01 
 7.45147600e-07  9.10000000e-01  9.09905414e-01 
 7.46247600e-07  9.10000000e-01  9.09906175e-01 
 7.47347600e-07  9.10000000e-01  9.09906931e-01 
 7.48447600e-07  9.10000000e-01  9.09907680e-01 
 7.49547600e-07  9.10000000e-01  9.09908423e-01 
 7.50647600e-07  9.10000000e-01  9.09909160e-01 
 7.51747600e-07  9.10000000e-01  9.09909892e-01 
 7.52847600e-07  9.10000000e-01  9.09910617e-01 
 7.53947600e-07  9.10000000e-01  9.09911337e-01 
 7.55047600e-07  9.10000000e-01  9.09912051e-01 
 7.56147600e-07  9.10000000e-01  9.09912759e-01 
 7.57247600e-07  9.10000000e-01  9.09913461e-01 
 7.58347600e-07  9.10000000e-01  9.09914158e-01 
 7.59447600e-07  9.10000000e-01  9.09914849e-01 
 7.60547600e-07  9.10000000e-01  9.09915534e-01 
 7.61647600e-07  9.10000000e-01  9.09916214e-01 
 7.62747600e-07  9.10000000e-01  9.09916889e-01 
 7.63847600e-07  9.10000000e-01  9.09917558e-01 
 7.64947600e-07  9.10000000e-01  9.09918222e-01 
 7.66047600e-07  9.10000000e-01  9.09918880e-01 
 7.67147600e-07  9.10000000e-01  9.09919533e-01 
 7.68247600e-07  9.10000000e-01  9.09920181e-01 
 7.69347600e-07  9.10000000e-01  9.09920824e-01 
 7.70447600e-07  9.10000000e-01  9.09921461e-01 
 7.71547600e-07  9.10000000e-01  9.09922093e-01 
 7.72647600e-07  9.10000000e-01  9.09922721e-01 
 7.73747600e-07  9.10000000e-01  9.09923343e-01 
 7.74847600e-07  9.10000000e-01  9.09923960e-01 
 7.75947600e-07  9.10000000e-01  9.09924572e-01 
 7.77047600e-07  9.10000000e-01  9.09925179e-01 
 7.78147600e-07  9.10000000e-01  9.09925782e-01 
 7.79247600e-07  9.10000000e-01  9.09926379e-01 
 7.80347600e-07  9.10000000e-01  9.09926972e-01 
 7.81447600e-07  9.10000000e-01  9.09927560e-01 
 7.82547600e-07  9.10000000e-01  9.09928143e-01 
 7.83647600e-07  9.10000000e-01  9.09928721e-01 
 7.84747600e-07  9.10000000e-01  9.09929295e-01 
 7.85847600e-07  9.10000000e-01  9.09929864e-01 
 7.86947600e-07  9.10000000e-01  9.09930429e-01 
 7.88047600e-07  9.10000000e-01  9.09930989e-01 
 7.89147600e-07  9.10000000e-01  9.09931544e-01 
 7.90247600e-07  9.10000000e-01  9.09932095e-01 
 7.91347600e-07  9.10000000e-01  9.09932642e-01 
 7.92447600e-07  9.10000000e-01  9.09933184e-01 
 7.93547600e-07  9.10000000e-01  9.09933722e-01 
 7.94647600e-07  9.10000000e-01  9.09934256e-01 
 7.95747600e-07  9.10000000e-01  9.09934785e-01 
 7.96847600e-07  9.10000000e-01  9.09935310e-01 
 7.97947600e-07  9.10000000e-01  9.09935831e-01 
 7.99047600e-07  9.10000000e-01  9.09936347e-01 
 8.00147600e-07  9.10000000e-01  9.09936860e-01 
 8.01247600e-07  9.10000000e-01  9.09937368e-01 
 8.02347600e-07  9.10000000e-01  9.09937872e-01 
 8.03447600e-07  9.10000000e-01  9.09938372e-01 
 8.04547600e-07  9.10000000e-01  9.09938868e-01 
 8.05647600e-07  9.10000000e-01  9.09939360e-01 
 8.06747600e-07  9.10000000e-01  9.09939848e-01 
 8.07847600e-07  9.10000000e-01  9.09940333e-01 
 8.08947600e-07  9.10000000e-01  9.09940813e-01 
 8.10047600e-07  9.10000000e-01  9.09941289e-01 
 8.11147600e-07  9.10000000e-01  9.09941762e-01 
 8.12247600e-07  9.10000000e-01  9.09942231e-01 
 8.13347600e-07  9.10000000e-01  9.09942696e-01 
 8.14447600e-07  9.10000000e-01  9.09943157e-01 
 8.15547600e-07  9.10000000e-01  9.09943614e-01 
 8.16647600e-07  9.10000000e-01  9.09944068e-01 
 8.17747600e-07  9.10000000e-01  9.09944519e-01 
 8.18847600e-07  9.10000000e-01  9.09944965e-01 
 8.19947600e-07  9.10000000e-01  9.09945408e-01 
 8.21047600e-07  9.10000000e-01  9.09945847e-01 
 8.22147600e-07  9.10000000e-01  9.09946283e-01 
 8.23247600e-07  9.10000000e-01  9.09946716e-01 
 8.24347600e-07  9.10000000e-01  9.09947145e-01 
 8.25447600e-07  9.10000000e-01  9.09947570e-01 
 8.26547600e-07  9.10000000e-01  9.09947992e-01 
 8.27647600e-07  9.10000000e-01  9.09948411e-01 
 8.28747600e-07  9.10000000e-01  9.09948826e-01 
 8.29847600e-07  9.10000000e-01  9.09949238e-01 
 8.30947600e-07  9.10000000e-01  9.09949646e-01 
 8.32047600e-07  9.10000000e-01  9.09950052e-01 
 8.33147600e-07  9.10000000e-01  9.09950454e-01 
 8.34247600e-07  9.10000000e-01  9.09950852e-01 
 8.35347600e-07  9.10000000e-01  9.09951248e-01 
 8.36447600e-07  9.10000000e-01  9.09951640e-01 
 8.37547600e-07  9.10000000e-01  9.09952030e-01 
 8.38647600e-07  9.10000000e-01  9.09952416e-01 
 8.39747600e-07  9.10000000e-01  9.09952799e-01 
 8.40847600e-07  9.10000000e-01  9.09953178e-01 
 8.41947600e-07  9.10000000e-01  9.09953555e-01 
 8.43047600e-07  9.10000000e-01  9.09953929e-01 
 8.44147600e-07  9.10000000e-01  9.09954300e-01 
 8.45247600e-07  9.10000000e-01  9.09954668e-01 
 8.46347600e-07  9.10000000e-01  9.09955032e-01 
 8.47447600e-07  9.10000000e-01  9.09955394e-01 
 8.48547600e-07  9.10000000e-01  9.09955753e-01 
 8.49647600e-07  9.10000000e-01  9.09956109e-01 
 8.50747600e-07  9.10000000e-01  9.09956463e-01 
 8.51847600e-07  9.10000000e-01  9.09956813e-01 
 8.52947600e-07  9.10000000e-01  9.09957161e-01 
 8.54047600e-07  9.10000000e-01  9.09957505e-01 
 8.55147600e-07  9.10000000e-01  9.09957847e-01 
 8.56247600e-07  9.10000000e-01  9.09958187e-01 
 8.57347600e-07  9.10000000e-01  9.09958523e-01 
 8.58447600e-07  9.10000000e-01  9.09958857e-01 
 8.59547600e-07  9.10000000e-01  9.09959188e-01 
 8.60647600e-07  9.10000000e-01  9.09959516e-01 
 8.61747600e-07  9.10000000e-01  9.09959842e-01 
 8.62847600e-07  9.10000000e-01  9.09960165e-01 
 8.63947600e-07  9.10000000e-01  9.09960486e-01 
 8.65047600e-07  9.10000000e-01  9.09960804e-01 
 8.66147600e-07  9.10000000e-01  9.09961119e-01 
 8.67247600e-07  9.10000000e-01  9.09961432e-01 
 8.68347600e-07  9.10000000e-01  9.09961742e-01 
 8.69447600e-07  9.10000000e-01  9.09962050e-01 
 8.70547600e-07  9.10000000e-01  9.09962356e-01 
 8.71647600e-07  9.10000000e-01  9.09962659e-01 
 8.72747600e-07  9.10000000e-01  9.09962959e-01 
 8.73847600e-07  9.10000000e-01  9.09963257e-01 
 8.74947600e-07  9.10000000e-01  9.09963553e-01 
 8.76047600e-07  9.10000000e-01  9.09963846e-01 
 8.77147600e-07  9.10000000e-01  9.09964137e-01 
 8.78247600e-07  9.10000000e-01  9.09964425e-01 
 8.79347600e-07  9.10000000e-01  9.09964712e-01 
 8.80447600e-07  9.10000000e-01  9.09964996e-01 
 8.81547600e-07  9.10000000e-01  9.09965277e-01 
 8.82647600e-07  9.10000000e-01  9.09965557e-01 
 8.83747600e-07  9.10000000e-01  9.09965834e-01 
 8.84847600e-07  9.10000000e-01  9.09966109e-01 
 8.85947600e-07  9.10000000e-01  9.09966381e-01 
 8.87047600e-07  9.10000000e-01  9.09966652e-01 
 8.88147600e-07  9.10000000e-01  9.09966920e-01 
 8.89247600e-07  9.10000000e-01  9.09967186e-01 
 8.90347600e-07  9.10000000e-01  9.09967450e-01 
 8.91447600e-07  9.10000000e-01  9.09967712e-01 
 8.92547600e-07  9.10000000e-01  9.09967972e-01 
 8.93647600e-07  9.10000000e-01  9.09968230e-01 
 8.94747600e-07  9.10000000e-01  9.09968485e-01 
 8.95847600e-07  9.10000000e-01  9.09968739e-01 
 8.96947600e-07  9.10000000e-01  9.09968990e-01 
 8.98047600e-07  9.10000000e-01  9.09969240e-01 
 8.99147600e-07  9.10000000e-01  9.09969487e-01 
 9.00247600e-07  9.10000000e-01  9.09969733e-01 
 9.01347600e-07  9.10000000e-01  9.09969976e-01 
 9.02447600e-07  9.10000000e-01  9.09970218e-01 
 9.03547600e-07  9.10000000e-01  9.09970457e-01 
 9.04647600e-07  9.10000000e-01  9.09970695e-01 
 9.05747600e-07  9.10000000e-01  9.09970931e-01 
 9.06847600e-07  9.10000000e-01  9.09971165e-01 
 9.07947600e-07  9.10000000e-01  9.09971397e-01 
 9.09047600e-07  9.10000000e-01  9.09971627e-01 
 9.10147600e-07  9.10000000e-01  9.09971855e-01 
 9.11247600e-07  9.10000000e-01  9.09972081e-01 
 9.12347600e-07  9.10000000e-01  9.09972306e-01 
 9.13447600e-07  9.10000000e-01  9.09972529e-01 
 9.14547600e-07  9.10000000e-01  9.09972750e-01 
 9.15647600e-07  9.10000000e-01  9.09972969e-01 
 9.16747600e-07  9.10000000e-01  9.09973186e-01 
 9.17847600e-07  9.10000000e-01  9.09973402e-01 
 9.18947600e-07  9.10000000e-01  9.09973616e-01 
 9.20047600e-07  9.10000000e-01  9.09973828e-01 
 9.21147600e-07  9.10000000e-01  9.09974039e-01 
 9.22247600e-07  9.10000000e-01  9.09974247e-01 
 9.23347600e-07  9.10000000e-01  9.09974454e-01 
 9.24447600e-07  9.10000000e-01  9.09974660e-01 
 9.25547600e-07  9.10000000e-01  9.09974864e-01 
 9.26647600e-07  9.10000000e-01  9.09975066e-01 
 9.27747600e-07  9.10000000e-01  9.09975266e-01 
 9.28847600e-07  9.10000000e-01  9.09975465e-01 
 9.29947600e-07  9.10000000e-01  9.09975663e-01 
 9.31047600e-07  9.10000000e-01  9.09975858e-01 
 9.32147600e-07  9.10000000e-01  9.09976053e-01 
 9.33247600e-07  9.10000000e-01  9.09976245e-01 
 9.34347600e-07  9.10000000e-01  9.09976436e-01 
 9.35447600e-07  9.10000000e-01  9.09976626e-01 
 9.36547600e-07  9.10000000e-01  9.09976814e-01 
 9.37647600e-07  9.10000000e-01  9.09977000e-01 
 9.38747600e-07  9.10000000e-01  9.09977185e-01 
 9.39847600e-07  9.10000000e-01  9.09977369e-01 
 9.40947600e-07  9.10000000e-01  9.09977551e-01 
 9.42047600e-07  9.10000000e-01  9.09977731e-01 
 9.43147600e-07  9.10000000e-01  9.09977910e-01 
 9.44247600e-07  9.10000000e-01  9.09978088e-01 
 9.45347600e-07  9.10000000e-01  9.09978264e-01 
 9.46447600e-07  9.10000000e-01  9.09978439e-01 
 9.47547600e-07  9.10000000e-01  9.09978612e-01 
 9.48647600e-07  9.10000000e-01  9.09978784e-01 
 9.49747600e-07  9.10000000e-01  9.09978955e-01 
 9.50847600e-07  9.10000000e-01  9.09979124e-01 
 9.51947600e-07  9.10000000e-01  9.09979292e-01 
 9.53047600e-07  9.10000000e-01  9.09979458e-01 
 9.54147600e-07  9.10000000e-01  9.09979623e-01 
 9.55247600e-07  9.10000000e-01  9.09979787e-01 
 9.56347600e-07  9.10000000e-01  9.09979950e-01 
 9.57447600e-07  9.10000000e-01  9.09980111e-01 
 9.58547600e-07  9.10000000e-01  9.09980271e-01 
 9.59647600e-07  9.10000000e-01  9.09980430e-01 
 9.60747600e-07  9.10000000e-01  9.09980587e-01 
 9.61847600e-07  9.10000000e-01  9.09980743e-01 
 9.62947600e-07  9.10000000e-01  9.09980898e-01 
 9.64047600e-07  9.10000000e-01  9.09981051e-01 
 9.65147600e-07  9.10000000e-01  9.09981204e-01 
 9.66247600e-07  9.10000000e-01  9.09981355e-01 
 9.67347600e-07  9.10000000e-01  9.09981505e-01 
 9.68447600e-07  9.10000000e-01  9.09981653e-01 
 9.69547600e-07  9.10000000e-01  9.09981801e-01 
 9.70647600e-07  9.10000000e-01  9.09981947e-01 
 9.71747600e-07  9.10000000e-01  9.09982092e-01 
 9.72847600e-07  9.10000000e-01  9.09982236e-01 
 9.73947600e-07  9.10000000e-01  9.09982379e-01 
 9.75047600e-07  9.10000000e-01  9.09982521e-01 
 9.76147600e-07  9.10000000e-01  9.09982661e-01 
 9.77247600e-07  9.10000000e-01  9.09982800e-01 
 9.78347600e-07  9.10000000e-01  9.09982939e-01 
 9.79447600e-07  9.10000000e-01  9.09983076e-01 
 9.80547600e-07  9.10000000e-01  9.09983212e-01 
 9.81647600e-07  9.10000000e-01  9.09983347e-01 
 9.82747600e-07  9.10000000e-01  9.09983481e-01 
 9.83847600e-07  9.10000000e-01  9.09983613e-01 
 9.84947600e-07  9.10000000e-01  9.09983745e-01 
 9.86047600e-07  9.10000000e-01  9.09983876e-01 
 9.87147600e-07  9.10000000e-01  9.09984005e-01 
 9.88247600e-07  9.10000000e-01  9.09984134e-01 
 9.89347600e-07  9.10000000e-01  9.09984261e-01 
 9.90447600e-07  9.10000000e-01  9.09984388e-01 
 9.91547600e-07  9.10000000e-01  9.09984513e-01 
 9.92647600e-07  9.10000000e-01  9.09984638e-01 
 9.93747600e-07  9.10000000e-01  9.09984761e-01 
 9.94847600e-07  9.10000000e-01  9.09984884e-01 
 9.95947600e-07  9.10000000e-01  9.09985005e-01 
 9.97047600e-07  9.10000000e-01  9.09985125e-01 
 9.98147600e-07  9.10000000e-01  9.09985245e-01 
 9.99247600e-07  9.10000000e-01  9.09985364e-01 
 1.00034760e-06  9.10000000e-01  9.09985481e-01 
 1.00144760e-06  9.10000000e-01  9.09985598e-01 
 1.00254760e-06  9.10000000e-01  9.09985714e-01 
 1.00364760e-06  9.10000000e-01  9.09985828e-01 
 1.00474760e-06  9.10000000e-01  9.09985942e-01 
 1.00584760e-06  9.10000000e-01  9.09986055e-01 
 1.00694760e-06  9.10000000e-01  9.09986167e-01 
 1.00804760e-06  9.10000000e-01  9.09986278e-01 
 1.00914760e-06  9.10000000e-01  9.09986388e-01 
 1.01024760e-06  9.10000000e-01  9.09986498e-01 
 1.01134760e-06  9.10000000e-01  9.09986606e-01 
 1.01244760e-06  9.10000000e-01  9.09986714e-01 
 1.01354760e-06  9.10000000e-01  9.09986821e-01 
 1.01464760e-06  9.10000000e-01  9.09986926e-01 
 1.01574760e-06  9.10000000e-01  9.09987031e-01 
 1.01684760e-06  9.10000000e-01  9.09987136e-01 
 1.01794760e-06  9.10000000e-01  9.09987239e-01 
 1.01904760e-06  9.10000000e-01  9.09987341e-01 
 1.02014760e-06  9.10000000e-01  9.09987443e-01 
 1.02124760e-06  9.10000000e-01  9.09987544e-01 
 1.02234760e-06  9.10000000e-01  9.09987644e-01 
 1.02344760e-06  9.10000000e-01  9.09987743e-01 
 1.02454760e-06  9.10000000e-01  9.09987842e-01 
 1.02564760e-06  9.10000000e-01  9.09987939e-01 
 1.02674760e-06  9.10000000e-01  9.09988036e-01 
 1.02784760e-06  9.10000000e-01  9.09988132e-01 
 1.02894760e-06  9.10000000e-01  9.09988227e-01 
 1.03004760e-06  9.10000000e-01  9.09988322e-01 
 1.03114760e-06  9.10000000e-01  9.09988416e-01 
 1.03224760e-06  9.10000000e-01  9.09988509e-01 
 1.03334760e-06  9.10000000e-01  9.09988601e-01 
 1.03444760e-06  9.10000000e-01  9.09988693e-01 
 1.03554760e-06  9.10000000e-01  9.09988783e-01 
 1.03664760e-06  9.10000000e-01  9.09988873e-01 
 1.03774760e-06  9.10000000e-01  9.09988963e-01 
 1.03884760e-06  9.10000000e-01  9.09989051e-01 
 1.03994760e-06  9.10000000e-01  9.09989139e-01 
 1.04104760e-06  9.10000000e-01  9.09989226e-01 
 1.04214760e-06  9.10000000e-01  9.09989313e-01 
 1.04324760e-06  9.10000000e-01  9.09989399e-01 
 1.04434760e-06  9.10000000e-01  9.09989484e-01 
 1.04544760e-06  9.10000000e-01  9.09989568e-01 
 1.04654760e-06  9.10000000e-01  9.09989652e-01 
 1.04764760e-06  9.10000000e-01  9.09989735e-01 
 1.04874760e-06  9.10000000e-01  9.09989817e-01 
 1.04984760e-06  9.10000000e-01  9.09989899e-01 
 1.05094760e-06  9.10000000e-01  9.09989980e-01 
 1.05204760e-06  9.10000000e-01  9.09990061e-01 
 1.05314760e-06  9.10000000e-01  9.09990140e-01 
 1.05424760e-06  9.10000000e-01  9.09990219e-01 
 1.05534760e-06  9.10000000e-01  9.09990298e-01 
 1.05644760e-06  9.10000000e-01  9.09990376e-01 
 1.05754760e-06  9.10000000e-01  9.09990453e-01 
 1.05864760e-06  9.10000000e-01  9.09990530e-01 
 1.05974760e-06  9.10000000e-01  9.09990606e-01 
 1.06084760e-06  9.10000000e-01  9.09990681e-01 
 1.06194760e-06  9.10000000e-01  9.09990756e-01 
 1.06304760e-06  9.10000000e-01  9.09990830e-01 
 1.06414760e-06  9.10000000e-01  9.09990903e-01 
 1.06524760e-06  9.10000000e-01  9.09990976e-01 
 1.06634760e-06  9.10000000e-01  9.09991049e-01 
 1.06744760e-06  9.10000000e-01  9.09991121e-01 
 1.06854760e-06  9.10000000e-01  9.09991192e-01 
 1.06964760e-06  9.10000000e-01  9.09991262e-01 
 1.07074760e-06  9.10000000e-01  9.09991333e-01 
 1.07184760e-06  9.10000000e-01  9.09991402e-01 
 1.07294760e-06  9.10000000e-01  9.09991471e-01 
 1.07404760e-06  9.10000000e-01  9.09991539e-01 
 1.07514760e-06  9.10000000e-01  9.09991607e-01 
 1.07624760e-06  9.10000000e-01  9.09991675e-01 
 1.07734760e-06  9.10000000e-01  9.09991741e-01 
 1.07844760e-06  9.10000000e-01  9.09991808e-01 
 1.07954760e-06  9.10000000e-01  9.09991873e-01 
 1.08064760e-06  9.10000000e-01  9.09991938e-01 
 1.08174760e-06  9.10000000e-01  9.09992003e-01 
 1.08284760e-06  9.10000000e-01  9.09992067e-01 
 1.08394760e-06  9.10000000e-01  9.09992131e-01 
 1.08504760e-06  9.10000000e-01  9.09992194e-01 
 1.08614760e-06  9.10000000e-01  9.09992256e-01 
 1.08724760e-06  9.10000000e-01  9.09992319e-01 
 1.08834760e-06  9.10000000e-01  9.09992380e-01 
 1.08944760e-06  9.10000000e-01  9.09992441e-01 
 1.09054760e-06  9.10000000e-01  9.09992502e-01 
 1.09164760e-06  9.10000000e-01  9.09992562e-01 
 1.09274760e-06  9.10000000e-01  9.09992622e-01 
 1.09384760e-06  9.10000000e-01  9.09992681e-01 
 1.09494760e-06  9.10000000e-01  9.09992739e-01 
 1.09604760e-06  9.10000000e-01  9.09992797e-01 
 1.09714760e-06  9.10000000e-01  9.09992855e-01 
 1.09824760e-06  9.10000000e-01  9.09992912e-01 
 1.09934760e-06  9.10000000e-01  9.09992969e-01 
 1.10000000e-06  9.10000000e-01  9.09993003e-01 
