 time            v(inp)          v(out)         
 0.00000000e+00  8.00000000e-01  8.00000694e-01 
 1.10000000e-11  8.00000000e-01  8.00000694e-01 
 2.20000000e-11  8.00000000e-01  8.00000694e-01 
 4.40000000e-11  8.00000000e-01  8.00000694e-01 
 8.80000000e-11  8.00000000e-01  8.00000694e-01 
 1.76000000e-10  8.00000000e-01  8.00000694e-01 
 3.52000000e-10  8.00000000e-01  8.00000694e-01 
 7.04000000e-10  8.00000000e-01  8.00000694e-01 
 1.40800000e-09  8.00000000e-01  8.00000694e-01 
 2.50800000e-09  8.00000000e-01  8.00000694e-01 
 3.60800000e-09  8.00000000e-01  8.00000694e-01 
 4.70800000e-09  8.00000000e-01  8.00000694e-01 
 5.80800000e-09  8.00000000e-01  8.00000694e-01 
 6.90800000e-09  8.00000000e-01  8.00000694e-01 
 8.00800000e-09  8.00000000e-01  8.00000694e-01 
 9.10800000e-09  8.00000000e-01  8.00000694e-01 
 1.02080000e-08  8.00000000e-01  8.00000694e-01 
 1.13080000e-08  8.00000000e-01  8.00000694e-01 
 1.24080000e-08  8.00000000e-01  8.00000694e-01 
 1.35080000e-08  8.00000000e-01  8.00000694e-01 
 1.46080000e-08  8.00000000e-01  8.00000694e-01 
 1.57080000e-08  8.00000000e-01  8.00000694e-01 
 1.68080000e-08  8.00000000e-01  8.00000694e-01 
 1.79080000e-08  8.00000000e-01  8.00000694e-01 
 1.90080000e-08  8.00000000e-01  8.00000694e-01 
 2.01080000e-08  8.00000000e-01  8.00000694e-01 
 2.12080000e-08  8.00000000e-01  8.00000694e-01 
 2.23080000e-08  8.00000000e-01  8.00000694e-01 
 2.34080000e-08  8.00000000e-01  8.00000694e-01 
 2.45080000e-08  8.00000000e-01  8.00000694e-01 
 2.56080000e-08  8.00000000e-01  8.00000694e-01 
 2.67080000e-08  8.00000000e-01  8.00000694e-01 
 2.78080000e-08  8.00000000e-01  8.00000694e-01 
 2.89080000e-08  8.00000000e-01  8.00000694e-01 
 3.00080000e-08  8.00000000e-01  8.00000694e-01 
 3.11080000e-08  8.00000000e-01  8.00000694e-01 
 3.22080000e-08  8.00000000e-01  8.00000694e-01 
 3.33080000e-08  8.00000000e-01  8.00000694e-01 
 3.44080000e-08  8.00000000e-01  8.00000694e-01 
 3.55080000e-08  8.00000000e-01  8.00000694e-01 
 3.66080000e-08  8.00000000e-01  8.00000694e-01 
 3.77080000e-08  8.00000000e-01  8.00000694e-01 
 3.88080000e-08  8.00000000e-01  8.00000694e-01 
 3.99080000e-08  8.00000000e-01  8.00000694e-01 
 4.10080000e-08  8.00000000e-01  8.00000694e-01 
 4.21080000e-08  8.00000000e-01  8.00000694e-01 
 4.32080000e-08  8.00000000e-01  8.00000694e-01 
 4.43080000e-08  8.00000000e-01  8.00000694e-01 
 4.54080000e-08  8.00000000e-01  8.00000694e-01 
 4.65080000e-08  8.00000000e-01  8.00000694e-01 
 4.76080000e-08  8.00000000e-01  8.00000694e-01 
 4.87080000e-08  8.00000000e-01  8.00000694e-01 
 4.98080000e-08  8.00000000e-01  8.00000694e-01 
 5.09080000e-08  8.00000000e-01  8.00000694e-01 
 5.20080000e-08  8.00000000e-01  8.00000694e-01 
 5.31080000e-08  8.00000000e-01  8.00000694e-01 
 5.42080000e-08  8.00000000e-01  8.00000694e-01 
 5.53080000e-08  8.00000000e-01  8.00000694e-01 
 5.64080000e-08  8.00000000e-01  8.00000694e-01 
 5.75080000e-08  8.00000000e-01  8.00000694e-01 
 5.86080000e-08  8.00000000e-01  8.00000694e-01 
 5.97080000e-08  8.00000000e-01  8.00000694e-01 
 6.08080000e-08  8.00000000e-01  8.00000694e-01 
 6.19080000e-08  8.00000000e-01  8.00000694e-01 
 6.30080000e-08  8.00000000e-01  8.00000694e-01 
 6.41080000e-08  8.00000000e-01  8.00000694e-01 
 6.52080000e-08  8.00000000e-01  8.00000694e-01 
 6.63080000e-08  8.00000000e-01  8.00000694e-01 
 6.74080000e-08  8.00000000e-01  8.00000694e-01 
 6.85080000e-08  8.00000000e-01  8.00000694e-01 
 6.96080000e-08  8.00000000e-01  8.00000694e-01 
 7.07080000e-08  8.00000000e-01  8.00000694e-01 
 7.18080000e-08  8.00000000e-01  8.00000694e-01 
 7.29080000e-08  8.00000000e-01  8.00000694e-01 
 7.40080000e-08  8.00000000e-01  8.00000694e-01 
 7.51080000e-08  8.00000000e-01  8.00000694e-01 
 7.62080000e-08  8.00000000e-01  8.00000694e-01 
 7.73080000e-08  8.00000000e-01  8.00000694e-01 
 7.84080000e-08  8.00000000e-01  8.00000694e-01 
 7.95080000e-08  8.00000000e-01  8.00000694e-01 
 8.06080000e-08  8.00000000e-01  8.00000694e-01 
 8.17080000e-08  8.00000000e-01  8.00000694e-01 
 8.28080000e-08  8.00000000e-01  8.00000694e-01 
 8.39080000e-08  8.00000000e-01  8.00000694e-01 
 8.50080000e-08  8.00000000e-01  8.00000694e-01 
 8.61080000e-08  8.00000000e-01  8.00000694e-01 
 8.72080000e-08  8.00000000e-01  8.00000694e-01 
 8.83080000e-08  8.00000000e-01  8.00000694e-01 
 8.94080000e-08  8.00000000e-01  8.00000694e-01 
 9.05080000e-08  8.00000000e-01  8.00000694e-01 
 9.16080000e-08  8.00000000e-01  8.00000694e-01 
 9.27080000e-08  8.00000000e-01  8.00000694e-01 
 9.38080000e-08  8.00000000e-01  8.00000694e-01 
 9.49080000e-08  8.00000000e-01  8.00000694e-01 
 9.60080000e-08  8.00000000e-01  8.00000694e-01 
 9.71080000e-08  8.00000000e-01  8.00000694e-01 
 9.82080000e-08  8.00000000e-01  8.00000694e-01 
 9.93080000e-08  8.00000000e-01  8.00000694e-01 
 1.00000000e-07  8.00000000e-01  8.00000694e-01 
 1.00001000e-07  8.30000000e-01  8.00101870e-01 
 1.00003000e-07  8.90000000e-01  8.00282833e-01 
 1.00007000e-07  1.01000000e+00  8.00523750e-01 
 1.00010000e-07  1.10000000e+00  8.00675492e-01 
 1.00010800e-07  1.10000000e+00  8.00675533e-01 
 1.00012400e-07  1.10000000e+00  8.00675616e-01 
 1.00015600e-07  1.10000000e+00  8.00675786e-01 
 1.00022000e-07  1.10000000e+00  8.00676141e-01 
 1.00034800e-07  1.10000000e+00  8.00676914e-01 
 1.00060400e-07  1.10000000e+00  8.00678694e-01 
 1.00111600e-07  1.10000000e+00  8.00683110e-01 
 1.00214000e-07  1.10000000e+00  8.00694818e-01 
 1.00418800e-07  1.10000000e+00  8.00726608e-01 
 1.00828400e-07  1.10000000e+00  8.00807676e-01 
 1.01647600e-07  1.10000000e+00  8.00953687e-01 
 1.02747600e-07  1.10000000e+00  8.01076395e-01 
 1.03847600e-07  1.10000000e+00  8.01238040e-01 
 1.04947600e-07  1.10000000e+00  8.01503087e-01 
 1.06047600e-07  1.10000000e+00  8.01836265e-01 
 1.07147600e-07  1.10000000e+00  8.02211681e-01 
 1.08247600e-07  1.10000000e+00  8.02614695e-01 
 1.09347600e-07  1.10000000e+00  8.03037723e-01 
 1.10447600e-07  1.10000000e+00  8.03476136e-01 
 1.11547600e-07  1.10000000e+00  8.03926698e-01 
 1.12647600e-07  1.10000000e+00  8.04387040e-01 
 1.13747600e-07  1.10000000e+00  8.04855611e-01 
 1.14847600e-07  1.10000000e+00  8.05331300e-01 
 1.15947600e-07  1.10000000e+00  8.05813184e-01 
 1.17047600e-07  1.10000000e+00  8.06300438e-01 
 1.18147600e-07  1.10000000e+00  8.06792404e-01 
 1.19247600e-07  1.10000000e+00  8.07288524e-01 
 1.20347600e-07  1.10000000e+00  8.07788314e-01 
 1.21447600e-07  1.10000000e+00  8.08291356e-01 
 1.22547600e-07  1.10000000e+00  8.08797281e-01 
 1.23647600e-07  1.10000000e+00  8.09305767e-01 
 1.24747600e-07  1.10000000e+00  8.09816531e-01 
 1.25847600e-07  1.10000000e+00  8.10329322e-01 
 1.26947600e-07  1.10000000e+00  8.10843920e-01 
 1.28047600e-07  1.10000000e+00  8.11360128e-01 
 1.29147600e-07  1.10000000e+00  8.11877773e-01 
 1.30247600e-07  1.10000000e+00  8.12396702e-01 
 1.31347600e-07  1.10000000e+00  8.12916778e-01 
 1.32447600e-07  1.10000000e+00  8.13437881e-01 
 1.33547600e-07  1.10000000e+00  8.13959902e-01 
 1.34647600e-07  1.10000000e+00  8.14482747e-01 
 1.35747600e-07  1.10000000e+00  8.15006329e-01 
 1.36847600e-07  1.10000000e+00  8.15530574e-01 
 1.37947600e-07  1.10000000e+00  8.16055413e-01 
 1.39047600e-07  1.10000000e+00  8.16580787e-01 
 1.40147600e-07  1.10000000e+00  8.17106641e-01 
 1.41247600e-07  1.10000000e+00  8.17632928e-01 
 1.42347600e-07  1.10000000e+00  8.18159606e-01 
 1.43447600e-07  1.10000000e+00  8.18686635e-01 
 1.44547600e-07  1.10000000e+00  8.19213982e-01 
 1.45647600e-07  1.10000000e+00  8.19741615e-01 
 1.46747600e-07  1.10000000e+00  8.20269509e-01 
 1.47847600e-07  1.10000000e+00  8.20797638e-01 
 1.48947600e-07  1.10000000e+00  8.21325980e-01 
 1.50047600e-07  1.10000000e+00  8.21854516e-01 
 1.51147600e-07  1.10000000e+00  8.22383228e-01 
 1.52247600e-07  1.10000000e+00  8.22912101e-01 
 1.53347600e-07  1.10000000e+00  8.23441120e-01 
 1.54447600e-07  1.10000000e+00  8.23970271e-01 
 1.55547600e-07  1.10000000e+00  8.24499545e-01 
 1.56647600e-07  1.10000000e+00  8.25028931e-01 
 1.57747600e-07  1.10000000e+00  8.25558419e-01 
 1.58847600e-07  1.10000000e+00  8.26088001e-01 
 1.59947600e-07  1.10000000e+00  8.26617669e-01 
 1.61047600e-07  1.10000000e+00  8.27147417e-01 
 1.62147600e-07  1.10000000e+00  8.27677239e-01 
 1.63247600e-07  1.10000000e+00  8.28207128e-01 
 1.64347600e-07  1.10000000e+00  8.28737081e-01 
 1.65447600e-07  1.10000000e+00  8.29267091e-01 
 1.66547600e-07  1.10000000e+00  8.29797156e-01 
 1.67647600e-07  1.10000000e+00  8.30327272e-01 
 1.68747600e-07  1.10000000e+00  8.30857435e-01 
 1.69847600e-07  1.10000000e+00  8.31387641e-01 
 1.70947600e-07  1.10000000e+00  8.31917889e-01 
 1.72047600e-07  1.10000000e+00  8.32448175e-01 
 1.73147600e-07  1.10000000e+00  8.32978498e-01 
 1.74247600e-07  1.10000000e+00  8.33508854e-01 
 1.75347600e-07  1.10000000e+00  8.34039242e-01 
 1.76447600e-07  1.10000000e+00  8.34569661e-01 
 1.77547600e-07  1.10000000e+00  8.35100108e-01 
 1.78647600e-07  1.10000000e+00  8.35630582e-01 
 1.79747600e-07  1.10000000e+00  8.36161082e-01 
 1.80847600e-07  1.10000000e+00  8.36691605e-01 
 1.81947600e-07  1.10000000e+00  8.37222152e-01 
 1.83047600e-07  1.10000000e+00  8.37752720e-01 
 1.84147600e-07  1.10000000e+00  8.38283309e-01 
 1.85247600e-07  1.10000000e+00  8.38813918e-01 
 1.86347600e-07  1.10000000e+00  8.39344545e-01 
 1.87447600e-07  1.10000000e+00  8.39875190e-01 
 1.88547600e-07  1.10000000e+00  8.40405853e-01 
 1.89647600e-07  1.10000000e+00  8.40936531e-01 
 1.90747600e-07  1.10000000e+00  8.41467225e-01 
 1.91847600e-07  1.10000000e+00  8.41997934e-01 
 1.92947600e-07  1.10000000e+00  8.42528657e-01 
 1.94047600e-07  1.10000000e+00  8.43059394e-01 
 1.95147600e-07  1.10000000e+00  8.43590143e-01 
 1.96247600e-07  1.10000000e+00  8.44120905e-01 
 1.97347600e-07  1.10000000e+00  8.44651678e-01 
 1.98447600e-07  1.10000000e+00  8.45182463e-01 
 1.99547600e-07  1.10000000e+00  8.45713259e-01 
 2.00647600e-07  1.10000000e+00  8.46244065e-01 
 2.01747600e-07  1.10000000e+00  8.46774880e-01 
 2.02847600e-07  1.10000000e+00  8.47305705e-01 
 2.03947600e-07  1.10000000e+00  8.47836539e-01 
 2.05047600e-07  1.10000000e+00  8.48367382e-01 
 2.06147600e-07  1.10000000e+00  8.48898232e-01 
 2.07247600e-07  1.10000000e+00  8.49429091e-01 
 2.08347600e-07  1.10000000e+00  8.49959956e-01 
 2.09447600e-07  1.10000000e+00  8.50490829e-01 
 2.10547600e-07  1.10000000e+00  8.51021708e-01 
 2.11647600e-07  1.10000000e+00  8.51552593e-01 
 2.12747600e-07  1.10000000e+00  8.52083484e-01 
 2.13847600e-07  1.10000000e+00  8.52614380e-01 
 2.14947600e-07  1.10000000e+00  8.53145282e-01 
 2.16047600e-07  1.10000000e+00  8.53676188e-01 
 2.17147600e-07  1.10000000e+00  8.54207099e-01 
 2.18247600e-07  1.10000000e+00  8.54738015e-01 
 2.19347600e-07  1.10000000e+00  8.55268934e-01 
 2.20447600e-07  1.10000000e+00  8.55799856e-01 
 2.21547600e-07  1.10000000e+00  8.56330782e-01 
 2.22647600e-07  1.10000000e+00  8.56861711e-01 
 2.23747600e-07  1.10000000e+00  8.57392642e-01 
 2.24847600e-07  1.10000000e+00  8.57923576e-01 
 2.25947600e-07  1.10000000e+00  8.58454512e-01 
 2.27047600e-07  1.10000000e+00  8.58985449e-01 
 2.28147600e-07  1.10000000e+00  8.59516388e-01 
 2.29247600e-07  1.10000000e+00  8.60047328e-01 
 2.30347600e-07  1.10000000e+00  8.60578269e-01 
 2.31447600e-07  1.10000000e+00  8.61109211e-01 
 2.32547600e-07  1.10000000e+00  8.61640153e-01 
 2.33647600e-07  1.10000000e+00  8.62171095e-01 
 2.34747600e-07  1.10000000e+00  8.62702037e-01 
 2.35847600e-07  1.10000000e+00  8.63232978e-01 
 2.36947600e-07  1.10000000e+00  8.63763919e-01 
 2.38047600e-07  1.10000000e+00  8.64294858e-01 
 2.39147600e-07  1.10000000e+00  8.64825796e-01 
 2.40247600e-07  1.10000000e+00  8.65356732e-01 
 2.41347600e-07  1.10000000e+00  8.65887667e-01 
 2.42447600e-07  1.10000000e+00  8.66418599e-01 
 2.43547600e-07  1.10000000e+00  8.66949529e-01 
 2.44647600e-07  1.10000000e+00  8.67480456e-01 
 2.45747600e-07  1.10000000e+00  8.68011381e-01 
 2.46847600e-07  1.10000000e+00  8.68542302e-01 
 2.47947600e-07  1.10000000e+00  8.69073219e-01 
 2.49047600e-07  1.10000000e+00  8.69604133e-01 
 2.50147600e-07  1.10000000e+00  8.70135042e-01 
 2.51247600e-07  1.10000000e+00  8.70665947e-01 
 2.52347600e-07  1.10000000e+00  8.71196847e-01 
 2.53447600e-07  1.10000000e+00  8.71727743e-01 
 2.54547600e-07  1.10000000e+00  8.72258633e-01 
 2.55647600e-07  1.10000000e+00  8.72789518e-01 
 2.56747600e-07  1.10000000e+00  8.73320397e-01 
 2.57847600e-07  1.10000000e+00  8.73851270e-01 
 2.58947600e-07  1.10000000e+00  8.74382136e-01 
 2.60047600e-07  1.10000000e+00  8.74912996e-01 
 2.61147600e-07  1.10000000e+00  8.75443849e-01 
 2.62247600e-07  1.10000000e+00  8.75974694e-01 
 2.63347600e-07  1.10000000e+00  8.76505532e-01 
 2.64447600e-07  1.10000000e+00  8.77036362e-01 
 2.65547600e-07  1.10000000e+00  8.77567185e-01 
 2.66647600e-07  1.10000000e+00  8.78097998e-01 
 2.67747600e-07  1.10000000e+00  8.78628803e-01 
 2.68847600e-07  1.10000000e+00  8.79159599e-01 
 2.69947600e-07  1.10000000e+00  8.79690385e-01 
 2.71047600e-07  1.10000000e+00  8.80221162e-01 
 2.72147600e-07  1.10000000e+00  8.80751929e-01 
 2.73247600e-07  1.10000000e+00  8.81282685e-01 
 2.74347600e-07  1.10000000e+00  8.81813431e-01 
 2.75447600e-07  1.10000000e+00  8.82344166e-01 
 2.76547600e-07  1.10000000e+00  8.82874889e-01 
 2.77647600e-07  1.10000000e+00  8.83405601e-01 
 2.78747600e-07  1.10000000e+00  8.83936301e-01 
 2.79847600e-07  1.10000000e+00  8.84466989e-01 
 2.80947600e-07  1.10000000e+00  8.84997663e-01 
 2.82047600e-07  1.10000000e+00  8.85528325e-01 
 2.83147600e-07  1.10000000e+00  8.86058974e-01 
 2.84247600e-07  1.10000000e+00  8.86589609e-01 
 2.85347600e-07  1.10000000e+00  8.87120230e-01 
 2.86447600e-07  1.10000000e+00  8.87650836e-01 
 2.87547600e-07  1.10000000e+00  8.88181428e-01 
 2.88647600e-07  1.10000000e+00  8.88712004e-01 
 2.89747600e-07  1.10000000e+00  8.89242565e-01 
 2.90847600e-07  1.10000000e+00  8.89773110e-01 
 2.91947600e-07  1.10000000e+00  8.90303638e-01 
 2.93047600e-07  1.10000000e+00  8.90834150e-01 
 2.94147600e-07  1.10000000e+00  8.91364645e-01 
 2.95247600e-07  1.10000000e+00  8.91895122e-01 
 2.96347600e-07  1.10000000e+00  8.92425582e-01 
 2.97447600e-07  1.10000000e+00  8.92956023e-01 
 2.98547600e-07  1.10000000e+00  8.93486445e-01 
 2.99647600e-07  1.10000000e+00  8.94016848e-01 
 3.00747600e-07  1.10000000e+00  8.94547232e-01 
 3.01847600e-07  1.10000000e+00  8.95077595e-01 
 3.02947600e-07  1.10000000e+00  8.95607938e-01 
 3.04047600e-07  1.10000000e+00  8.96138260e-01 
 3.05147600e-07  1.10000000e+00  8.96668561e-01 
 3.06247600e-07  1.10000000e+00  8.97198840e-01 
 3.07347600e-07  1.10000000e+00  8.97729097e-01 
 3.08447600e-07  1.10000000e+00  8.98259330e-01 
 3.09547600e-07  1.10000000e+00  8.98789541e-01 
 3.10647600e-07  1.10000000e+00  8.99319728e-01 
 3.11747600e-07  1.10000000e+00  8.99849890e-01 
 3.12847600e-07  1.10000000e+00  9.00380028e-01 
 3.13947600e-07  1.10000000e+00  9.00910141e-01 
 3.15047600e-07  1.10000000e+00  9.01440228e-01 
 3.16147600e-07  1.10000000e+00  9.01970288e-01 
 3.17247600e-07  1.10000000e+00  9.02500322e-01 
 3.18347600e-07  1.10000000e+00  9.03030329e-01 
 3.19447600e-07  1.10000000e+00  9.03560307e-01 
 3.20547600e-07  1.10000000e+00  9.04090257e-01 
 3.21647600e-07  1.10000000e+00  9.04620178e-01 
 3.22747600e-07  1.10000000e+00  9.05150070e-01 
 3.23847600e-07  1.10000000e+00  9.05679931e-01 
 3.24947600e-07  1.10000000e+00  9.06209761e-01 
 3.26047600e-07  1.10000000e+00  9.06739561e-01 
 3.27147600e-07  1.10000000e+00  9.07269328e-01 
 3.28247600e-07  1.10000000e+00  9.07799062e-01 
 3.29347600e-07  1.10000000e+00  9.08328764e-01 
 3.30447600e-07  1.10000000e+00  9.08858431e-01 
 3.31547600e-07  1.10000000e+00  9.09388064e-01 
 3.32647600e-07  1.10000000e+00  9.09917662e-01 
 3.33747600e-07  1.10000000e+00  9.10447224e-01 
 3.34847600e-07  1.10000000e+00  9.10976750e-01 
 3.35947600e-07  1.10000000e+00  9.11506238e-01 
 3.37047600e-07  1.10000000e+00  9.12035689e-01 
 3.38147600e-07  1.10000000e+00  9.12565101e-01 
 3.39247600e-07  1.10000000e+00  9.13094473e-01 
 3.40347600e-07  1.10000000e+00  9.13623806e-01 
 3.41447600e-07  1.10000000e+00  9.14153097e-01 
 3.42547600e-07  1.10000000e+00  9.14682348e-01 
 3.43647600e-07  1.10000000e+00  9.15211555e-01 
 3.44747600e-07  1.10000000e+00  9.15740720e-01 
 3.45847600e-07  1.10000000e+00  9.16269841e-01 
 3.46947600e-07  1.10000000e+00  9.16798917e-01 
 3.48047600e-07  1.10000000e+00  9.17327948e-01 
 3.49147600e-07  1.10000000e+00  9.17856932e-01 
 3.50247600e-07  1.10000000e+00  9.18385869e-01 
 3.51347600e-07  1.10000000e+00  9.18914758e-01 
 3.52447600e-07  1.10000000e+00  9.19443598e-01 
 3.53547600e-07  1.10000000e+00  9.19972388e-01 
 3.54647600e-07  1.10000000e+00  9.20501127e-01 
 3.55747600e-07  1.10000000e+00  9.21029815e-01 
 3.56847600e-07  1.10000000e+00  9.21558450e-01 
 3.57947600e-07  1.10000000e+00  9.22087032e-01 
 3.59047600e-07  1.10000000e+00  9.22615559e-01 
 3.60147600e-07  1.10000000e+00  9.23144030e-01 
 3.61247600e-07  1.10000000e+00  9.23672445e-01 
 3.62347600e-07  1.10000000e+00  9.24200803e-01 
 3.63447600e-07  1.10000000e+00  9.24729102e-01 
 3.64547600e-07  1.10000000e+00  9.25257341e-01 
 3.65647600e-07  1.10000000e+00  9.25785520e-01 
 3.66747600e-07  1.10000000e+00  9.26313636e-01 
 3.67847600e-07  1.10000000e+00  9.26841690e-01 
 3.68947600e-07  1.10000000e+00  9.27369680e-01 
 3.70047600e-07  1.10000000e+00  9.27897605e-01 
 3.71147600e-07  1.10000000e+00  9.28425464e-01 
 3.72247600e-07  1.10000000e+00  9.28953255e-01 
 3.73347600e-07  1.10000000e+00  9.29480977e-01 
 3.74447600e-07  1.10000000e+00  9.30008629e-01 
 3.75547600e-07  1.10000000e+00  9.30536210e-01 
 3.76647600e-07  1.10000000e+00  9.31063719e-01 
 3.77747600e-07  1.10000000e+00  9.31591154e-01 
 3.78847600e-07  1.10000000e+00  9.32118514e-01 
 3.79947600e-07  1.10000000e+00  9.32645797e-01 
 3.81047600e-07  1.10000000e+00  9.33173003e-01 
 3.82147600e-07  1.10000000e+00  9.33700129e-01 
 3.83247600e-07  1.10000000e+00  9.34227175e-01 
 3.84347600e-07  1.10000000e+00  9.34754139e-01 
 3.85447600e-07  1.10000000e+00  9.35281019e-01 
 3.86547600e-07  1.10000000e+00  9.35807814e-01 
 3.87647600e-07  1.10000000e+00  9.36334523e-01 
 3.88747600e-07  1.10000000e+00  9.36861144e-01 
 3.89847600e-07  1.10000000e+00  9.37387675e-01 
 3.90947600e-07  1.10000000e+00  9.37914115e-01 
 3.92047600e-07  1.10000000e+00  9.38440462e-01 
 3.93147600e-07  1.10000000e+00  9.38966714e-01 
 3.94247600e-07  1.10000000e+00  9.39492870e-01 
 3.95347600e-07  1.10000000e+00  9.40018928e-01 
 3.96447600e-07  1.10000000e+00  9.40544886e-01 
 3.97547600e-07  1.10000000e+00  9.41070743e-01 
 3.98647600e-07  1.10000000e+00  9.41596496e-01 
 3.99747600e-07  1.10000000e+00  9.42122144e-01 
 4.00847600e-07  1.10000000e+00  9.42647685e-01 
 4.01947600e-07  1.10000000e+00  9.43173116e-01 
 4.03047600e-07  1.10000000e+00  9.43698437e-01 
 4.04147600e-07  1.10000000e+00  9.44223644e-01 
 4.05247600e-07  1.10000000e+00  9.44748736e-01 
 4.06347600e-07  1.10000000e+00  9.45273710e-01 
 4.07447600e-07  1.10000000e+00  9.45798565e-01 
 4.08547600e-07  1.10000000e+00  9.46323298e-01 
 4.09647600e-07  1.10000000e+00  9.46847908e-01 
 4.10747600e-07  1.10000000e+00  9.47372390e-01 
 4.11847600e-07  1.10000000e+00  9.47896745e-01 
 4.12947600e-07  1.10000000e+00  9.48420968e-01 
 4.14047600e-07  1.10000000e+00  9.48945057e-01 
 4.15147600e-07  1.10000000e+00  9.49469011e-01 
 4.16247600e-07  1.10000000e+00  9.49992826e-01 
 4.17347600e-07  1.10000000e+00  9.50516500e-01 
 4.18447600e-07  1.10000000e+00  9.51040029e-01 
 4.19547600e-07  1.10000000e+00  9.51563413e-01 
 4.20647600e-07  1.10000000e+00  9.52086646e-01 
 4.21747600e-07  1.10000000e+00  9.52609728e-01 
 4.22847600e-07  1.10000000e+00  9.53132654e-01 
 4.23947600e-07  1.10000000e+00  9.53655422e-01 
 4.25047600e-07  1.10000000e+00  9.54178028e-01 
 4.26147600e-07  1.10000000e+00  9.54700470e-01 
 4.27247600e-07  1.10000000e+00  9.55222744e-01 
 4.28347600e-07  1.10000000e+00  9.55744847e-01 
 4.29447600e-07  1.10000000e+00  9.56266776e-01 
 4.30547600e-07  1.10000000e+00  9.56788526e-01 
 4.31647600e-07  1.10000000e+00  9.57310095e-01 
 4.32747600e-07  1.10000000e+00  9.57831479e-01 
 4.33847600e-07  1.10000000e+00  9.58352673e-01 
 4.34947600e-07  1.10000000e+00  9.58873675e-01 
 4.36047600e-07  1.10000000e+00  9.59394480e-01 
 4.37147600e-07  1.10000000e+00  9.59915084e-01 
 4.38247600e-07  1.10000000e+00  9.60435482e-01 
 4.39347600e-07  1.10000000e+00  9.60955672e-01 
 4.40447600e-07  1.10000000e+00  9.61475647e-01 
 4.41547600e-07  1.10000000e+00  9.61995404e-01 
 4.42647600e-07  1.10000000e+00  9.62514938e-01 
 4.43747600e-07  1.10000000e+00  9.63034244e-01 
 4.44847600e-07  1.10000000e+00  9.63553318e-01 
 4.45947600e-07  1.10000000e+00  9.64072153e-01 
 4.47047600e-07  1.10000000e+00  9.64590746e-01 
 4.48147600e-07  1.10000000e+00  9.65109089e-01 
 4.49247600e-07  1.10000000e+00  9.65627179e-01 
 4.50347600e-07  1.10000000e+00  9.66145010e-01 
 4.51447600e-07  1.10000000e+00  9.66662575e-01 
 4.52547600e-07  1.10000000e+00  9.67179868e-01 
 4.53647600e-07  1.10000000e+00  9.67696885e-01 
 4.54747600e-07  1.10000000e+00  9.68213617e-01 
 4.55847600e-07  1.10000000e+00  9.68730059e-01 
 4.56947600e-07  1.10000000e+00  9.69246203e-01 
 4.58047600e-07  1.10000000e+00  9.69762044e-01 
 4.59147600e-07  1.10000000e+00  9.70277574e-01 
 4.60247600e-07  1.10000000e+00  9.70792787e-01 
 4.61347600e-07  1.10000000e+00  9.71307673e-01 
 4.62447600e-07  1.10000000e+00  9.71822227e-01 
 4.63547600e-07  1.10000000e+00  9.72336440e-01 
 4.64647600e-07  1.10000000e+00  9.72850304e-01 
 4.65747600e-07  1.10000000e+00  9.73363812e-01 
 4.66847600e-07  1.10000000e+00  9.73876954e-01 
 4.67947600e-07  1.10000000e+00  9.74389723e-01 
 4.69047600e-07  1.10000000e+00  9.74902111e-01 
 4.70147600e-07  1.10000000e+00  9.75414107e-01 
 4.71247600e-07  1.10000000e+00  9.75925704e-01 
 4.72347600e-07  1.10000000e+00  9.76436893e-01 
 4.73447600e-07  1.10000000e+00  9.76947663e-01 
 4.74547600e-07  1.10000000e+00  9.77458007e-01 
 4.75647600e-07  1.10000000e+00  9.77967914e-01 
 4.76747600e-07  1.10000000e+00  9.78477376e-01 
 4.77847600e-07  1.10000000e+00  9.78986382e-01 
 4.78947600e-07  1.10000000e+00  9.79494924e-01 
 4.80047600e-07  1.10000000e+00  9.80002991e-01 
 4.81147600e-07  1.10000000e+00  9.80510574e-01 
 4.82247600e-07  1.10000000e+00  9.81017663e-01 
 4.83347600e-07  1.10000000e+00  9.81524249e-01 
 4.84447600e-07  1.10000000e+00  9.82030323e-01 
 4.85547600e-07  1.10000000e+00  9.82535874e-01 
 4.86647600e-07  1.10000000e+00  9.83040893e-01 
 4.87747600e-07  1.10000000e+00  9.83545372e-01 
 4.88847600e-07  1.10000000e+00  9.84049300e-01 
 4.89947600e-07  1.10000000e+00  9.84552669e-01 
 4.91047600e-07  1.10000000e+00  9.85055470e-01 
 4.92147600e-07  1.10000000e+00  9.85557694e-01 
 4.93247600e-07  1.10000000e+00  9.86059332e-01 
 4.94347600e-07  1.10000000e+00  9.86560376e-01 
 4.95447600e-07  1.10000000e+00  9.87060817e-01 
 4.96547600e-07  1.10000000e+00  9.87560648e-01 
 4.97647600e-07  1.10000000e+00  9.88059861e-01 
 4.98747600e-07  1.10000000e+00  9.88558448e-01 
 4.99847600e-07  1.10000000e+00  9.89056401e-01 
 5.00947600e-07  1.10000000e+00  9.89553713e-01 
 5.02047600e-07  1.10000000e+00  9.90050376e-01 
 5.03147600e-07  1.10000000e+00  9.90546384e-01 
 5.04247600e-07  1.10000000e+00  9.91041731e-01 
 5.05347600e-07  1.10000000e+00  9.91536408e-01 
 5.06447600e-07  1.10000000e+00  9.92030409e-01 
 5.07547600e-07  1.10000000e+00  9.92523728e-01 
 5.08647600e-07  1.10000000e+00  9.93016359e-01 
 5.09747600e-07  1.10000000e+00  9.93508294e-01 
 5.10847600e-07  1.10000000e+00  9.93999528e-01 
 5.11947600e-07  1.10000000e+00  9.94490055e-01 
 5.13047600e-07  1.10000000e+00  9.94979867e-01 
 5.14147600e-07  1.10000000e+00  9.95468959e-01 
 5.15247600e-07  1.10000000e+00  9.95957324e-01 
 5.16347600e-07  1.10000000e+00  9.96444956e-01 
 5.17447600e-07  1.10000000e+00  9.96931849e-01 
 5.18547600e-07  1.10000000e+00  9.97417996e-01 
 5.19647600e-07  1.10000000e+00  9.97903391e-01 
 5.20747600e-07  1.10000000e+00  9.98388027e-01 
 5.21847600e-07  1.10000000e+00  9.98871897e-01 
 5.22947600e-07  1.10000000e+00  9.99354995e-01 
 5.24047600e-07  1.10000000e+00  9.99837314e-01 
 5.25147600e-07  1.10000000e+00  1.00031885e+00 
 5.26247600e-07  1.10000000e+00  1.00079959e+00 
 5.27347600e-07  1.10000000e+00  1.00127953e+00 
 5.28447600e-07  1.10000000e+00  1.00175866e+00 
 5.29547600e-07  1.10000000e+00  1.00223697e+00 
 5.30647600e-07  1.10000000e+00  1.00271447e+00 
 5.31747600e-07  1.10000000e+00  1.00319113e+00 
 5.32847600e-07  1.10000000e+00  1.00366695e+00 
 5.33947600e-07  1.10000000e+00  1.00414193e+00 
 5.35047600e-07  1.10000000e+00  1.00461606e+00 
 5.36147600e-07  1.10000000e+00  1.00508932e+00 
 5.37247600e-07  1.10000000e+00  1.00556171e+00 
 5.38347600e-07  1.10000000e+00  1.00603323e+00 
 5.39447600e-07  1.10000000e+00  1.00650385e+00 
 5.40547600e-07  1.10000000e+00  1.00697358e+00 
 5.41647600e-07  1.10000000e+00  1.00744241e+00 
 5.42747600e-07  1.10000000e+00  1.00791033e+00 
 5.43847600e-07  1.10000000e+00  1.00837732e+00 
 5.44947600e-07  1.10000000e+00  1.00884338e+00 
 5.46047600e-07  1.10000000e+00  1.00930850e+00 
 5.47147600e-07  1.10000000e+00  1.00977268e+00 
 5.48247600e-07  1.10000000e+00  1.01023589e+00 
 5.49347600e-07  1.10000000e+00  1.01069814e+00 
 5.50447600e-07  1.10000000e+00  1.01115942e+00 
 5.51547600e-07  1.10000000e+00  1.01161971e+00 
 5.52647600e-07  1.10000000e+00  1.01207900e+00 
 5.53747600e-07  1.10000000e+00  1.01253730e+00 
 5.54847600e-07  1.10000000e+00  1.01299458e+00 
 5.55947600e-07  1.10000000e+00  1.01345084e+00 
 5.57047600e-07  1.10000000e+00  1.01390607e+00 
 5.58147600e-07  1.10000000e+00  1.01436025e+00 
 5.59247600e-07  1.10000000e+00  1.01481339e+00 
 5.60347600e-07  1.10000000e+00  1.01526547e+00 
 5.61447600e-07  1.10000000e+00  1.01571648e+00 
 5.62547600e-07  1.10000000e+00  1.01616642e+00 
 5.63647600e-07  1.10000000e+00  1.01661526e+00 
 5.64747600e-07  1.10000000e+00  1.01706301e+00 
 5.65847600e-07  1.10000000e+00  1.01750965e+00 
 5.66947600e-07  1.10000000e+00  1.01795518e+00 
 5.68047600e-07  1.10000000e+00  1.01839959e+00 
 5.69147600e-07  1.10000000e+00  1.01884286e+00 
 5.70247600e-07  1.10000000e+00  1.01928498e+00 
 5.71347600e-07  1.10000000e+00  1.01972596e+00 
 5.72447600e-07  1.10000000e+00  1.02016577e+00 
 5.73547600e-07  1.10000000e+00  1.02060441e+00 
 5.74647600e-07  1.10000000e+00  1.02104187e+00 
 5.75747600e-07  1.10000000e+00  1.02147815e+00 
 5.76847600e-07  1.10000000e+00  1.02191322e+00 
 5.77947600e-07  1.10000000e+00  1.02234708e+00 
 5.79047600e-07  1.10000000e+00  1.02277973e+00 
 5.80147600e-07  1.10000000e+00  1.02321116e+00 
 5.81247600e-07  1.10000000e+00  1.02364135e+00 
 5.82347600e-07  1.10000000e+00  1.02407029e+00 
 5.83447600e-07  1.10000000e+00  1.02449798e+00 
 5.84547600e-07  1.10000000e+00  1.02492441e+00 
 5.85647600e-07  1.10000000e+00  1.02534958e+00 
 5.86747600e-07  1.10000000e+00  1.02577346e+00 
 5.87847600e-07  1.10000000e+00  1.02619605e+00 
 5.88947600e-07  1.10000000e+00  1.02661735e+00 
 5.90047600e-07  1.10000000e+00  1.02703735e+00 
 5.91147600e-07  1.10000000e+00  1.02745603e+00 
 5.92247600e-07  1.10000000e+00  1.02787339e+00 
 5.93347600e-07  1.10000000e+00  1.02828942e+00 
 5.94447600e-07  1.10000000e+00  1.02870411e+00 
 5.95547600e-07  1.10000000e+00  1.02911746e+00 
 5.96647600e-07  1.10000000e+00  1.02952945e+00 
 5.97747600e-07  1.10000000e+00  1.02994008e+00 
 5.98847600e-07  1.10000000e+00  1.03034934e+00 
 5.99947600e-07  1.10000000e+00  1.03075722e+00 
 6.01047600e-07  1.10000000e+00  1.03116372e+00 
 6.02147600e-07  1.10000000e+00  1.03156883e+00 
 6.03247600e-07  1.10000000e+00  1.03197253e+00 
 6.04347600e-07  1.10000000e+00  1.03237483e+00 
 6.05447600e-07  1.10000000e+00  1.03277571e+00 
 6.06547600e-07  1.10000000e+00  1.03317517e+00 
 6.07647600e-07  1.10000000e+00  1.03357319e+00 
 6.08747600e-07  1.10000000e+00  1.03396979e+00 
 6.09847600e-07  1.10000000e+00  1.03436493e+00 
 6.10947600e-07  1.10000000e+00  1.03475863e+00 
 6.12047600e-07  1.10000000e+00  1.03515087e+00 
 6.13147600e-07  1.10000000e+00  1.03554165e+00 
 6.14247600e-07  1.10000000e+00  1.03593096e+00 
 6.15347600e-07  1.10000000e+00  1.03631879e+00 
 6.16447600e-07  1.10000000e+00  1.03670513e+00 
 6.17547600e-07  1.10000000e+00  1.03708999e+00 
 6.18647600e-07  1.10000000e+00  1.03747336e+00 
 6.19747600e-07  1.10000000e+00  1.03785522e+00 
 6.20847600e-07  1.10000000e+00  1.03823558e+00 
 6.21947600e-07  1.10000000e+00  1.03861443e+00 
 6.23047600e-07  1.10000000e+00  1.03899175e+00 
 6.24147600e-07  1.10000000e+00  1.03936756e+00 
 6.25247600e-07  1.10000000e+00  1.03974184e+00 
 6.26347600e-07  1.10000000e+00  1.04011458e+00 
 6.27447600e-07  1.10000000e+00  1.04048579e+00 
 6.28547600e-07  1.10000000e+00  1.04085545e+00 
 6.29647600e-07  1.10000000e+00  1.04122357e+00 
 6.30747600e-07  1.10000000e+00  1.04159013e+00 
 6.31847600e-07  1.10000000e+00  1.04195514e+00 
 6.32947600e-07  1.10000000e+00  1.04231859e+00 
 6.34047600e-07  1.10000000e+00  1.04268047e+00 
 6.35147600e-07  1.10000000e+00  1.04304079e+00 
 6.36247600e-07  1.10000000e+00  1.04339953e+00 
 6.37347600e-07  1.10000000e+00  1.04375669e+00 
 6.38447600e-07  1.10000000e+00  1.04411228e+00 
 6.39547600e-07  1.10000000e+00  1.04446628e+00 
 6.40647600e-07  1.10000000e+00  1.04481870e+00 
 6.41747600e-07  1.10000000e+00  1.04516952e+00 
 6.42847600e-07  1.10000000e+00  1.04551875e+00 
 6.43947600e-07  1.10000000e+00  1.04586639e+00 
 6.45047600e-07  1.10000000e+00  1.04621243e+00 
 6.46147600e-07  1.10000000e+00  1.04655687e+00 
 6.47247600e-07  1.10000000e+00  1.04689970e+00 
 6.48347600e-07  1.10000000e+00  1.04724093e+00 
 6.49447600e-07  1.10000000e+00  1.04758055e+00 
 6.50547600e-07  1.10000000e+00  1.04791857e+00 
 6.51647600e-07  1.10000000e+00  1.04825497e+00 
 6.52747600e-07  1.10000000e+00  1.04858975e+00 
 6.53847600e-07  1.10000000e+00  1.04892292e+00 
 6.54947600e-07  1.10000000e+00  1.04925448e+00 
 6.56047600e-07  1.10000000e+00  1.04958442e+00 
 6.57147600e-07  1.10000000e+00  1.04991274e+00 
 6.58247600e-07  1.10000000e+00  1.05023944e+00 
 6.59347600e-07  1.10000000e+00  1.05056452e+00 
 6.60447600e-07  1.10000000e+00  1.05088798e+00 
 6.61547600e-07  1.10000000e+00  1.05120982e+00 
 6.62647600e-07  1.10000000e+00  1.05153003e+00 
 6.63747600e-07  1.10000000e+00  1.05184862e+00 
 6.64847600e-07  1.10000000e+00  1.05216559e+00 
 6.65947600e-07  1.10000000e+00  1.05248094e+00 
 6.67047600e-07  1.10000000e+00  1.05279466e+00 
 6.68147600e-07  1.10000000e+00  1.05310677e+00 
 6.69247600e-07  1.10000000e+00  1.05341725e+00 
 6.70347600e-07  1.10000000e+00  1.05372611e+00 
 6.71447600e-07  1.10000000e+00  1.05403334e+00 
 6.72547600e-07  1.10000000e+00  1.05433896e+00 
 6.73647600e-07  1.10000000e+00  1.05464296e+00 
 6.74747600e-07  1.10000000e+00  1.05494535e+00 
 6.75847600e-07  1.10000000e+00  1.05524611e+00 
 6.76947600e-07  1.10000000e+00  1.05554526e+00 
 6.78047600e-07  1.10000000e+00  1.05584280e+00 
 6.79147600e-07  1.10000000e+00  1.05613872e+00 
 6.80247600e-07  1.10000000e+00  1.05643303e+00 
 6.81347600e-07  1.10000000e+00  1.05672573e+00 
 6.82447600e-07  1.10000000e+00  1.05701683e+00 
 6.83547600e-07  1.10000000e+00  1.05730632e+00 
 6.84647600e-07  1.10000000e+00  1.05759421e+00 
 6.85747600e-07  1.10000000e+00  1.05788050e+00 
 6.86847600e-07  1.10000000e+00  1.05816519e+00 
 6.87947600e-07  1.10000000e+00  1.05844828e+00 
 6.89047600e-07  1.10000000e+00  1.05872978e+00 
 6.90147600e-07  1.10000000e+00  1.05900969e+00 
 6.91247600e-07  1.10000000e+00  1.05928802e+00 
 6.92347600e-07  1.10000000e+00  1.05956475e+00 
 6.93447600e-07  1.10000000e+00  1.05983991e+00 
 6.94547600e-07  1.10000000e+00  1.06011349e+00 
 6.95647600e-07  1.10000000e+00  1.06038549e+00 
 6.96747600e-07  1.10000000e+00  1.06065592e+00 
 6.97847600e-07  1.10000000e+00  1.06092478e+00 
 6.98947600e-07  1.10000000e+00  1.06119208e+00 
 7.00047600e-07  1.10000000e+00  1.06145782e+00 
 7.01147600e-07  1.10000000e+00  1.06172199e+00 
 7.02247600e-07  1.10000000e+00  1.06198462e+00 
 7.03347600e-07  1.10000000e+00  1.06224569e+00 
 7.04447600e-07  1.10000000e+00  1.06250522e+00 
 7.05547600e-07  1.10000000e+00  1.06276321e+00 
 7.06647600e-07  1.10000000e+00  1.06301966e+00 
 7.07747600e-07  1.10000000e+00  1.06327458e+00 
 7.08847600e-07  1.10000000e+00  1.06352796e+00 
 7.09947600e-07  1.10000000e+00  1.06377983e+00 
 7.11047600e-07  1.10000000e+00  1.06403017e+00 
 7.12147600e-07  1.10000000e+00  1.06427900e+00 
 7.13247600e-07  1.10000000e+00  1.06452631e+00 
 7.14347600e-07  1.10000000e+00  1.06477213e+00 
 7.15447600e-07  1.10000000e+00  1.06501643e+00 
 7.16547600e-07  1.10000000e+00  1.06525925e+00 
 7.17647600e-07  1.10000000e+00  1.06550057e+00 
 7.18747600e-07  1.10000000e+00  1.06574040e+00 
 7.19847600e-07  1.10000000e+00  1.06597876e+00 
 7.20947600e-07  1.10000000e+00  1.06621563e+00 
 7.22047600e-07  1.10000000e+00  1.06645104e+00 
 7.23147600e-07  1.10000000e+00  1.06668498e+00 
 7.24247600e-07  1.10000000e+00  1.06691746e+00 
 7.25347600e-07  1.10000000e+00  1.06714849e+00 
 7.26447600e-07  1.10000000e+00  1.06737806e+00 
 7.27547600e-07  1.10000000e+00  1.06760619e+00 
 7.28647600e-07  1.10000000e+00  1.06783288e+00 
 7.29747600e-07  1.10000000e+00  1.06805814e+00 
 7.30847600e-07  1.10000000e+00  1.06828197e+00 
 7.31947600e-07  1.10000000e+00  1.06850438e+00 
 7.33047600e-07  1.10000000e+00  1.06872538e+00 
 7.34147600e-07  1.10000000e+00  1.06894496e+00 
 7.35247600e-07  1.10000000e+00  1.06916314e+00 
 7.36347600e-07  1.10000000e+00  1.06937992e+00 
 7.37447600e-07  1.10000000e+00  1.06959531e+00 
 7.38547600e-07  1.10000000e+00  1.06980931e+00 
 7.39647600e-07  1.10000000e+00  1.07002193e+00 
 7.40747600e-07  1.10000000e+00  1.07023317e+00 
 7.41847600e-07  1.10000000e+00  1.07044305e+00 
 7.42947600e-07  1.10000000e+00  1.07065156e+00 
 7.44047600e-07  1.10000000e+00  1.07085872e+00 
 7.45147600e-07  1.10000000e+00  1.07106453e+00 
 7.46247600e-07  1.10000000e+00  1.07126899e+00 
 7.47347600e-07  1.10000000e+00  1.07147212e+00 
 7.48447600e-07  1.10000000e+00  1.07167391e+00 
 7.49547600e-07  1.10000000e+00  1.07187437e+00 
 7.50647600e-07  1.10000000e+00  1.07207352e+00 
 7.51747600e-07  1.10000000e+00  1.07227136e+00 
 7.52847600e-07  1.10000000e+00  1.07246788e+00 
 7.53947600e-07  1.10000000e+00  1.07266311e+00 
 7.55047600e-07  1.10000000e+00  1.07285705e+00 
 7.56147600e-07  1.10000000e+00  1.07304969e+00 
 7.57247600e-07  1.10000000e+00  1.07324106e+00 
 7.58347600e-07  1.10000000e+00  1.07343115e+00 
 7.59447600e-07  1.10000000e+00  1.07361997e+00 
 7.60547600e-07  1.10000000e+00  1.07380753e+00 
 7.61647600e-07  1.10000000e+00  1.07399383e+00 
 7.62747600e-07  1.10000000e+00  1.07417888e+00 
 7.63847600e-07  1.10000000e+00  1.07436270e+00 
 7.64947600e-07  1.10000000e+00  1.07454527e+00 
 7.66047600e-07  1.10000000e+00  1.07472662e+00 
 7.67147600e-07  1.10000000e+00  1.07490674e+00 
 7.68247600e-07  1.10000000e+00  1.07508565e+00 
 7.69347600e-07  1.10000000e+00  1.07526334e+00 
 7.70447600e-07  1.10000000e+00  1.07543983e+00 
 7.71547600e-07  1.10000000e+00  1.07561513e+00 
 7.72647600e-07  1.10000000e+00  1.07578923e+00 
 7.73747600e-07  1.10000000e+00  1.07596215e+00 
 7.74847600e-07  1.10000000e+00  1.07613389e+00 
 7.75947600e-07  1.10000000e+00  1.07630446e+00 
 7.77047600e-07  1.10000000e+00  1.07647387e+00 
 7.78147600e-07  1.10000000e+00  1.07664212e+00 
 7.79247600e-07  1.10000000e+00  1.07680921e+00 
 7.80347600e-07  1.10000000e+00  1.07697516e+00 
 7.81447600e-07  1.10000000e+00  1.07713997e+00 
 7.82547600e-07  1.10000000e+00  1.07730365e+00 
 7.83647600e-07  1.10000000e+00  1.07746621e+00 
 7.84747600e-07  1.10000000e+00  1.07762764e+00 
 7.85847600e-07  1.10000000e+00  1.07778796e+00 
 7.86947600e-07  1.10000000e+00  1.07794718e+00 
 7.88047600e-07  1.10000000e+00  1.07810529e+00 
 7.89147600e-07  1.10000000e+00  1.07826231e+00 
 7.90247600e-07  1.10000000e+00  1.07841825e+00 
 7.91347600e-07  1.10000000e+00  1.07857310e+00 
 7.92447600e-07  1.10000000e+00  1.07872688e+00 
 7.93547600e-07  1.10000000e+00  1.07887959e+00 
 7.94647600e-07  1.10000000e+00  1.07903124e+00 
 7.95747600e-07  1.10000000e+00  1.07918183e+00 
 7.96847600e-07  1.10000000e+00  1.07933138e+00 
 7.97947600e-07  1.10000000e+00  1.07947988e+00 
 7.99047600e-07  1.10000000e+00  1.07962735e+00 
 8.00147600e-07  1.10000000e+00  1.07977378e+00 
 8.01247600e-07  1.10000000e+00  1.07991920e+00 
 8.02347600e-07  1.10000000e+00  1.08006359e+00 
 8.03447600e-07  1.10000000e+00  1.08020697e+00 
 8.04547600e-07  1.10000000e+00  1.08034935e+00 
 8.05647600e-07  1.10000000e+00  1.08049073e+00 
 8.06747600e-07  1.10000000e+00  1.08063112e+00 
 8.07847600e-07  1.10000000e+00  1.08077052e+00 
 8.08947600e-07  1.10000000e+00  1.08090894e+00 
 8.10047600e-07  1.10000000e+00  1.08104639e+00 
 8.11147600e-07  1.10000000e+00  1.08118287e+00 
 8.12247600e-07  1.10000000e+00  1.08131839e+00 
 8.13347600e-07  1.10000000e+00  1.08145295e+00 
 8.14447600e-07  1.10000000e+00  1.08158656e+00 
 8.15547600e-07  1.10000000e+00  1.08171923e+00 
 8.16647600e-07  1.10000000e+00  1.08185096e+00 
 8.17747600e-07  1.10000000e+00  1.08198176e+00 
 8.18847600e-07  1.10000000e+00  1.08211163e+00 
 8.19947600e-07  1.10000000e+00  1.08224058e+00 
 8.21047600e-07  1.10000000e+00  1.08236862e+00 
 8.22147600e-07  1.10000000e+00  1.08249575e+00 
 8.23247600e-07  1.10000000e+00  1.08262198e+00 
 8.24347600e-07  1.10000000e+00  1.08274731e+00 
 8.25447600e-07  1.10000000e+00  1.08287176e+00 
 8.26547600e-07  1.10000000e+00  1.08299531e+00 
 8.27647600e-07  1.10000000e+00  1.08311799e+00 
 8.28747600e-07  1.10000000e+00  1.08323980e+00 
 8.29847600e-07  1.10000000e+00  1.08336074e+00 
 8.30947600e-07  1.10000000e+00  1.08348081e+00 
 8.32047600e-07  1.10000000e+00  1.08360003e+00 
 8.33147600e-07  1.10000000e+00  1.08371840e+00 
 8.34247600e-07  1.10000000e+00  1.08383593e+00 
 8.35347600e-07  1.10000000e+00  1.08395261e+00 
 8.36447600e-07  1.10000000e+00  1.08406846e+00 
 8.37547600e-07  1.10000000e+00  1.08418349e+00 
 8.38647600e-07  1.10000000e+00  1.08429769e+00 
 8.39747600e-07  1.10000000e+00  1.08441107e+00 
 8.40847600e-07  1.10000000e+00  1.08452365e+00 
 8.41947600e-07  1.10000000e+00  1.08463541e+00 
 8.43047600e-07  1.10000000e+00  1.08474638e+00 
 8.44147600e-07  1.10000000e+00  1.08485655e+00 
 8.45247600e-07  1.10000000e+00  1.08496593e+00 
 8.46347600e-07  1.10000000e+00  1.08507453e+00 
 8.47447600e-07  1.10000000e+00  1.08518234e+00 
 8.48547600e-07  1.10000000e+00  1.08528939e+00 
 8.49647600e-07  1.10000000e+00  1.08539566e+00 
 8.50747600e-07  1.10000000e+00  1.08550117e+00 
 8.51847600e-07  1.10000000e+00  1.08560592e+00 
 8.52947600e-07  1.10000000e+00  1.08570992e+00 
 8.54047600e-07  1.10000000e+00  1.08581317e+00 
 8.55147600e-07  1.10000000e+00  1.08591567e+00 
 8.56247600e-07  1.10000000e+00  1.08601744e+00 
 8.57347600e-07  1.10000000e+00  1.08611848e+00 
 8.58447600e-07  1.10000000e+00  1.08621879e+00 
 8.59547600e-07  1.10000000e+00  1.08631837e+00 
 8.60647600e-07  1.10000000e+00  1.08641724e+00 
 8.61747600e-07  1.10000000e+00  1.08651539e+00 
 8.62847600e-07  1.10000000e+00  1.08661284e+00 
 8.63947600e-07  1.10000000e+00  1.08670958e+00 
 8.65047600e-07  1.10000000e+00  1.08680563e+00 
 8.66147600e-07  1.10000000e+00  1.08690098e+00 
 8.67247600e-07  1.10000000e+00  1.08699564e+00 
 8.68347600e-07  1.10000000e+00  1.08708962e+00 
 8.69447600e-07  1.10000000e+00  1.08718292e+00 
 8.70547600e-07  1.10000000e+00  1.08727554e+00 
 8.71647600e-07  1.10000000e+00  1.08736750e+00 
 8.72747600e-07  1.10000000e+00  1.08745879e+00 
 8.73847600e-07  1.10000000e+00  1.08754942e+00 
 8.74947600e-07  1.10000000e+00  1.08763939e+00 
 8.76047600e-07  1.10000000e+00  1.08772871e+00 
 8.77147600e-07  1.10000000e+00  1.08781739e+00 
 8.78247600e-07  1.10000000e+00  1.08790542e+00 
 8.79347600e-07  1.10000000e+00  1.08799282e+00 
 8.80447600e-07  1.10000000e+00  1.08807958e+00 
 8.81547600e-07  1.10000000e+00  1.08816572e+00 
 8.82647600e-07  1.10000000e+00  1.08825122e+00 
 8.83747600e-07  1.10000000e+00  1.08833611e+00 
 8.84847600e-07  1.10000000e+00  1.08842039e+00 
 8.85947600e-07  1.10000000e+00  1.08850405e+00 
 8.87047600e-07  1.10000000e+00  1.08858711e+00 
 8.88147600e-07  1.10000000e+00  1.08866956e+00 
 8.89247600e-07  1.10000000e+00  1.08875142e+00 
 8.90347600e-07  1.10000000e+00  1.08883268e+00 
 8.91447600e-07  1.10000000e+00  1.08891335e+00 
 8.92547600e-07  1.10000000e+00  1.08899343e+00 
 8.93647600e-07  1.10000000e+00  1.08907294e+00 
 8.94747600e-07  1.10000000e+00  1.08915186e+00 
 8.95847600e-07  1.10000000e+00  1.08923022e+00 
 8.96947600e-07  1.10000000e+00  1.08930800e+00 
 8.98047600e-07  1.10000000e+00  1.08938522e+00 
 8.99147600e-07  1.10000000e+00  1.08946188e+00 
 9.00247600e-07  1.10000000e+00  1.08953798e+00 
 9.01347600e-07  1.10000000e+00  1.08961352e+00 
 9.02447600e-07  1.10000000e+00  1.08968852e+00 
 9.03547600e-07  1.10000000e+00  1.08976297e+00 
 9.04647600e-07  1.10000000e+00  1.08983688e+00 
 9.05747600e-07  1.10000000e+00  1.08991025e+00 
 9.06847600e-07  1.10000000e+00  1.08998309e+00 
 9.07947600e-07  1.10000000e+00  1.09005540e+00 
 9.09047600e-07  1.10000000e+00  1.09012718e+00 
 9.10147600e-07  1.10000000e+00  1.09019844e+00 
 9.11247600e-07  1.10000000e+00  1.09026918e+00 
 9.12347600e-07  1.10000000e+00  1.09033941e+00 
 9.13447600e-07  1.10000000e+00  1.09040913e+00 
 9.14547600e-07  1.10000000e+00  1.09047833e+00 
 9.15647600e-07  1.10000000e+00  1.09054704e+00 
 9.16747600e-07  1.10000000e+00  1.09061524e+00 
 9.17847600e-07  1.10000000e+00  1.09068295e+00 
 9.18947600e-07  1.10000000e+00  1.09075016e+00 
 9.20047600e-07  1.10000000e+00  1.09081688e+00 
 9.21147600e-07  1.10000000e+00  1.09088312e+00 
 9.22247600e-07  1.10000000e+00  1.09094887e+00 
 9.23347600e-07  1.10000000e+00  1.09101415e+00 
 9.24447600e-07  1.10000000e+00  1.09107895e+00 
 9.25547600e-07  1.10000000e+00  1.09114328e+00 
 9.26647600e-07  1.10000000e+00  1.09120714e+00 
 9.27747600e-07  1.10000000e+00  1.09127053e+00 
 9.28847600e-07  1.10000000e+00  1.09133346e+00 
 9.29947600e-07  1.10000000e+00  1.09139593e+00 
 9.31047600e-07  1.10000000e+00  1.09145795e+00 
 9.32147600e-07  1.10000000e+00  1.09151951e+00 
 9.33247600e-07  1.10000000e+00  1.09158063e+00 
 9.34347600e-07  1.10000000e+00  1.09164130e+00 
 9.35447600e-07  1.10000000e+00  1.09170153e+00 
 9.36547600e-07  1.10000000e+00  1.09176131e+00 
 9.37647600e-07  1.10000000e+00  1.09182067e+00 
 9.38747600e-07  1.10000000e+00  1.09187959e+00 
 9.39847600e-07  1.10000000e+00  1.09193807e+00 
 9.40947600e-07  1.10000000e+00  1.09199614e+00 
 9.42047600e-07  1.10000000e+00  1.09205378e+00 
 9.43147600e-07  1.10000000e+00  1.09211099e+00 
 9.44247600e-07  1.10000000e+00  1.09216780e+00 
 9.45347600e-07  1.10000000e+00  1.09222418e+00 
 9.46447600e-07  1.10000000e+00  1.09228016e+00 
 9.47547600e-07  1.10000000e+00  1.09233572e+00 
 9.48647600e-07  1.10000000e+00  1.09239089e+00 
 9.49747600e-07  1.10000000e+00  1.09244564e+00 
 9.50847600e-07  1.10000000e+00  1.09250000e+00 
 9.51947600e-07  1.10000000e+00  1.09255397e+00 
 9.53047600e-07  1.10000000e+00  1.09260753e+00 
 9.54147600e-07  1.10000000e+00  1.09266071e+00 
 9.55247600e-07  1.10000000e+00  1.09271350e+00 
 9.56347600e-07  1.10000000e+00  1.09276591e+00 
 9.57447600e-07  1.10000000e+00  1.09281793e+00 
 9.58547600e-07  1.10000000e+00  1.09286957e+00 
 9.59647600e-07  1.10000000e+00  1.09292083e+00 
 9.60747600e-07  1.10000000e+00  1.09297172e+00 
 9.61847600e-07  1.10000000e+00  1.09302224e+00 
 9.62947600e-07  1.10000000e+00  1.09307239e+00 
 9.64047600e-07  1.10000000e+00  1.09312218e+00 
 9.65147600e-07  1.10000000e+00  1.09317160e+00 
 9.66247600e-07  1.10000000e+00  1.09322066e+00 
 9.67347600e-07  1.10000000e+00  1.09326936e+00 
 9.68447600e-07  1.10000000e+00  1.09331771e+00 
 9.69547600e-07  1.10000000e+00  1.09336570e+00 
 9.70647600e-07  1.10000000e+00  1.09341334e+00 
 9.71747600e-07  1.10000000e+00  1.09346064e+00 
 9.72847600e-07  1.10000000e+00  1.09350759e+00 
 9.73947600e-07  1.10000000e+00  1.09355420e+00 
 9.75047600e-07  1.10000000e+00  1.09360046e+00 
 9.76147600e-07  1.10000000e+00  1.09364639e+00 
 9.77247600e-07  1.10000000e+00  1.09369199e+00 
 9.78347600e-07  1.10000000e+00  1.09373725e+00 
 9.79447600e-07  1.10000000e+00  1.09378218e+00 
 9.80547600e-07  1.10000000e+00  1.09382678e+00 
 9.81647600e-07  1.10000000e+00  1.09387106e+00 
 9.82747600e-07  1.10000000e+00  1.09391501e+00 
 9.83847600e-07  1.10000000e+00  1.09395864e+00 
 9.84947600e-07  1.10000000e+00  1.09400195e+00 
 9.86047600e-07  1.10000000e+00  1.09404495e+00 
 9.87147600e-07  1.10000000e+00  1.09408764e+00 
 9.88247600e-07  1.10000000e+00  1.09413001e+00 
 9.89347600e-07  1.10000000e+00  1.09417207e+00 
 9.90447600e-07  1.10000000e+00  1.09421383e+00 
 9.91547600e-07  1.10000000e+00  1.09425528e+00 
 9.92647600e-07  1.10000000e+00  1.09429642e+00 
 9.93747600e-07  1.10000000e+00  1.09433727e+00 
 9.94847600e-07  1.10000000e+00  1.09437782e+00 
 9.95947600e-07  1.10000000e+00  1.09441807e+00 
 9.97047600e-07  1.10000000e+00  1.09445803e+00 
 9.98147600e-07  1.10000000e+00  1.09449770e+00 
 9.99247600e-07  1.10000000e+00  1.09453708e+00 
 1.00034760e-06  1.10000000e+00  1.09457617e+00 
 1.00144760e-06  1.10000000e+00  1.09461498e+00 
 1.00254760e-06  1.10000000e+00  1.09465350e+00 
 1.00364760e-06  1.10000000e+00  1.09469174e+00 
 1.00474760e-06  1.10000000e+00  1.09472970e+00 
 1.00584760e-06  1.10000000e+00  1.09476738e+00 
 1.00694760e-06  1.10000000e+00  1.09480479e+00 
 1.00804760e-06  1.10000000e+00  1.09484193e+00 
 1.00914760e-06  1.10000000e+00  1.09487879e+00 
 1.01024760e-06  1.10000000e+00  1.09491539e+00 
 1.01134760e-06  1.10000000e+00  1.09495172e+00 
 1.01244760e-06  1.10000000e+00  1.09498778e+00 
 1.01354760e-06  1.10000000e+00  1.09502358e+00 
 1.01464760e-06  1.10000000e+00  1.09505912e+00 
 1.01574760e-06  1.10000000e+00  1.09509440e+00 
 1.01684760e-06  1.10000000e+00  1.09512942e+00 
 1.01794760e-06  1.10000000e+00  1.09516419e+00 
 1.01904760e-06  1.10000000e+00  1.09519870e+00 
 1.02014760e-06  1.10000000e+00  1.09523297e+00 
 1.02124760e-06  1.10000000e+00  1.09526698e+00 
 1.02234760e-06  1.10000000e+00  1.09530074e+00 
 1.02344760e-06  1.10000000e+00  1.09533426e+00 
 1.02454760e-06  1.10000000e+00  1.09536753e+00 
 1.02564760e-06  1.10000000e+00  1.09540056e+00 
 1.02674760e-06  1.10000000e+00  1.09543334e+00 
 1.02784760e-06  1.10000000e+00  1.09546589e+00 
 1.02894760e-06  1.10000000e+00  1.09549820e+00 
 1.03004760e-06  1.10000000e+00  1.09553028e+00 
 1.03114760e-06  1.10000000e+00  1.09556212e+00 
 1.03224760e-06  1.10000000e+00  1.09559373e+00 
 1.03334760e-06  1.10000000e+00  1.09562511e+00 
 1.03444760e-06  1.10000000e+00  1.09565626e+00 
 1.03554760e-06  1.10000000e+00  1.09568718e+00 
 1.03664760e-06  1.10000000e+00  1.09571787e+00 
 1.03774760e-06  1.10000000e+00  1.09574835e+00 
 1.03884760e-06  1.10000000e+00  1.09577860e+00 
 1.03994760e-06  1.10000000e+00  1.09580863e+00 
 1.04104760e-06  1.10000000e+00  1.09583844e+00 
 1.04214760e-06  1.10000000e+00  1.09586803e+00 
 1.04324760e-06  1.10000000e+00  1.09589741e+00 
 1.04434760e-06  1.10000000e+00  1.09592657e+00 
 1.04544760e-06  1.10000000e+00  1.09595552e+00 
 1.04654760e-06  1.10000000e+00  1.09598426e+00 
 1.04764760e-06  1.10000000e+00  1.09601279e+00 
 1.04874760e-06  1.10000000e+00  1.09604111e+00 
 1.04984760e-06  1.10000000e+00  1.09606922e+00 
 1.05094760e-06  1.10000000e+00  1.09609713e+00 
 1.05204760e-06  1.10000000e+00  1.09612484e+00 
 1.05314760e-06  1.10000000e+00  1.09615234e+00 
 1.05424760e-06  1.10000000e+00  1.09617964e+00 
 1.05534760e-06  1.10000000e+00  1.09620675e+00 
 1.05644760e-06  1.10000000e+00  1.09623365e+00 
 1.05754760e-06  1.10000000e+00  1.09626037e+00 
 1.05864760e-06  1.10000000e+00  1.09628688e+00 
 1.05974760e-06  1.10000000e+00  1.09631320e+00 
 1.06084760e-06  1.10000000e+00  1.09633933e+00 
 1.06194760e-06  1.10000000e+00  1.09636527e+00 
 1.06304760e-06  1.10000000e+00  1.09639102e+00 
 1.06414760e-06  1.10000000e+00  1.09641659e+00 
 1.06524760e-06  1.10000000e+00  1.09644196e+00 
 1.06634760e-06  1.10000000e+00  1.09646715e+00 
 1.06744760e-06  1.10000000e+00  1.09649216e+00 
 1.06854760e-06  1.10000000e+00  1.09651699e+00 
 1.06964760e-06  1.10000000e+00  1.09654163e+00 
 1.07074760e-06  1.10000000e+00  1.09656610e+00 
 1.07184760e-06  1.10000000e+00  1.09659038e+00 
 1.07294760e-06  1.10000000e+00  1.09661449e+00 
 1.07404760e-06  1.10000000e+00  1.09663842e+00 
 1.07514760e-06  1.10000000e+00  1.09666218e+00 
 1.07624760e-06  1.10000000e+00  1.09668577e+00 
 1.07734760e-06  1.10000000e+00  1.09670918e+00 
 1.07844760e-06  1.10000000e+00  1.09673243e+00 
 1.07954760e-06  1.10000000e+00  1.09675550e+00 
 1.08064760e-06  1.10000000e+00  1.09677841e+00 
 1.08174760e-06  1.10000000e+00  1.09680115e+00 
 1.08284760e-06  1.10000000e+00  1.09682372e+00 
 1.08394760e-06  1.10000000e+00  1.09684613e+00 
 1.08504760e-06  1.10000000e+00  1.09686837e+00 
 1.08614760e-06  1.10000000e+00  1.09689046e+00 
 1.08724760e-06  1.10000000e+00  1.09691238e+00 
 1.08834760e-06  1.10000000e+00  1.09693414e+00 
 1.08944760e-06  1.10000000e+00  1.09695575e+00 
 1.09054760e-06  1.10000000e+00  1.09697719e+00 
 1.09164760e-06  1.10000000e+00  1.09699848e+00 
 1.09274760e-06  1.10000000e+00  1.09701962e+00 
 1.09384760e-06  1.10000000e+00  1.09704060e+00 
 1.09494760e-06  1.10000000e+00  1.09706143e+00 
 1.09604760e-06  1.10000000e+00  1.09708210e+00 
 1.09714760e-06  1.10000000e+00  1.09710263e+00 
 1.09824760e-06  1.10000000e+00  1.09712301e+00 
 1.09934760e-06  1.10000000e+00  1.09714324e+00 
 1.10000000e-06  1.10000000e+00  1.09715516e+00 
