 frequency       H1magdB         H1delay         H2magdB         H2delay         H3magdB         H3delay         H4magdB         H4delay         H5magdB         H5delay        
 1.00000000e-01  0.00000000e+00  4.87961020e-01  0.00000000e+00  4.99966474e-01  0.00000000e+00  4.99999967e-01 -9.64327467e-16  5.00000000e-01  0.00000000e+00  5.00000000e-01 
 1.01157945e-01 -9.64327467e-16  4.87686050e-01  0.00000000e+00  4.99964872e-01 -9.64327467e-16  4.99999964e-01  0.00000000e+00  5.00000000e-01  0.00000000e+00  5.00000000e-01 
 1.02329299e-01 -9.64327467e-16  4.87406447e-01  0.00000000e+00  4.99963224e-01  0.00000000e+00  4.99999962e-01  0.00000000e+00  5.00000000e-01  0.00000000e+00  5.00000000e-01 
 1.03514217e-01  0.00000000e+00  4.87120663e-01  0.00000000e+00  4.99961499e-01  0.00000000e+00  4.99999959e-01  0.00000000e+00  5.00000000e-01  0.00000000e+00  5.00000000e-01 
 1.04712855e-01  0.00000000e+00  4.86828569e-01 -9.64327467e-16  4.99959692e-01 -9.64327467e-16  4.99999956e-01  0.00000000e+00  5.00000000e-01 -9.64327467e-16  5.00000000e-01 
 1.05925373e-01  0.00000000e+00  4.86530033e-01  0.00000000e+00  4.99957802e-01  0.00000000e+00  4.99999953e-01 -9.64327467e-16  5.00000000e-01  0.00000000e+00  5.00000000e-01 
 1.07151931e-01 -9.64327467e-16  4.86224923e-01  0.00000000e+00  4.99955823e-01  0.00000000e+00  4.99999950e-01  0.00000000e+00  5.00000000e-01  0.00000000e+00  5.00000000e-01 
 1.08392691e-01  0.00000000e+00  4.85913101e-01  0.00000000e+00  4.99953751e-01 -9.64327467e-16  4.99999946e-01  0.00000000e+00  5.00000000e-01  0.00000000e+00  5.00000000e-01 
 1.09647820e-01  0.00000000e+00  4.85594431e-01 -9.64327467e-16  4.99951582e-01  0.00000000e+00  4.99999942e-01  0.00000000e+00  5.00000000e-01  0.00000000e+00  5.00000000e-01 
 1.10917482e-01  0.00000000e+00  4.85268770e-01  0.00000000e+00  4.99949312e-01  0.00000000e+00  4.99999938e-01  0.00000000e+00  5.00000000e-01  0.00000000e+00  5.00000000e-01 
 1.12201845e-01  0.00000000e+00  4.84935975e-01  0.00000000e+00  4.99946936e-01  0.00000000e+00  4.99999934e-01  0.00000000e+00  5.00000000e-01  0.00000000e+00  5.00000000e-01 
 1.13501082e-01 -9.64327467e-16  4.84595901e-01  0.00000000e+00  4.99944449e-01  0.00000000e+00  4.99999929e-01  0.00000000e+00  5.00000000e-01 -9.64327467e-16  5.00000000e-01 
 1.14815362e-01 -9.64327467e-16  4.84248398e-01  0.00000000e+00  4.99941845e-01  0.00000000e+00  4.99999924e-01 -9.64327467e-16  5.00000000e-01 -9.64327467e-16  5.00000000e-01 
 1.16144861e-01 -9.64327467e-16  4.83893318e-01  0.00000000e+00  4.99939120e-01  0.00000000e+00  4.99999919e-01 -9.64327467e-16  5.00000000e-01  0.00000000e+00  5.00000000e-01 
 1.17489755e-01  0.00000000e+00  4.83530505e-01  0.00000000e+00  4.99936267e-01  0.00000000e+00  4.99999913e-01  0.00000000e+00  5.00000000e-01  0.00000000e+00  5.00000000e-01 
 1.18850223e-01  0.00000000e+00  4.83159804e-01  0.00000000e+00  4.99933282e-01  0.00000000e+00  4.99999907e-01  0.00000000e+00  5.00000000e-01  0.00000000e+00  5.00000000e-01 
 1.20226443e-01  0.00000000e+00  4.82781056e-01 -9.64327467e-16  4.99930156e-01  0.00000000e+00  4.99999900e-01  0.00000000e+00  5.00000000e-01  0.00000000e+00  5.00000000e-01 
 1.21618600e-01 -9.64327467e-16  4.82394100e-01  0.00000000e+00  4.99926885e-01  0.00000000e+00  4.99999893e-01 -9.64327467e-16  5.00000000e-01  0.00000000e+00  5.00000000e-01 
 1.23026877e-01  0.00000000e+00  4.81998773e-01  0.00000000e+00  4.99923461e-01  0.00000000e+00  4.99999885e-01 -9.64327467e-16  5.00000000e-01 -9.64327467e-16  5.00000000e-01 
 1.24451461e-01  0.00000000e+00  4.81594908e-01  0.00000000e+00  4.99919878e-01  0.00000000e+00  4.99999877e-01  0.00000000e+00  5.00000000e-01 -9.64327467e-16  5.00000000e-01 
 1.25892541e-01  0.00000000e+00  4.81182335e-01  0.00000000e+00  4.99916127e-01  0.00000000e+00  4.99999868e-01  0.00000000e+00  5.00000000e-01  0.00000000e+00  5.00000000e-01 
 1.27350308e-01  0.00000000e+00  4.80760884e-01  0.00000000e+00  4.99912201e-01  0.00000000e+00  4.99999859e-01  0.00000000e+00  5.00000000e-01  0.00000000e+00  5.00000000e-01 
 1.28824955e-01  0.00000000e+00  4.80330380e-01  0.00000000e+00  4.99908092e-01  0.00000000e+00  4.99999849e-01  0.00000000e+00  5.00000000e-01  0.00000000e+00  5.00000000e-01 
 1.30316678e-01  0.00000000e+00  4.79890645e-01  0.00000000e+00  4.99903792e-01 -9.64327467e-16  4.99999838e-01  0.00000000e+00  5.00000000e-01  0.00000000e+00  5.00000000e-01 
 1.31825674e-01  0.00000000e+00  4.79441501e-01  0.00000000e+00  4.99899291e-01  0.00000000e+00  4.99999826e-01  0.00000000e+00  5.00000000e-01  0.00000000e+00  5.00000000e-01 
 1.33352143e-01  0.00000000e+00  4.78982764e-01 -9.64327467e-16  4.99894580e-01  0.00000000e+00  4.99999814e-01  0.00000000e+00  5.00000000e-01  0.00000000e+00  5.00000000e-01 
 1.34896288e-01  0.00000000e+00  4.78514250e-01 -9.64327467e-16  4.99889650e-01  0.00000000e+00  4.99999801e-01  0.00000000e+00  5.00000000e-01  0.00000000e+00  5.00000000e-01 
 1.36458314e-01  0.00000000e+00  4.78035771e-01  0.00000000e+00  4.99884490e-01  0.00000000e+00  4.99999786e-01  0.00000000e+00  5.00000000e-01  0.00000000e+00  5.00000000e-01 
 1.38038426e-01  0.00000000e+00  4.77547136e-01  0.00000000e+00  4.99879090e-01  0.00000000e+00  4.99999771e-01  0.00000000e+00  5.00000000e-01  0.00000000e+00  5.00000000e-01 
 1.39636836e-01  0.00000000e+00  4.77048153e-01  0.00000000e+00  4.99873439e-01  0.00000000e+00  4.99999755e-01  0.00000000e+00  5.00000000e-01  0.00000000e+00  5.00000000e-01 
 1.41253754e-01  0.00000000e+00  4.76538626e-01  0.00000000e+00  4.99867525e-01  0.00000000e+00  4.99999737e-01  0.00000000e+00  5.00000000e-01  0.00000000e+00  5.00000000e-01 
 1.42889396e-01  0.00000000e+00  4.76018356e-01 -9.64327467e-16  4.99861335e-01 -9.64327467e-16  4.99999719e-01  0.00000000e+00  5.00000000e-01 -9.64327467e-16  5.00000000e-01 
 1.44543977e-01 -9.64327467e-16  4.75487142e-01 -9.64327467e-16  4.99854858e-01  0.00000000e+00  4.99999698e-01  0.00000000e+00  5.00000000e-01  0.00000000e+00  5.00000000e-01 
 1.46217717e-01  0.00000000e+00  4.74944780e-01  0.00000000e+00  4.99848079e-01  0.00000000e+00  4.99999677e-01  0.00000000e+00  5.00000000e-01  0.00000000e+00  5.00000000e-01 
 1.47910839e-01  0.00000000e+00  4.74391065e-01 -9.64327467e-16  4.99840986e-01 -9.64327467e-16  4.99999654e-01  0.00000000e+00  5.00000000e-01  0.00000000e+00  5.00000000e-01 
 1.49623566e-01  0.00000000e+00  4.73825788e-01  0.00000000e+00  4.99833563e-01  0.00000000e+00  4.99999629e-01  0.00000000e+00  5.00000000e-01  0.00000000e+00  5.00000000e-01 
 1.51356125e-01  0.00000000e+00  4.73248737e-01  0.00000000e+00  4.99825795e-01  0.00000000e+00  4.99999603e-01  0.00000000e+00  5.00000000e-01  0.00000000e+00  5.00000000e-01 
 1.53108746e-01  0.00000000e+00  4.72659697e-01  0.00000000e+00  4.99817666e-01  0.00000000e+00  4.99999575e-01  0.00000000e+00  4.99999999e-01  0.00000000e+00  5.00000000e-01 
 1.54881662e-01  0.00000000e+00  4.72058454e-01  0.00000000e+00  4.99809161e-01  0.00000000e+00  4.99999544e-01  0.00000000e+00  4.99999999e-01  0.00000000e+00  5.00000000e-01 
 1.56675107e-01  0.00000000e+00  4.71444787e-01  0.00000000e+00  4.99800260e-01  0.00000000e+00  4.99999512e-01 -9.64327467e-16  4.99999999e-01  0.00000000e+00  5.00000000e-01 
 1.58489319e-01  0.00000000e+00  4.70818477e-01  0.00000000e+00  4.99790947e-01  0.00000000e+00  4.99999477e-01  0.00000000e+00  4.99999999e-01  0.00000000e+00  5.00000000e-01 
 1.60324539e-01  0.00000000e+00  4.70179298e-01 -9.64327467e-16  4.99781202e-01  0.00000000e+00  4.99999440e-01  0.00000000e+00  4.99999999e-01  0.00000000e+00  5.00000000e-01 
 1.62181010e-01  0.00000000e+00  4.69527025e-01  0.00000000e+00  4.99771006e-01  0.00000000e+00  4.99999400e-01  0.00000000e+00  4.99999999e-01  0.00000000e+00  5.00000000e-01 
 1.64058977e-01  0.00000000e+00  4.68861430e-01  0.00000000e+00  4.99760337e-01  0.00000000e+00  4.99999357e-01  0.00000000e+00  4.99999999e-01  0.00000000e+00  5.00000000e-01 
 1.65958691e-01  0.00000000e+00  4.68182282e-01 -9.64327467e-16  4.99749174e-01  0.00000000e+00  4.99999312e-01  0.00000000e+00  4.99999999e-01  0.00000000e+00  5.00000000e-01 
 1.67880402e-01  0.00000000e+00  4.67489349e-01  0.00000000e+00  4.99737495e-01  0.00000000e+00  4.99999263e-01  0.00000000e+00  4.99999999e-01  0.00000000e+00  5.00000000e-01 
 1.69824365e-01 -9.64327467e-16  4.66782395e-01 -9.64327467e-16  4.99725275e-01  0.00000000e+00  4.99999210e-01  0.00000000e+00  4.99999999e-01 -9.64327467e-16  5.00000000e-01 
 1.71790839e-01  0.00000000e+00  4.66061186e-01  0.00000000e+00  4.99712490e-01  0.00000000e+00  4.99999154e-01  0.00000000e+00  4.99999999e-01  0.00000000e+00  5.00000000e-01 
 1.73780083e-01 -9.64327467e-16  4.65325480e-01  0.00000000e+00  4.99699115e-01  0.00000000e+00  4.99999094e-01  0.00000000e+00  4.99999999e-01  0.00000000e+00  5.00000000e-01 
 1.75792361e-01 -9.64327467e-16  4.64575039e-01  0.00000000e+00  4.99685121e-01  0.00000000e+00  4.99999029e-01  0.00000000e+00  4.99999998e-01  0.00000000e+00  5.00000000e-01 
 1.77827941e-01  0.00000000e+00  4.63809620e-01  0.00000000e+00  4.99670481e-01  0.00000000e+00  4.99998960e-01  0.00000000e+00  4.99999998e-01  0.00000000e+00  5.00000000e-01 
 1.79887092e-01  0.00000000e+00  4.63028979e-01  0.00000000e+00  4.99655166e-01  0.00000000e+00  4.99998886e-01  0.00000000e+00  4.99999998e-01  0.00000000e+00  5.00000000e-01 
 1.81970086e-01  0.00000000e+00  4.62232871e-01  0.00000000e+00  4.99639144e-01  0.00000000e+00  4.99998807e-01  0.00000000e+00  4.99999998e-01  0.00000000e+00  5.00000000e-01 
 1.84077200e-01  0.00000000e+00  4.61421048e-01 -9.64327467e-16  4.99622383e-01  0.00000000e+00  4.99998722e-01  0.00000000e+00  4.99999998e-01  0.00000000e+00  5.00000000e-01 
 1.86208714e-01  0.00000000e+00  4.60593263e-01 -9.64327467e-16  4.99604850e-01  0.00000000e+00  4.99998631e-01 -9.64327467e-16  4.99999998e-01  0.00000000e+00  5.00000000e-01 
 1.88364909e-01 -9.64327467e-16  4.59749266e-01  0.00000000e+00  4.99586510e-01  0.00000000e+00  4.99998534e-01  0.00000000e+00  4.99999997e-01  0.00000000e+00  5.00000000e-01 
 1.90546072e-01  0.00000000e+00  4.58888806e-01  0.00000000e+00  4.99567325e-01  0.00000000e+00  4.99998430e-01  0.00000000e+00  4.99999997e-01  0.00000000e+00  5.00000000e-01 
 1.92752491e-01 -9.64327467e-16  4.58011631e-01  0.00000000e+00  4.99547258e-01  0.00000000e+00  4.99998318e-01  0.00000000e+00  4.99999997e-01  0.00000000e+00  5.00000000e-01 
 1.94984460e-01  0.00000000e+00  4.57117490e-01 -9.64327467e-16  4.99526268e-01  0.00000000e+00  4.99998199e-01  0.00000000e+00  4.99999997e-01  0.00000000e+00  5.00000000e-01 
 1.97242274e-01  0.00000000e+00  4.56206129e-01  0.00000000e+00  4.99504314e-01  0.00000000e+00  4.99998071e-01  0.00000000e+00  4.99999996e-01  0.00000000e+00  5.00000000e-01 
 1.99526231e-01  0.00000000e+00  4.55277294e-01  0.00000000e+00  4.99481351e-01  0.00000000e+00  4.99997934e-01  0.00000000e+00  4.99999996e-01  0.00000000e+00  5.00000000e-01 
 2.01836636e-01 -9.64327467e-16  4.54330732e-01  0.00000000e+00  4.99457335e-01  0.00000000e+00  4.99997787e-01  0.00000000e+00  4.99999995e-01  0.00000000e+00  5.00000000e-01 
 2.04173794e-01  0.00000000e+00  4.53366189e-01  0.00000000e+00  4.99432218e-01  0.00000000e+00  4.99997630e-01  0.00000000e+00  4.99999995e-01  0.00000000e+00  5.00000000e-01 
 2.06538016e-01 -9.64327467e-16  4.52383409e-01  0.00000000e+00  4.99405949e-01  0.00000000e+00  4.99997461e-01  0.00000000e+00  4.99999995e-01  0.00000000e+00  5.00000000e-01 
 2.08929613e-01 -9.64327467e-16  4.51382139e-01  0.00000000e+00  4.99378477e-01  0.00000000e+00  4.99997281e-01  0.00000000e+00  4.99999994e-01  0.00000000e+00  5.00000000e-01 
 2.11348904e-01  0.00000000e+00  4.50362125e-01  0.00000000e+00  4.99349748e-01  0.00000000e+00  4.99997088e-01  0.00000000e+00  4.99999993e-01  0.00000000e+00  5.00000000e-01 
 2.13796209e-01  0.00000000e+00  4.49323114e-01  0.00000000e+00  4.99319706e-01  0.00000000e+00  4.99996881e-01  0.00000000e+00  4.99999993e-01  0.00000000e+00  5.00000000e-01 
 2.16271852e-01  0.00000000e+00  4.48264853e-01  0.00000000e+00  4.99288290e-01  0.00000000e+00  4.99996660e-01 -9.64327467e-16  4.99999992e-01  0.00000000e+00  5.00000000e-01 
 2.18776162e-01  0.00000000e+00  4.47187091e-01  0.00000000e+00  4.99255440e-01  0.00000000e+00  4.99996423e-01  0.00000000e+00  4.99999991e-01  0.00000000e+00  5.00000000e-01 
 2.21309471e-01  0.00000000e+00  4.46089577e-01  0.00000000e+00  4.99221091e-01  0.00000000e+00  4.99996170e-01  0.00000000e+00  4.99999990e-01  0.00000000e+00  5.00000000e-01 
 2.23872114e-01  0.00000000e+00  4.44972062e-01  0.00000000e+00  4.99185176e-01  0.00000000e+00  4.99995898e-01  0.00000000e+00  4.99999990e-01  0.00000000e+00  5.00000000e-01 
 2.26464431e-01  0.00000000e+00  4.43834299e-01  0.00000000e+00  4.99147625e-01  0.00000000e+00  4.99995607e-01  0.00000000e+00  4.99999989e-01  0.00000000e+00  5.00000000e-01 
 2.29086765e-01  0.00000000e+00  4.42676043e-01  0.00000000e+00  4.99108365e-01 -9.64327467e-16  4.99995296e-01 -9.64327467e-16  4.99999987e-01  0.00000000e+00  5.00000000e-01 
 2.31739465e-01  0.00000000e+00  4.41497050e-01  0.00000000e+00  4.99067320e-01  0.00000000e+00  4.99994962e-01 -9.64327467e-16  4.99999986e-01  0.00000000e+00  5.00000000e-01 
 2.34422882e-01  0.00000000e+00  4.40297079e-01  0.00000000e+00  4.99024410e-01  0.00000000e+00  4.99994605e-01  0.00000000e+00  4.99999985e-01  0.00000000e+00  5.00000000e-01 
 2.37137371e-01  0.00000000e+00  4.39075892e-01  0.00000000e+00  4.98979552e-01  0.00000000e+00  4.99994223e-01  0.00000000e+00  4.99999984e-01  0.00000000e+00  5.00000000e-01 
 2.39883292e-01  0.00000000e+00  4.37833253e-01 -9.64327467e-16  4.98932659e-01  0.00000000e+00  4.99993814e-01  0.00000000e+00  4.99999982e-01 -9.64327467e-16  5.00000000e-01 
 2.42661010e-01  0.00000000e+00  4.36568931e-01  0.00000000e+00  4.98883643e-01 -9.64327467e-16  4.99993376e-01 -9.64327467e-16  4.99999980e-01  0.00000000e+00  5.00000000e-01 
 2.45470892e-01  0.00000000e+00  4.35282697e-01  0.00000000e+00  4.98832407e-01 -9.64327467e-16  4.99992907e-01 -9.64327467e-16  4.99999978e-01 -9.64327467e-16  5.00000000e-01 
 2.48313311e-01  0.00000000e+00  4.33974326e-01  0.00000000e+00  4.98778855e-01  0.00000000e+00  4.99992405e-01  0.00000000e+00  4.99999976e-01  0.00000000e+00  5.00000000e-01 
 2.51188643e-01  0.00000000e+00  4.32643598e-01  0.00000000e+00  4.98722884e-01  0.00000000e+00  4.99991868e-01  0.00000000e+00  4.99999974e-01  0.00000000e+00  5.00000000e-01 
 2.54097271e-01  0.00000000e+00  4.31290296e-01 -9.64327467e-16  4.98664388e-01  0.00000000e+00  4.99991293e-01  0.00000000e+00  4.99999971e-01  0.00000000e+00  5.00000000e-01 
 2.57039578e-01  0.00000000e+00  4.29914209e-01  0.00000000e+00  4.98603255e-01  0.00000000e+00  4.99990677e-01  0.00000000e+00  4.99999969e-01  0.00000000e+00  5.00000000e-01 
 2.60015956e-01  0.00000000e+00  4.28515130e-01  0.00000000e+00  4.98539370e-01  0.00000000e+00  4.99990018e-01  0.00000000e+00  4.99999966e-01 -9.64327467e-16  5.00000000e-01 
 2.63026799e-01  0.00000000e+00  4.27092860e-01  0.00000000e+00  4.98472613e-01  0.00000000e+00  4.99989313e-01  0.00000000e+00  4.99999962e-01  0.00000000e+00  5.00000000e-01 
 2.66072506e-01  0.00000000e+00  4.25647203e-01  0.00000000e+00  4.98402857e-01  0.00000000e+00  4.99988557e-01  0.00000000e+00  4.99999959e-01  0.00000000e+00  5.00000000e-01 
 2.69153480e-01  0.00000000e+00  4.24177969e-01  0.00000000e+00  4.98329971e-01  0.00000000e+00  4.99987749e-01  0.00000000e+00  4.99999955e-01  0.00000000e+00  5.00000000e-01 
 2.72270131e-01  0.00000000e+00  4.22684978e-01  0.00000000e+00  4.98253821e-01 -9.64327467e-16  4.99986884e-01  0.00000000e+00  4.99999950e-01  0.00000000e+00  5.00000000e-01 
 2.75422870e-01  0.00000000e+00  4.21168052e-01  0.00000000e+00  4.98174263e-01  0.00000000e+00  4.99985958e-01  0.00000000e+00  4.99999946e-01  0.00000000e+00  5.00000000e-01 
 2.78612117e-01  0.00000000e+00  4.19627023e-01  0.00000000e+00  4.98091150e-01  0.00000000e+00  4.99984967e-01  0.00000000e+00  4.99999941e-01  0.00000000e+00  5.00000000e-01 
 2.81838293e-01  0.00000000e+00  4.18061732e-01  0.00000000e+00  4.98004328e-01  0.00000000e+00  4.99983907e-01 -9.64327467e-16  4.99999935e-01  0.00000000e+00  5.00000000e-01 
 2.85101827e-01  0.00000000e+00  4.16472025e-01  0.00000000e+00  4.97913636e-01  0.00000000e+00  4.99982772e-01  0.00000000e+00  4.99999929e-01  0.00000000e+00  5.00000000e-01 
 2.88403150e-01  0.00000000e+00  4.14857757e-01  0.00000000e+00  4.97818910e-01  0.00000000e+00  4.99981557e-01  0.00000000e+00  4.99999922e-01  0.00000000e+00  5.00000000e-01 
 2.91742701e-01  0.00000000e+00  4.13218793e-01  0.00000000e+00  4.97719974e-01  0.00000000e+00  4.99980257e-01  0.00000000e+00  4.99999914e-01  0.00000000e+00  5.00000000e-01 
 2.95120923e-01  0.00000000e+00  4.11555007e-01  0.00000000e+00  4.97616649e-01  0.00000000e+00  4.99978866e-01  0.00000000e+00  4.99999906e-01  0.00000000e+00  5.00000000e-01 
 2.98538262e-01  0.00000000e+00  4.09866280e-01  0.00000000e+00  4.97508747e-01  0.00000000e+00  4.99977378e-01  0.00000000e+00  4.99999897e-01  0.00000000e+00  5.00000000e-01 
 3.01995172e-01  0.00000000e+00  4.08152506e-01  0.00000000e+00  4.97396073e-01  0.00000000e+00  4.99975785e-01  0.00000000e+00  4.99999887e-01  0.00000000e+00  5.00000000e-01 
 3.05492111e-01  0.00000000e+00  4.06413588e-01  0.00000000e+00  4.97278424e-01  0.00000000e+00  4.99974081e-01  0.00000000e+00  4.99999876e-01  0.00000000e+00  5.00000000e-01 
 3.09029543e-01 -9.64327467e-16  4.04649440e-01  0.00000000e+00  4.97155589e-01  0.00000000e+00  4.99972258e-01  0.00000000e+00  4.99999865e-01  0.00000000e+00  5.00000000e-01 
 3.12607937e-01  0.00000000e+00  4.02859986e-01 -9.64327467e-16  4.97027349e-01  0.00000000e+00  4.99970307e-01  0.00000000e+00  4.99999852e-01  0.00000000e+00  5.00000000e-01 
 3.16227766e-01  0.00000000e+00  4.01045162e-01  0.00000000e+00  4.96893476e-01  0.00000000e+00  4.99968219e-01 -9.64327467e-16  4.99999838e-01  0.00000000e+00  5.00000000e-01 
 3.19889511e-01  0.00000000e+00  3.99204916e-01  0.00000000e+00  4.96753734e-01  0.00000000e+00  4.99965986e-01  0.00000000e+00  4.99999822e-01 -9.64327467e-16  4.99999999e-01 
 3.23593657e-01 -9.64327467e-16  3.97339209e-01 -9.64327467e-16  4.96607877e-01  0.00000000e+00  4.99963597e-01 -9.64327467e-16  4.99999805e-01  0.00000000e+00  4.99999999e-01 
 3.27340695e-01  0.00000000e+00  3.95448013e-01 -9.64327467e-16  4.96455649e-01  0.00000000e+00  4.99961042e-01  0.00000000e+00  4.99999786e-01  0.00000000e+00  4.99999999e-01 
 3.31131121e-01  0.00000000e+00  3.93531314e-01  0.00000000e+00  4.96296786e-01  0.00000000e+00  4.99958308e-01  0.00000000e+00  4.99999766e-01  0.00000000e+00  4.99999999e-01 
 3.34965439e-01  0.00000000e+00  3.91589111e-01  0.00000000e+00  4.96131012e-01 -9.64327467e-16  4.99955383e-01  0.00000000e+00  4.99999744e-01  0.00000000e+00  4.99999999e-01 
 3.38844156e-01  0.00000000e+00  3.89621416e-01  0.00000000e+00  4.95958043e-01  0.00000000e+00  4.99952255e-01 -9.64327467e-16  4.99999719e-01 -9.64327467e-16  4.99999999e-01 
 3.42767787e-01  0.00000000e+00  3.87628256e-01 -9.64327467e-16  4.95777581e-01  0.00000000e+00  4.99948910e-01  0.00000000e+00  4.99999692e-01  0.00000000e+00  4.99999999e-01 
 3.46736850e-01  0.00000000e+00  3.85609673e-01 -9.64327467e-16  4.95589321e-01  0.00000000e+00  4.99945331e-01  0.00000000e+00  4.99999663e-01  0.00000000e+00  4.99999999e-01 
 3.50751874e-01  0.00000000e+00  3.83565721e-01  0.00000000e+00  4.95392942e-01 -9.64327467e-16  4.99941504e-01  0.00000000e+00  4.99999631e-01  0.00000000e+00  4.99999999e-01 
 3.54813389e-01  0.00000000e+00  3.81496473e-01 -9.64327467e-16  4.95188117e-01  0.00000000e+00  4.99937411e-01 -9.64327467e-16  4.99999596e-01  0.00000000e+00  4.99999998e-01 
 3.58921935e-01  0.00000000e+00  3.79402013e-01  0.00000000e+00  4.94974502e-01  0.00000000e+00  4.99933034e-01  0.00000000e+00  4.99999557e-01  0.00000000e+00  4.99999998e-01 
 3.63078055e-01  0.00000000e+00  3.77282443e-01  0.00000000e+00  4.94751742e-01  0.00000000e+00  4.99928353e-01  0.00000000e+00  4.99999515e-01  0.00000000e+00  4.99999998e-01 
 3.67282300e-01  0.00000000e+00  3.75137882e-01  0.00000000e+00  4.94519472e-01  0.00000000e+00  4.99923348e-01  0.00000000e+00  4.99999469e-01  0.00000000e+00  4.99999998e-01 
 3.71535229e-01  0.00000000e+00  3.72968463e-01  0.00000000e+00  4.94277312e-01  0.00000000e+00  4.99917997e-01  0.00000000e+00  4.99999418e-01  0.00000000e+00  4.99999998e-01 
 3.75837404e-01  0.00000000e+00  3.70774336e-01 -9.64327467e-16  4.94024867e-01  0.00000000e+00  4.99912275e-01  0.00000000e+00  4.99999363e-01  0.00000000e+00  4.99999997e-01 
 3.80189396e-01  0.00000000e+00  3.68555669e-01  0.00000000e+00  4.93761731e-01 -9.64327467e-16  4.99906158e-01 -9.64327467e-16  4.99999302e-01 -9.64327467e-16  4.99999997e-01 
 3.84591782e-01 -9.64327467e-16  3.66312645e-01  0.00000000e+00  4.93487484e-01  0.00000000e+00  4.99899618e-01 -9.64327467e-16  4.99999236e-01  0.00000000e+00  4.99999997e-01 
 3.89045145e-01  0.00000000e+00  3.64045465e-01 -9.64327467e-16  4.93201690e-01  0.00000000e+00  4.99892626e-01 -9.64327467e-16  4.99999163e-01  0.00000000e+00  4.99999996e-01 
 3.93550075e-01  0.00000000e+00  3.61754348e-01  0.00000000e+00  4.92903901e-01  0.00000000e+00  4.99885153e-01  0.00000000e+00  4.99999083e-01  0.00000000e+00  4.99999996e-01 
 3.98107171e-01  0.00000000e+00  3.59439530e-01  0.00000000e+00  4.92593651e-01  0.00000000e+00  4.99877164e-01  0.00000000e+00  4.99998996e-01  0.00000000e+00  4.99999995e-01 
 4.02717034e-01  0.00000000e+00  3.57101263e-01 -9.64327467e-16  4.92270461e-01  0.00000000e+00  4.99868626e-01  0.00000000e+00  4.99998901e-01  0.00000000e+00  4.99999994e-01 
 4.07380278e-01  0.00000000e+00  3.54739818e-01  0.00000000e+00  4.91933836e-01  0.00000000e+00  4.99859501e-01  0.00000000e+00  4.99998796e-01  0.00000000e+00  4.99999994e-01 
 4.12097519e-01  0.00000000e+00  3.52355486e-01 -9.64327467e-16  4.91583265e-01  0.00000000e+00  4.99849748e-01 -9.64327467e-16  4.99998682e-01  0.00000000e+00  4.99999993e-01 
 4.16869383e-01 -9.64327467e-16  3.49948572e-01  0.00000000e+00  4.91218222e-01  0.00000000e+00  4.99839327e-01  0.00000000e+00  4.99998557e-01 -9.64327467e-16  4.99999992e-01 
 4.21696503e-01  0.00000000e+00  3.47519401e-01  0.00000000e+00  4.90838164e-01 -9.64327467e-16  4.99828191e-01 -9.64327467e-16  4.99998420e-01  0.00000000e+00  4.99999991e-01 
 4.26579519e-01 -9.64327467e-16  3.45068316e-01  0.00000000e+00  4.90442532e-01  0.00000000e+00  4.99816292e-01 -9.64327467e-16  4.99998270e-01  0.00000000e+00  4.99999990e-01 
 4.31519077e-01  0.00000000e+00  3.42595676e-01  0.00000000e+00  4.90030749e-01  0.00000000e+00  4.99803579e-01 -9.64327467e-16  4.99998106e-01  0.00000000e+00  4.99999989e-01 
 4.36515832e-01  0.00000000e+00  3.40101862e-01  0.00000000e+00  4.89602222e-01  0.00000000e+00  4.99789997e-01  0.00000000e+00  4.99997927e-01  0.00000000e+00  4.99999988e-01 
 4.41570447e-01  0.00000000e+00  3.37587269e-01  0.00000000e+00  4.89156343e-01  0.00000000e+00  4.99775489e-01 -9.64327467e-16  4.99997730e-01  0.00000000e+00  4.99999986e-01 
 4.46683592e-01  0.00000000e+00  3.35052310e-01 -9.64327467e-16  4.88692482e-01  0.00000000e+00  4.99759991e-01 -9.64327467e-16  4.99997515e-01 -9.64327467e-16  4.99999985e-01 
 4.51855944e-01  0.00000000e+00  3.32497418e-01 -9.64327467e-16  4.88209997e-01  0.00000000e+00  4.99743438e-01  0.00000000e+00  4.99997280e-01  0.00000000e+00  4.99999983e-01 
 4.57088190e-01  0.00000000e+00  3.29923041e-01  0.00000000e+00  4.87708226e-01  0.00000000e+00  4.99725759e-01 -9.64327467e-16  4.99997023e-01  0.00000000e+00  4.99999981e-01 
 4.62381021e-01  0.00000000e+00  3.27329647e-01  0.00000000e+00  4.87186489e-01  0.00000000e+00  4.99706879e-01  0.00000000e+00  4.99996741e-01  0.00000000e+00  4.99999978e-01 
 4.67735141e-01  0.00000000e+00  3.24717717e-01  0.00000000e+00  4.86644089e-01  0.00000000e+00  4.99686718e-01  0.00000000e+00  4.99996433e-01  0.00000000e+00  4.99999976e-01 
 4.73151259e-01  0.00000000e+00  3.22087754e-01  0.00000000e+00  4.86080314e-01  0.00000000e+00  4.99665192e-01  0.00000000e+00  4.99996096e-01  0.00000000e+00  4.99999973e-01 
 4.78630092e-01 -9.64327467e-16  3.19440272e-01 -9.64327467e-16  4.85494431e-01  0.00000000e+00  4.99642210e-01  0.00000000e+00  4.99995727e-01 -9.64327467e-16  4.99999970e-01 
 4.84172368e-01  0.00000000e+00  3.16775806e-01 -9.64327467e-16  4.84885692e-01  0.00000000e+00  4.99617675e-01  0.00000000e+00  4.99995324e-01  0.00000000e+00  4.99999966e-01 
 4.89778819e-01  0.00000000e+00  3.14094904e-01  0.00000000e+00  4.84253332e-01  0.00000000e+00  4.99591485e-01 -9.64327467e-16  4.99994883e-01  0.00000000e+00  4.99999962e-01 
 4.95450191e-01  0.00000000e+00  3.11398131e-01 -9.64327467e-16  4.83596569e-01 -9.64327467e-16  4.99563531e-01 -9.64327467e-16  4.99994401e-01  0.00000000e+00  4.99999957e-01 
 5.01187234e-01  0.00000000e+00  3.08686067e-01  0.00000000e+00  4.82914603e-01 -9.64327467e-16  4.99533697e-01  0.00000000e+00  4.99993873e-01 -9.64327467e-16  4.99999952e-01 
 5.06990708e-01  0.00000000e+00  3.05959305e-01 -9.64327467e-16  4.82206620e-01  0.00000000e+00  4.99501861e-01  0.00000000e+00  4.99993296e-01  0.00000000e+00  4.99999946e-01 
 5.12861384e-01 -9.64327467e-16  3.03218455e-01 -9.64327467e-16  4.81471788e-01  0.00000000e+00  4.99467890e-01 -9.64327467e-16  4.99992665e-01  0.00000000e+00  4.99999940e-01 
 5.18800039e-01  0.00000000e+00  3.00464140e-01  0.00000000e+00  4.80709262e-01  0.00000000e+00  4.99431646e-01  0.00000000e+00  4.99991975e-01  0.00000000e+00  4.99999933e-01 
 5.24807460e-01  0.00000000e+00  2.97696994e-01  0.00000000e+00  4.79918181e-01  0.00000000e+00  4.99392980e-01  0.00000000e+00  4.99991221e-01  0.00000000e+00  4.99999925e-01 
 5.30884444e-01  0.00000000e+00  2.94917667e-01  0.00000000e+00  4.79097669e-01  0.00000000e+00  4.99351737e-01  0.00000000e+00  4.99990396e-01 -9.64327467e-16  4.99999916e-01 
 5.37031796e-01  0.00000000e+00  2.92126819e-01  0.00000000e+00  4.78246839e-01  0.00000000e+00  4.99307748e-01  0.00000000e+00  4.99989494e-01 -9.64327467e-16  4.99999905e-01 
 5.43250331e-01  0.00000000e+00  2.89325123e-01 -9.64327467e-16  4.77364788e-01  0.00000000e+00  4.99260837e-01  0.00000000e+00  4.99988508e-01  0.00000000e+00  4.99999894e-01 
 5.49540874e-01  0.00000000e+00  2.86513263e-01  0.00000000e+00  4.76450604e-01  0.00000000e+00  4.99210815e-01  0.00000000e+00  4.99987431e-01  0.00000000e+00  4.99999881e-01 
 5.55904257e-01  0.00000000e+00  2.83691931e-01 -9.64327467e-16  4.75503362e-01  0.00000000e+00  4.99157484e-01  0.00000000e+00  4.99986253e-01  0.00000000e+00  4.99999867e-01 
 5.62341325e-01 -9.64327467e-16  2.80861832e-01 -9.64327467e-16  4.74522129e-01  0.00000000e+00  4.99100630e-01  0.00000000e+00  4.99984966e-01 -9.64327467e-16  4.99999851e-01 
 5.68852931e-01  0.00000000e+00  2.78023678e-01 -9.64327467e-16  4.73505962e-01  0.00000000e+00  4.99040030e-01 -9.64327467e-16  4.99983559e-01  0.00000000e+00  4.99999834e-01 
 5.75439937e-01  0.00000000e+00  2.75178190e-01 -9.64327467e-16  4.72453911e-01 -9.64327467e-16  4.98975445e-01  0.00000000e+00  4.99982022e-01  0.00000000e+00  4.99999814e-01 
 5.82103218e-01 -9.64327467e-16  2.72326097e-01  0.00000000e+00  4.71365020e-01 -9.64327467e-16  4.98906624e-01 -9.64327467e-16  4.99980343e-01 -9.64327467e-16  4.99999791e-01 
 5.88843655e-01  0.00000000e+00  2.69468133e-01  0.00000000e+00  4.70238328e-01 -9.64327467e-16  4.98833297e-01 -9.64327467e-16  4.99978508e-01  0.00000000e+00  4.99999766e-01 
 5.95662144e-01  0.00000000e+00  2.66605041e-01  0.00000000e+00  4.69072870e-01  0.00000000e+00  4.98755183e-01  0.00000000e+00  4.99976503e-01  0.00000000e+00  4.99999738e-01 
 6.02559586e-01  0.00000000e+00  2.63737568e-01  0.00000000e+00  4.67867681e-01  0.00000000e+00  4.98671981e-01  0.00000000e+00  4.99974313e-01  0.00000000e+00  4.99999707e-01 
 6.09536897e-01  0.00000000e+00  2.60866464e-01  0.00000000e+00  4.66621796e-01  0.00000000e+00  4.98583373e-01  0.00000000e+00  4.99971922e-01  0.00000000e+00  4.99999672e-01 
 6.16595002e-01  0.00000000e+00  2.57992486e-01 -9.64327467e-16  4.65334251e-01  0.00000000e+00  4.98489024e-01  0.00000000e+00  4.99969309e-01  0.00000000e+00  4.99999633e-01 
 6.23734835e-01  0.00000000e+00  2.55116392e-01  0.00000000e+00  4.64004086e-01  0.00000000e+00  4.98388576e-01  0.00000000e+00  4.99966456e-01  0.00000000e+00  4.99999589e-01 
 6.30957344e-01  0.00000000e+00  2.52238942e-01  0.00000000e+00  4.62630349e-01  0.00000000e+00  4.98281656e-01  0.00000000e+00  4.99963341e-01  0.00000000e+00  4.99999540e-01 
 6.38263486e-01  0.00000000e+00  2.49360899e-01  0.00000000e+00  4.61212094e-01 -9.64327467e-16  4.98167865e-01 -9.64327467e-16  4.99959940e-01 -9.64327467e-16  4.99999486e-01 
 6.45654229e-01  0.00000000e+00  2.46483026e-01  0.00000000e+00  4.59748388e-01  0.00000000e+00  4.98046782e-01  0.00000000e+00  4.99956226e-01  0.00000000e+00  4.99999424e-01 
 6.53130553e-01  0.00000000e+00  2.43606084e-01 -9.64327467e-16  4.58238309e-01  0.00000000e+00  4.97917966e-01  0.00000000e+00  4.99952173e-01  0.00000000e+00  4.99999356e-01 
 6.60693448e-01 -9.64327467e-16  2.40730836e-01  0.00000000e+00  4.56680951e-01  0.00000000e+00  4.97780947e-01  0.00000000e+00  4.99947748e-01  0.00000000e+00  4.99999279e-01 
 6.68343918e-01  0.00000000e+00  2.37858041e-01 -9.64327467e-16  4.55075427e-01 -9.64327467e-16  4.97635232e-01  0.00000000e+00  4.99942919e-01  0.00000000e+00  4.99999194e-01 
 6.76082975e-01  0.00000000e+00  2.34988457e-01  0.00000000e+00  4.53420870e-01 -9.64327467e-16  4.97480299e-01  0.00000000e+00  4.99937650e-01  0.00000000e+00  4.99999098e-01 
 6.83911647e-01  0.00000000e+00  2.32122837e-01 -9.64327467e-16  4.51716437e-01  0.00000000e+00  4.97315600e-01  0.00000000e+00  4.99931900e-01 -9.64327467e-16  4.99998991e-01 
 6.91830971e-01 -9.64327467e-16  2.29261931e-01  0.00000000e+00  4.49961310e-01  0.00000000e+00  4.97140555e-01 -9.64327467e-16  4.99925627e-01  0.00000000e+00  4.99998871e-01 
 6.99841996e-01 -9.64327467e-16  2.26406483e-01  0.00000000e+00  4.48154702e-01  0.00000000e+00  4.96954557e-01  0.00000000e+00  4.99918785e-01  0.00000000e+00  4.99998738e-01 
 7.07945784e-01 -9.64327467e-16  2.23557233e-01 -9.64327467e-16  4.46295858e-01  0.00000000e+00  4.96756962e-01 -9.64327467e-16  4.99911321e-01 -9.64327467e-16  4.99998588e-01 
 7.16143410e-01  0.00000000e+00  2.20714912e-01 -9.64327467e-16  4.44384058e-01 -9.64327467e-16  4.96547098e-01  0.00000000e+00  4.99903181e-01  0.00000000e+00  4.99998421e-01 
 7.24435960e-01  0.00000000e+00  2.17880247e-01  0.00000000e+00  4.42418620e-01  0.00000000e+00  4.96324254e-01  0.00000000e+00  4.99894306e-01  0.00000000e+00  4.99998234e-01 
 7.32824533e-01 -9.64327467e-16  2.15053954e-01  0.00000000e+00  4.40398905e-01  0.00000000e+00  4.96087686e-01  0.00000000e+00  4.99884629e-01  0.00000000e+00  4.99998025e-01 
 7.41310241e-01  0.00000000e+00  2.12236743e-01  0.00000000e+00  4.38324318e-01  0.00000000e+00  4.95836613e-01 -9.64327467e-16  4.99874080e-01  0.00000000e+00  4.99997792e-01 
 7.49894209e-01  0.00000000e+00  2.09429311e-01  0.00000000e+00  4.36194311e-01  0.00000000e+00  4.95570213e-01  0.00000000e+00  4.99862582e-01  0.00000000e+00  4.99997532e-01 
 7.58577575e-01  0.00000000e+00  2.06632350e-01 -9.64327467e-16  4.34008388e-01  0.00000000e+00  4.95287626e-01  0.00000000e+00  4.99850051e-01  0.00000000e+00  4.99997241e-01 
 7.67361489e-01  0.00000000e+00  2.03846536e-01  0.00000000e+00  4.31766107e-01 -9.64327467e-16  4.94987951e-01  0.00000000e+00  4.99836397e-01  0.00000000e+00  4.99996916e-01 
 7.76247117e-01  0.00000000e+00  2.01072538e-01  0.00000000e+00  4.29467083e-01  0.00000000e+00  4.94670245e-01  0.00000000e+00  4.99821522e-01  0.00000000e+00  4.99996553e-01 
 7.85235635e-01  0.00000000e+00  1.98311011e-01 -9.64327467e-16  4.27110991e-01 -9.64327467e-16  4.94333520e-01  0.00000000e+00  4.99805318e-01 -9.64327467e-16  4.99996147e-01 
 7.94328235e-01 -9.64327467e-16  1.95562598e-01  0.00000000e+00  4.24697570e-01  0.00000000e+00  4.93976745e-01  0.00000000e+00  4.99787670e-01  0.00000000e+00  4.99995695e-01 
 8.03526122e-01 -9.64327467e-16  1.92827929e-01  0.00000000e+00  4.22226626e-01 -9.64327467e-16  4.93598842e-01  0.00000000e+00  4.99768454e-01  0.00000000e+00  4.99995189e-01 
 8.12830516e-01  0.00000000e+00  1.90107620e-01 -9.64327467e-16  4.19698031e-01  0.00000000e+00  4.93198687e-01  0.00000000e+00  4.99747532e-01 -9.64327467e-16  4.99994625e-01 
 8.22242650e-01  0.00000000e+00  1.87402274e-01  0.00000000e+00  4.17111730e-01  0.00000000e+00  4.92775108e-01 -9.64327467e-16  4.99724758e-01  0.00000000e+00  4.99993996e-01 
 8.31763771e-01  0.00000000e+00  1.84712479e-01  0.00000000e+00  4.14467744e-01  0.00000000e+00  4.92326885e-01  0.00000000e+00  4.99699972e-01 -9.64327467e-16  4.99993293e-01 
 8.41395142e-01  0.00000000e+00  1.82038808e-01  0.00000000e+00  4.11766169e-01  0.00000000e+00  4.91852748e-01  0.00000000e+00  4.99673002e-01 -9.64327467e-16  4.99992509e-01 
 8.51138038e-01  0.00000000e+00  1.79381818e-01 -9.64327467e-16  4.09007178e-01  0.00000000e+00  4.91351376e-01  0.00000000e+00  4.99643661e-01 -9.64327467e-16  4.99991634e-01 
 8.60993752e-01 -9.64327467e-16  1.76742052e-01  0.00000000e+00  4.06191026e-01  0.00000000e+00  4.90821401e-01  0.00000000e+00  4.99611747e-01  0.00000000e+00  4.99990658e-01 
 8.70963590e-01  0.00000000e+00  1.74120034e-01 -9.64327467e-16  4.03318053e-01  0.00000000e+00  4.90261401e-01  0.00000000e+00  4.99577042e-01  0.00000000e+00  4.99989569e-01 
 8.81048873e-01  0.00000000e+00  1.71516276e-01  0.00000000e+00  4.00388679e-01  0.00000000e+00  4.89669904e-01  0.00000000e+00  4.99539310e-01  0.00000000e+00  4.99988354e-01 
 8.91250938e-01  0.00000000e+00  1.68931268e-01  0.00000000e+00  3.97403411e-01  0.00000000e+00  4.89045389e-01  0.00000000e+00  4.99498295e-01  0.00000000e+00  4.99987000e-01 
 9.01571138e-01 -9.64327467e-16  1.66365489e-01  0.00000000e+00  3.94362842e-01  0.00000000e+00  4.88386283e-01  0.00000000e+00  4.99453722e-01  0.00000000e+00  4.99985491e-01 
 9.12010839e-01 -9.64327467e-16  1.63819395e-01  0.00000000e+00  3.91267655e-01  0.00000000e+00  4.87690963e-01 -9.64327467e-16  4.99405294e-01  0.00000000e+00  4.99983808e-01 
 9.22571427e-01  0.00000000e+00  1.61293428e-01  0.00000000e+00  3.88118615e-01 -9.64327467e-16  4.86957758e-01  0.00000000e+00  4.99352690e-01  0.00000000e+00  4.99981932e-01 
 9.33254301e-01  0.00000000e+00  1.58788013e-01 -9.64327467e-16  3.84916580e-01  0.00000000e+00  4.86184950e-01 -9.64327467e-16  4.99295564e-01  0.00000000e+00  4.99979841e-01 
 9.44060876e-01 -9.64327467e-16  1.56303555e-01  0.00000000e+00  3.81662494e-01 -9.64327467e-16  4.85370772e-01  0.00000000e+00  4.99233543e-01  0.00000000e+00  4.99977512e-01 
 9.54992586e-01  0.00000000e+00  1.53840443e-01  0.00000000e+00  3.78357388e-01 -9.64327467e-16  4.84513415e-01  0.00000000e+00  4.99166225e-01  0.00000000e+00  4.99974917e-01 
 9.66050879e-01  0.00000000e+00  1.51399047e-01 -9.64327467e-16  3.75002379e-01  0.00000000e+00  4.83611027e-01 -9.64327467e-16  4.99093177e-01  0.00000000e+00  4.99972026e-01 
 9.77237221e-01  0.00000000e+00  1.48979719e-01  0.00000000e+00  3.71598672e-01  0.00000000e+00  4.82661716e-01  0.00000000e+00  4.99013934e-01  0.00000000e+00  4.99968807e-01 
 9.88553095e-01  0.00000000e+00  1.46582795e-01  0.00000000e+00  3.68147553e-01  0.00000000e+00  4.81663552e-01 -9.64327467e-16  4.98927995e-01  0.00000000e+00  4.99965223e-01 
 1.00000000e+00  0.00000000e+00  1.44208590e-01 -9.64327467e-16  3.64650394e-01  0.00000000e+00  4.80614574e-01  0.00000000e+00  4.98834821e-01  0.00000000e+00  4.99961234e-01 
 1.01157945e+00  0.00000000e+00  1.41857405e-01 -9.64327467e-16  3.61108645e-01  0.00000000e+00  4.79512789e-01 -9.64327467e-16  4.98733834e-01  0.00000000e+00  4.99956793e-01 
 1.02329299e+00  0.00000000e+00  1.39529519e-01  0.00000000e+00  3.57523834e-01  0.00000000e+00  4.78356180e-01  0.00000000e+00  4.98624413e-01  0.00000000e+00  4.99951852e-01 
 1.03514217e+00  0.00000000e+00  1.37225196e-01  0.00000000e+00  3.53897566e-01  0.00000000e+00  4.77142708e-01 -9.64327467e-16  4.98505892e-01  0.00000000e+00  4.99946354e-01 
 1.04712855e+00  0.00000000e+00  1.34944682e-01  0.00000000e+00  3.50231517e-01  0.00000000e+00  4.75870321e-01  0.00000000e+00  4.98377557e-01  0.00000000e+00  4.99940240e-01 
 1.05925373e+00  0.00000000e+00  1.32688204e-01  0.00000000e+00  3.46527433e-01  0.00000000e+00  4.74536956e-01  0.00000000e+00  4.98238643e-01  0.00000000e+00  4.99933440e-01 
 1.07151931e+00 -9.64327467e-16  1.30455974e-01 -9.64327467e-16  3.42787125e-01  0.00000000e+00  4.73140546e-01  0.00000000e+00  4.98088331e-01 -9.64327467e-16  4.99925879e-01 
 1.08392691e+00  0.00000000e+00  1.28248183e-01  0.00000000e+00  3.39012468e-01  0.00000000e+00  4.71679029e-01  0.00000000e+00  4.97925744e-01  0.00000000e+00  4.99917475e-01 
 1.09647820e+00  0.00000000e+00  1.26065010e-01  0.00000000e+00  3.35205392e-01  0.00000000e+00  4.70150352e-01  0.00000000e+00  4.97749947e-01  0.00000000e+00  4.99908136e-01 
 1.10917482e+00  0.00000000e+00  1.23906613e-01  0.00000000e+00  3.31367881e-01  0.00000000e+00  4.68552484e-01  0.00000000e+00  4.97559940e-01  0.00000000e+00  4.99897761e-01 
 1.12201845e+00  0.00000000e+00  1.21773136e-01  0.00000000e+00  3.27501971e-01  0.00000000e+00  4.66883416e-01  0.00000000e+00  4.97354656e-01  0.00000000e+00  4.99886236e-01 
 1.13501082e+00  0.00000000e+00  1.19664704e-01  0.00000000e+00  3.23609738e-01 -9.64327467e-16  4.65141180e-01  0.00000000e+00  4.97132960e-01  0.00000000e+00  4.99873438e-01 
 1.14815362e+00  0.00000000e+00  1.17581429e-01  0.00000000e+00  3.19693301e-01  0.00000000e+00  4.63323849e-01  0.00000000e+00  4.96893639e-01  0.00000000e+00  4.99859230e-01 
 1.16144861e+00  0.00000000e+00  1.15523405e-01  0.00000000e+00  3.15754811e-01  0.00000000e+00  4.61429552e-01  0.00000000e+00  4.96635407e-01  0.00000000e+00  4.99843462e-01 
 1.17489755e+00  0.00000000e+00  1.13490712e-01  0.00000000e+00  3.11796452e-01  0.00000000e+00  4.59456482e-01  0.00000000e+00  4.96356896e-01  0.00000000e+00  4.99825966e-01 
 1.18850223e+00  0.00000000e+00  1.11483414e-01 -9.64327467e-16  3.07820428e-01  0.00000000e+00  4.57402906e-01 -9.64327467e-16  4.96056654e-01  0.00000000e+00  4.99806559e-01 
 1.20226443e+00  0.00000000e+00  1.09501559e-01  0.00000000e+00  3.03828965e-01  0.00000000e+00  4.55267179e-01  0.00000000e+00  4.95733142e-01  0.00000000e+00  4.99785040e-01 
 1.21618600e+00  0.00000000e+00  1.07545183e-01  0.00000000e+00  2.99824303e-01  0.00000000e+00  4.53047748e-01  0.00000000e+00  4.95384729e-01 -9.64327467e-16  4.99761184e-01 
 1.23026877e+00  0.00000000e+00  1.05614306e-01  0.00000000e+00  2.95808690e-01  0.00000000e+00  4.50743171e-01  0.00000000e+00  4.95009693e-01  0.00000000e+00  4.99734746e-01 
 1.24451461e+00  0.00000000e+00  1.03708934e-01  0.00000000e+00  2.91784375e-01  0.00000000e+00  4.48352122e-01  0.00000000e+00  4.94606214e-01  0.00000000e+00  4.99705458e-01 
 1.25892541e+00  0.00000000e+00  1.01829061e-01  0.00000000e+00  2.87753610e-01  0.00000000e+00  4.45873403e-01  0.00000000e+00  4.94172371e-01  0.00000000e+00  4.99673022e-01 
 1.27350308e+00  0.00000000e+00  9.99746655e-02  0.00000000e+00  2.83718636e-01  0.00000000e+00  4.43305957e-01  0.00000000e+00  4.93706145e-01  0.00000000e+00  4.99637112e-01 
 1.28824955e+00  0.00000000e+00  9.81457157e-02  0.00000000e+00  2.79681684e-01  0.00000000e+00  4.40648878e-01  0.00000000e+00  4.93205411e-01  0.00000000e+00  4.99597370e-01 
 1.30316678e+00  0.00000000e+00  9.63421659e-02  0.00000000e+00  2.75644967e-01  0.00000000e+00  4.37901420e-01  0.00000000e+00  4.92667940e-01 -9.64327467e-16  4.99553404e-01 
 1.31825674e+00  0.00000000e+00  9.45639589e-02  0.00000000e+00  2.71610678e-01  0.00000000e+00  4.35063006e-01  0.00000000e+00  4.92091393e-01  0.00000000e+00  4.99504783e-01 
 1.33352143e+00  0.00000000e+00  9.28110257e-02  0.00000000e+00  2.67580981e-01  0.00000000e+00  4.32133242e-01  0.00000000e+00  4.91473330e-01  0.00000000e+00  4.99451035e-01 
 1.34896288e+00  0.00000000e+00  9.10832859e-02  0.00000000e+00  2.63558012e-01  0.00000000e+00  4.29111923e-01  0.00000000e+00  4.90811197e-01 -9.64327467e-16  4.99391643e-01 
 1.36458314e+00 -9.64327467e-16  8.93806485e-02 -9.64327467e-16  2.59543871e-01  0.00000000e+00  4.25999038e-01  0.00000000e+00  4.90102339e-01 -9.64327467e-16  4.99326042e-01 
 1.38038426e+00  0.00000000e+00  8.77030119e-02  0.00000000e+00  2.55540619e-01 -9.64327467e-16  4.22794783e-01  0.00000000e+00  4.89343994e-01  0.00000000e+00  4.99253612e-01 
 1.39636836e+00  0.00000000e+00  8.60502645e-02  0.00000000e+00  2.51550274e-01  0.00000000e+00  4.19499565e-01  0.00000000e+00  4.88533295e-01 -9.64327467e-16  4.99173680e-01 
 1.41253754e+00  0.00000000e+00  8.44222847e-02  0.00000000e+00  2.47574808e-01  0.00000000e+00  4.16114007e-01 -9.64327467e-16  4.87667280e-01  0.00000000e+00  4.99085506e-01 
 1.42889396e+00 -9.64327467e-16  8.28189418e-02  0.00000000e+00  2.43616143e-01 -9.64327467e-16  4.12638951e-01  0.00000000e+00  4.86742888e-01  0.00000000e+00  4.98988289e-01 
 1.44543977e+00  0.00000000e+00  8.12400963e-02  0.00000000e+00  2.39676148e-01 -9.64327467e-16  4.09075466e-01  0.00000000e+00  4.85756970e-01  0.00000000e+00  4.98881150e-01 
 1.46217717e+00 -9.64327467e-16  7.96855998e-02  0.00000000e+00  2.35756638e-01  0.00000000e+00  4.05424845e-01  0.00000000e+00  4.84706295e-01  0.00000000e+00  4.98763138e-01 
 1.47910839e+00  0.00000000e+00  7.81552961e-02  0.00000000e+00  2.31859368e-01  0.00000000e+00  4.01688606e-01  0.00000000e+00  4.83587555e-01  0.00000000e+00  4.98633215e-01 
 1.49623566e+00  0.00000000e+00  7.66490209e-02  0.00000000e+00  2.27986034e-01 -9.64327467e-16  3.97868495e-01  0.00000000e+00  4.82397377e-01 -9.64327467e-16  4.98490256e-01 
 1.51356125e+00  0.00000000e+00  7.51666026e-02  0.00000000e+00  2.24138268e-01  0.00000000e+00  3.93966481e-01 -9.64327467e-16  4.81132334e-01  0.00000000e+00  4.98333039e-01 
 1.53108746e+00 -9.64327467e-16  7.37078625e-02 -9.64327467e-16  2.20317641e-01  0.00000000e+00  3.89984753e-01  0.00000000e+00  4.79788954e-01 -9.64327467e-16  4.98160241e-01 
 1.54881662e+00  0.00000000e+00  7.22726153e-02  0.00000000e+00  2.16525654e-01  0.00000000e+00  3.85925715e-01  0.00000000e+00  4.78363738e-01  0.00000000e+00  4.97970429e-01 
 1.56675107e+00  0.00000000e+00  7.08606694e-02  0.00000000e+00  2.12763746e-01 -9.64327467e-16  3.81791980e-01  0.00000000e+00  4.76853172e-01 -9.64327467e-16  4.97762054e-01 
 1.58489319e+00  0.00000000e+00  6.94718271e-02 -9.64327467e-16  2.09033283e-01 -9.64327467e-16  3.77586364e-01  0.00000000e+00  4.75253744e-01  0.00000000e+00  4.97533446e-01 
 1.60324539e+00 -9.64327467e-16  6.81058850e-02  0.00000000e+00  2.05335568e-01  0.00000000e+00  3.73311874e-01  0.00000000e+00  4.73561965e-01  0.00000000e+00  4.97282803e-01 
 1.62181010e+00  0.00000000e+00  6.67626346e-02  0.00000000e+00  2.01671831e-01 -9.64327467e-16  3.68971699e-01 -9.64327467e-16  4.71774386e-01  0.00000000e+00  4.97008185e-01 
 1.64058977e+00  0.00000000e+00  6.54418624e-02  0.00000000e+00  1.98043235e-01  0.00000000e+00  3.64569203e-01  0.00000000e+00  4.69887619e-01  0.00000000e+00  4.96707509e-01 
 1.65958691e+00  0.00000000e+00  6.41433501e-02  0.00000000e+00  1.94450871e-01  0.00000000e+00  3.60107904e-01  0.00000000e+00  4.67898363e-01  0.00000000e+00  4.96378540e-01 
 1.67880402e+00  0.00000000e+00  6.28668754e-02  0.00000000e+00  1.90895765e-01  0.00000000e+00  3.55591470e-01  0.00000000e+00  4.65803422e-01 -9.64327467e-16  4.96018883e-01 
 1.69824365e+00  0.00000000e+00  6.16122117e-02  0.00000000e+00  1.87378872e-01  0.00000000e+00  3.51023697e-01  0.00000000e+00  4.63599736e-01  0.00000000e+00  4.95625978e-01 
 1.71790839e+00  0.00000000e+00  6.03791288e-02  0.00000000e+00  1.83901078e-01  0.00000000e+00  3.46408500e-01  0.00000000e+00  4.61284402e-01  0.00000000e+00  4.95197096e-01 
 1.73780083e+00  0.00000000e+00  5.91673933e-02 -9.64327467e-16  1.80463203e-01  0.00000000e+00  3.41749894e-01  0.00000000e+00  4.58854703e-01  0.00000000e+00  4.94729328e-01 
 1.75792361e+00  0.00000000e+00  5.79767684e-02  0.00000000e+00  1.77066002e-01  0.00000000e+00  3.37051979e-01  0.00000000e+00  4.56308132e-01 -9.64327467e-16  4.94219584e-01 
 1.77827941e+00  0.00000000e+00  5.68070146e-02  0.00000000e+00  1.73710161e-01  0.00000000e+00  3.32318925e-01  0.00000000e+00  4.53642421e-01  0.00000000e+00  4.93664589e-01 
 1.79887092e+00  0.00000000e+00  5.56578900e-02  0.00000000e+00  1.70396304e-01  0.00000000e+00  3.27554951e-01 -9.64327467e-16  4.50855567e-01  0.00000000e+00  4.93060879e-01 
 1.81970086e+00  0.00000000e+00  5.45291501e-02 -9.64327467e-16  1.67124994e-01  0.00000000e+00  3.22764316e-01  0.00000000e+00  4.47945857e-01  0.00000000e+00  4.92404800e-01 
 1.84077200e+00  0.00000000e+00  5.34205486e-02  0.00000000e+00  1.63896729e-01  0.00000000e+00  3.17951295e-01 -9.64327467e-16  4.44911893e-01  0.00000000e+00  4.91692507e-01 
 1.86208714e+00  0.00000000e+00  5.23318375e-02  0.00000000e+00  1.60711949e-01  0.00000000e+00  3.13120167e-01  0.00000000e+00  4.41752619e-01  0.00000000e+00  4.90919968e-01 
 1.88364909e+00  0.00000000e+00  5.12627671e-02 -9.64327467e-16  1.57571037e-01  0.00000000e+00  3.08275198e-01  0.00000000e+00  4.38467339e-01  0.00000000e+00  4.90082964e-01 
 1.90546072e+00  0.00000000e+00  5.02130864e-02  0.00000000e+00  1.54474317e-01  0.00000000e+00  3.03420625e-01  0.00000000e+00  4.35055741e-01 -9.64327467e-16  4.89177099e-01 
 1.92752491e+00  0.00000000e+00  4.91825433e-02  0.00000000e+00  1.51422060e-01 -9.64327467e-16  2.98560642e-01 -9.64327467e-16  4.31517913e-01 -9.64327467e-16  4.88197804e-01 
 1.94984460e+00  0.00000000e+00  4.81708851e-02 -9.64327467e-16  1.48414484e-01  0.00000000e+00  2.93699384e-01  0.00000000e+00  4.27854357e-01  0.00000000e+00  4.87140353e-01 
 1.97242274e+00  0.00000000e+00  4.71778582e-02  0.00000000e+00  1.45451755e-01 -9.64327467e-16  2.88840917e-01  0.00000000e+00  4.24066005e-01  0.00000000e+00  4.85999871e-01 
 1.99526231e+00  0.00000000e+00  4.62032086e-02 -9.64327467e-16  1.42533992e-01  0.00000000e+00  2.83989222e-01  0.00000000e+00  4.20154227e-01 -9.64327467e-16  4.84771355e-01 
 2.01836636e+00 -9.64327467e-16  4.52466822e-02  0.00000000e+00  1.39661265e-01  0.00000000e+00  2.79148184e-01  0.00000000e+00  4.16120835e-01  0.00000000e+00  4.83449693e-01 
 2.04173794e+00  0.00000000e+00  4.43080246e-02  0.00000000e+00  1.36833599e-01  0.00000000e+00  2.74321581e-01 -9.64327467e-16  4.11968085e-01  0.00000000e+00  4.82029689e-01 
 2.06538016e+00 -9.64327467e-16  4.33869816e-02  0.00000000e+00  1.34050977e-01  0.00000000e+00  2.69513078e-01 -9.64327467e-16  4.07698679e-01  0.00000000e+00  4.80506086e-01 
 2.08929613e+00 -9.64327467e-16  4.24832994e-02  0.00000000e+00  1.31313341e-01  0.00000000e+00  2.64726211e-01  0.00000000e+00  4.03315753e-01  0.00000000e+00  4.78873602e-01 
 2.11348904e+00  0.00000000e+00  4.15967246e-02 -9.64327467e-16  1.28620591e-01  0.00000000e+00  2.59964387e-01  0.00000000e+00  3.98822872e-01  0.00000000e+00  4.77126962e-01 
 2.13796209e+00  0.00000000e+00  4.07270043e-02  0.00000000e+00  1.25972594e-01  0.00000000e+00  2.55230869e-01  0.00000000e+00  3.94224016e-01 -9.64327467e-16  4.75260935e-01 
 2.16271852e+00  0.00000000e+00  3.98738865e-02  0.00000000e+00  1.23369178e-01  0.00000000e+00  2.50528780e-01 -9.64327467e-16  3.89523560e-01 -9.64327467e-16  4.73270379e-01 
 2.18776162e+00  0.00000000e+00  3.90371200e-02 -9.64327467e-16  1.20810139e-01  0.00000000e+00  2.45861089e-01  0.00000000e+00  3.84726255e-01  0.00000000e+00  4.71150280e-01 
 2.21309471e+00  0.00000000e+00  3.82164547e-02 -9.64327467e-16  1.18295243e-01  0.00000000e+00  2.41230615e-01  0.00000000e+00  3.79837201e-01 -9.64327467e-16  4.68895804e-01 
 2.23872114e+00  0.00000000e+00  3.74116415e-02  0.00000000e+00  1.15824224e-01  0.00000000e+00  2.36640019e-01  0.00000000e+00  3.74861823e-01 -9.64327467e-16  4.66502346e-01 
 2.26464431e+00  0.00000000e+00  3.66224329e-02  0.00000000e+00  1.13396789e-01  0.00000000e+00  2.32091803e-01  0.00000000e+00  3.69805839e-01  0.00000000e+00  4.63965580e-01 
 2.29086765e+00  0.00000000e+00  3.58485824e-02  0.00000000e+00  1.11012620e-01  0.00000000e+00  2.27588312e-01  0.00000000e+00  3.64675225e-01 -9.64327467e-16  4.61281510e-01 
 2.31739465e+00  0.00000000e+00  3.50898453e-02  0.00000000e+00  1.08671372e-01  0.00000000e+00  2.23131732e-01  0.00000000e+00  3.59476183e-01 -9.64327467e-16  4.58446530e-01 
 2.34422882e+00  0.00000000e+00  3.43459785e-02  0.00000000e+00  1.06372681e-01  0.00000000e+00  2.18724091e-01  0.00000000e+00  3.54215105e-01  0.00000000e+00  4.55457470e-01 
 2.37137371e+00 -9.64327467e-16  3.36167405e-02  0.00000000e+00  1.04116158e-01 -9.64327467e-16  2.14367258e-01  0.00000000e+00  3.48898534e-01  0.00000000e+00  4.52311652e-01 
 2.39883292e+00  0.00000000e+00  3.29018915e-02 -9.64327467e-16  1.01901399e-01 -9.64327467e-16  2.10062950e-01  0.00000000e+00  3.43533125e-01 -9.64327467e-16  4.49006938e-01 
 2.42661010e+00  0.00000000e+00  3.22011939e-02  0.00000000e+00  9.97279785e-02  0.00000000e+00  2.05812730e-01 -9.64327467e-16  3.38125612e-01  0.00000000e+00  4.45541777e-01 
 2.45470892e+00  0.00000000e+00  3.15144118e-02  0.00000000e+00  9.75954560e-02 -9.64327467e-16  2.01618013e-01  0.00000000e+00  3.32682765e-01  0.00000000e+00  4.41915249e-01 
 2.48313311e+00  0.00000000e+00  3.08413115e-02 -9.64327467e-16  9.55033760e-02  0.00000000e+00  1.97480068e-01  0.00000000e+00  3.27211354e-01  0.00000000e+00  4.38127099e-01 
 2.51188643e+00 -9.64327467e-16  3.01816612e-02  0.00000000e+00  9.34512692e-02  0.00000000e+00  1.93400024e-01  0.00000000e+00  3.21718117e-01  0.00000000e+00  4.34177775e-01 
 2.54097271e+00  0.00000000e+00  2.95352316e-02  0.00000000e+00  9.14386542e-02  0.00000000e+00  1.89378872e-01 -9.64327467e-16  3.16209720e-01  0.00000000e+00  4.30068445e-01 
 2.57039578e+00  0.00000000e+00  2.89017953e-02  0.00000000e+00  8.94650384e-02 -9.64327467e-16  1.85417472e-01  0.00000000e+00  3.10692731e-01  0.00000000e+00  4.25801023e-01 
 2.60015956e+00  0.00000000e+00  2.82811274e-02  0.00000000e+00  8.75299195e-02 -9.64327467e-16  1.81516555e-01  0.00000000e+00  3.05173583e-01  0.00000000e+00  4.21378171e-01 
 2.63026799e+00  0.00000000e+00  2.76730054e-02  0.00000000e+00  8.56327866e-02 -9.64327467e-16  1.77676732e-01  0.00000000e+00  2.99658552e-01  0.00000000e+00  4.16803304e-01 
 2.66072506e+00  0.00000000e+00  2.70772089e-02 -9.64327467e-16  8.37731209e-02  0.00000000e+00  1.73898497e-01  0.00000000e+00  2.94153728e-01 -9.64327467e-16  4.12080583e-01 
 2.69153480e+00  0.00000000e+00  2.64935202e-02 -9.64327467e-16  8.19503976e-02  0.00000000e+00  1.70182233e-01  0.00000000e+00  2.88664994e-01  0.00000000e+00  4.07214892e-01 
 2.72270131e+00  0.00000000e+00  2.59217241e-02  0.00000000e+00  8.01640858e-02 -9.64327467e-16  1.66528216e-01  0.00000000e+00  2.83198004e-01  0.00000000e+00  4.02211821e-01 
 2.75422870e+00  0.00000000e+00  2.53616076e-02  0.00000000e+00  7.84136504e-02  0.00000000e+00  1.62936623e-01  0.00000000e+00  2.77758170e-01  0.00000000e+00  3.97077622e-01 
 2.78612117e+00  0.00000000e+00  2.48129606e-02  0.00000000e+00  7.66985525e-02  0.00000000e+00  1.59407537e-01 -9.64327467e-16  2.72350642e-01  0.00000000e+00  3.91819176e-01 
 2.81838293e+00 -9.64327467e-16  2.42755753e-02 -9.64327467e-16  7.50182505e-02  0.00000000e+00  1.55940950e-01  0.00000000e+00  2.66980302e-01  0.00000000e+00  3.86443936e-01 
 2.85101827e+00  0.00000000e+00  2.37492467e-02  0.00000000e+00  7.33722004e-02  0.00000000e+00  1.52536772e-01  0.00000000e+00  2.61651751e-01  0.00000000e+00  3.80959872e-01 
 2.88403150e+00  0.00000000e+00  2.32337721e-02  0.00000000e+00  7.17598574e-02  0.00000000e+00  1.49194834e-01 -9.64327467e-16  2.56369307e-01  0.00000000e+00  3.75375414e-01 
 2.91742701e+00  0.00000000e+00  2.27289519e-02  0.00000000e+00  7.01806756e-02 -9.64327467e-16  1.45914894e-01 -9.64327467e-16  2.51136994e-01  0.00000000e+00  3.69699379e-01 
 2.95120923e+00  0.00000000e+00  2.22345887e-02  0.00000000e+00  6.86341096e-02  0.00000000e+00  1.42696641e-01  0.00000000e+00  2.45958549e-01  0.00000000e+00  3.63940903e-01 
 2.98538262e+00  0.00000000e+00  2.17504880e-02  0.00000000e+00  6.71196144e-02  0.00000000e+00  1.39539702e-01  0.00000000e+00  2.40837416e-01  0.00000000e+00  3.58109373e-01 
 3.01995172e+00  0.00000000e+00  2.12764578e-02  0.00000000e+00  6.56366466e-02  0.00000000e+00  1.36443645e-01  0.00000000e+00  2.35776751e-01  0.00000000e+00  3.52214349e-01 
 3.05492111e+00  0.00000000e+00  2.08123091e-02  0.00000000e+00  6.41846643e-02  0.00000000e+00  1.33407985e-01  0.00000000e+00  2.30779426e-01 -9.64327467e-16  3.46265493e-01 
 3.09029543e+00  0.00000000e+00  2.03578551e-02  0.00000000e+00  6.27631281e-02  0.00000000e+00  1.30432188e-01  0.00000000e+00  2.25848035e-01  0.00000000e+00  3.40272499e-01 
 3.12607937e+00  0.00000000e+00  1.99129121e-02  0.00000000e+00  6.13715015e-02 -9.64327467e-16  1.27515674e-01  0.00000000e+00  2.20984901e-01  0.00000000e+00  3.34245024e-01 
 3.16227766e+00  0.00000000e+00  1.94772988e-02  0.00000000e+00  6.00092511e-02  0.00000000e+00  1.24657823e-01  0.00000000e+00  2.16192082e-01  0.00000000e+00  3.28192619e-01 
 3.19889511e+00  0.00000000e+00  1.90508368e-02  0.00000000e+00  5.86758472e-02 -9.64327467e-16  1.21857977e-01  0.00000000e+00  2.11471383e-01  0.00000000e+00  3.22124672e-01 
 3.23593657e+00  0.00000000e+00  1.86333502e-02  0.00000000e+00  5.73707640e-02  0.00000000e+00  1.19115447e-01  0.00000000e+00  2.06824367e-01  0.00000000e+00  3.16050351e-01 
 3.27340695e+00 -9.64327467e-16  1.82246657e-02  0.00000000e+00  5.60934802e-02  0.00000000e+00  1.16429512e-01 -9.64327467e-16  2.02252361e-01 -9.64327467e-16  3.09978547e-01 
 3.31131121e+00  0.00000000e+00  1.78246130e-02  0.00000000e+00  5.48434791e-02  0.00000000e+00  1.13799427e-01  0.00000000e+00  1.97756470e-01  0.00000000e+00  3.03917839e-01 
 3.34965439e+00  0.00000000e+00  1.74330241e-02  0.00000000e+00  5.36202492e-02 -9.64327467e-16  1.11224421e-01 -9.64327467e-16  1.93337591e-01 -9.64327467e-16  2.97876445e-01 
 3.38844156e+00  0.00000000e+00  1.70497337e-02  0.00000000e+00  5.24232838e-02 -9.64327467e-16  1.08703706e-01 -9.64327467e-16  1.88996419e-01 -9.64327467e-16  2.91862195e-01 
 3.42767787e+00  0.00000000e+00  1.66745793e-02  0.00000000e+00  5.12520820e-02 -9.64327467e-16  1.06236475e-01  0.00000000e+00  1.84733464e-01 -9.64327467e-16  2.85882499e-01 
 3.46736850e+00  0.00000000e+00  1.63074009e-02 -9.64327467e-16  5.01061484e-02  0.00000000e+00  1.03821905e-01  0.00000000e+00  1.80549058e-01  0.00000000e+00  2.79944330e-01 
 3.50751874e+00  0.00000000e+00  1.59480409e-02  0.00000000e+00  4.89849935e-02  0.00000000e+00  1.01459164e-01  0.00000000e+00  1.76443374e-01  0.00000000e+00  2.74054206e-01 
 3.54813389e+00  0.00000000e+00  1.55963447e-02  0.00000000e+00  4.78881339e-02  0.00000000e+00  9.91474081e-02  0.00000000e+00  1.72416427e-01  0.00000000e+00  2.68218184e-01 
 3.58921935e+00  0.00000000e+00  1.52521599e-02  0.00000000e+00  4.68150924e-02  0.00000000e+00  9.68857850e-02  0.00000000e+00  1.68468095e-01  0.00000000e+00  2.62441847e-01 
 3.63078055e+00  0.00000000e+00  1.49153367e-02 -9.64327467e-16  4.57653980e-02  0.00000000e+00  9.46734379e-02  0.00000000e+00  1.64598125e-01  0.00000000e+00  2.56730313e-01 
 3.67282300e+00 -9.64327467e-16  1.45857280e-02  0.00000000e+00  4.47385862e-02  0.00000000e+00  9.25095058e-02  0.00000000e+00  1.60806145e-01  0.00000000e+00  2.51088233e-01 
 3.71535229e+00  0.00000000e+00  1.42631889e-02  0.00000000e+00  4.37341990e-02  0.00000000e+00  9.03931252e-02  0.00000000e+00  1.57091673e-01  0.00000000e+00  2.45519799e-01 
 3.75837404e+00  0.00000000e+00  1.39475774e-02  0.00000000e+00  4.27517851e-02  0.00000000e+00  8.83234321e-02  0.00000000e+00  1.53454129e-01  0.00000000e+00  2.40028760e-01 
 3.80189396e+00  0.00000000e+00  1.36387534e-02  0.00000000e+00  4.17908999e-02  0.00000000e+00  8.62995635e-02  0.00000000e+00  1.49892841e-01  0.00000000e+00  2.34618429e-01 
 3.84591782e+00  0.00000000e+00  1.33365797e-02  0.00000000e+00  4.08511055e-02  0.00000000e+00  8.43206582e-02  0.00000000e+00  1.46407057e-01  0.00000000e+00  2.29291702e-01 
 3.89045145e+00 -9.64327467e-16  1.30409213e-02  0.00000000e+00  3.99319707e-02  0.00000000e+00  8.23858588e-02 -9.64327467e-16  1.42995954e-01  0.00000000e+00  2.24051077e-01 
 3.93550075e+00  0.00000000e+00  1.27516455e-02  0.00000000e+00  3.90330712e-02  0.00000000e+00  8.04943120e-02  0.00000000e+00  1.39658641e-01  0.00000000e+00  2.18898670e-01 
 3.98107171e+00  0.00000000e+00  1.24686222e-02  0.00000000e+00  3.81539897e-02  0.00000000e+00  7.86451705e-02 -9.64327467e-16  1.36394172e-01  0.00000000e+00  2.13836241e-01 
 4.02717034e+00 -9.64327467e-16  1.21917234e-02  0.00000000e+00  3.72943154e-02  0.00000000e+00  7.68375929e-02  0.00000000e+00  1.33201551e-01  0.00000000e+00  2.08865206e-01 
 4.07380278e+00 -9.64327467e-16  1.19208235e-02  0.00000000e+00  3.64536446e-02  0.00000000e+00  7.50707456e-02  0.00000000e+00  1.30079736e-01 -9.64327467e-16  2.03986668e-01 
 4.12097519e+00  0.00000000e+00  1.16557991e-02  0.00000000e+00  3.56315806e-02  0.00000000e+00  7.33438027e-02 -9.64327467e-16  1.27027650e-01  0.00000000e+00  1.99201433e-01 
 4.16869383e+00  0.00000000e+00  1.13965292e-02  0.00000000e+00  3.48277331e-02 -9.64327467e-16  7.16559473e-02  0.00000000e+00  1.24044183e-01  0.00000000e+00  1.94510033e-01 
 4.21696503e+00  0.00000000e+00  1.11428948e-02  0.00000000e+00  3.40417189e-02 -9.64327467e-16  7.00063714e-02  0.00000000e+00  1.21128197e-01  0.00000000e+00  1.89912745e-01 
 4.26579519e+00  0.00000000e+00  1.08947792e-02  0.00000000e+00  3.32731615e-02  0.00000000e+00  6.83942773e-02  0.00000000e+00  1.18278536e-01  0.00000000e+00  1.85409618e-01 
 4.31519077e+00 -9.64327467e-16  1.06520680e-02  0.00000000e+00  3.25216912e-02  0.00000000e+00  6.68188773e-02 -9.64327467e-16  1.15494023e-01  0.00000000e+00  1.81000483e-01 
 4.36515832e+00  0.00000000e+00  1.04146487e-02  0.00000000e+00  3.17869449e-02  0.00000000e+00  6.52793946e-02  0.00000000e+00  1.12773470e-01  0.00000000e+00  1.76684983e-01 
 4.41570447e+00  0.00000000e+00  1.01824110e-02  0.00000000e+00  3.10685663e-02  0.00000000e+00  6.37750634e-02  0.00000000e+00  1.10115678e-01 -9.64327467e-16  1.72462584e-01 
 4.46683592e+00  0.00000000e+00  9.95524662e-03  0.00000000e+00  3.03662055e-02  0.00000000e+00  6.23051293e-02  0.00000000e+00  1.07519445e-01  0.00000000e+00  1.68332594e-01 
 4.51855944e+00 -9.64327467e-16  9.73304949e-03  0.00000000e+00  2.96795192e-02  0.00000000e+00  6.08688496e-02 -9.64327467e-16  1.04983561e-01  0.00000000e+00  1.64294182e-01 
 4.57088190e+00  0.00000000e+00  9.51571538e-03  0.00000000e+00  2.90081707e-02  0.00000000e+00  5.94654933e-02  0.00000000e+00  1.02506822e-01  0.00000000e+00  1.60346393e-01 
 4.62381021e+00  0.00000000e+00  9.30314214e-03  0.00000000e+00  2.83518295e-02  0.00000000e+00  5.80943415e-02  0.00000000e+00  1.00088023e-01  0.00000000e+00  1.56488159e-01 
 4.67735141e+00  0.00000000e+00  9.09522954e-03  0.00000000e+00  2.77101717e-02  0.00000000e+00  5.67546876e-02  0.00000000e+00  9.77259647e-02 -9.64327467e-16  1.52718319e-01 
 4.73151259e+00  0.00000000e+00  8.89187928e-03 -9.64327467e-16  2.70828793e-02  0.00000000e+00  5.54458371e-02  0.00000000e+00  9.54194545e-02  0.00000000e+00  1.49035625e-01 
 4.78630092e+00  0.00000000e+00  8.69299499e-03  0.00000000e+00  2.64696410e-02  0.00000000e+00  5.41671078e-02  0.00000000e+00  9.31673094e-02  0.00000000e+00  1.45438759e-01 
 4.84172368e+00  0.00000000e+00  8.49848215e-03 -9.64327467e-16  2.58701511e-02 -9.64327467e-16  5.29178300e-02  0.00000000e+00  9.09683564e-02  0.00000000e+00  1.41926342e-01 
 4.89778819e+00  0.00000000e+00  8.30824807e-03  0.00000000e+00  2.52841103e-02  0.00000000e+00  5.16973463e-02 -9.64327467e-16  8.88214346e-02  0.00000000e+00  1.38496943e-01 
 4.95450191e+00  0.00000000e+00  8.12220190e-03 -9.64327467e-16  2.47112252e-02 -9.64327467e-16  5.05050118e-02  0.00000000e+00  8.67253964e-02  0.00000000e+00  1.35149089e-01 
 5.01187234e+00  0.00000000e+00  7.94025457e-03  0.00000000e+00  2.41512080e-02 -9.64327467e-16  4.93401938e-02  0.00000000e+00  8.46791086e-02 -9.64327467e-16  1.31881274e-01 
 5.06990708e+00  0.00000000e+00  7.76231875e-03 -9.64327467e-16  2.36037770e-02 -9.64327467e-16  4.82022720e-02  0.00000000e+00  8.26814532e-02  0.00000000e+00  1.28691966e-01 
 5.12861384e+00  0.00000000e+00  7.58830884e-03  0.00000000e+00  2.30686562e-02 -9.64327467e-16  4.70906384e-02  0.00000000e+00  8.07313287e-02  0.00000000e+00  1.25579613e-01 
 5.18800039e+00 -9.64327467e-16  7.41814097e-03  0.00000000e+00  2.25455751e-02  0.00000000e+00  4.60046969e-02  0.00000000e+00  7.88276502e-02  0.00000000e+00  1.22542652e-01 
 5.24807460e+00  0.00000000e+00  7.25173291e-03  0.00000000e+00  2.20342686e-02 -9.64327467e-16  4.49438638e-02  0.00000000e+00  7.69693505e-02  0.00000000e+00  1.19579509e-01 
 5.30884444e+00  0.00000000e+00  7.08900407e-03  0.00000000e+00  2.15344774e-02  0.00000000e+00  4.39075670e-02 -9.64327467e-16  7.51553805e-02  0.00000000e+00  1.16688612e-01 
 5.37031796e+00  0.00000000e+00  6.92987551e-03  0.00000000e+00  2.10459473e-02  0.00000000e+00  4.28952466e-02  0.00000000e+00  7.33847093e-02 -9.64327467e-16  1.13868387e-01 
 5.43250331e+00  0.00000000e+00  6.77426984e-03  0.00000000e+00  2.05684295e-02  0.00000000e+00  4.19063541e-02  0.00000000e+00  7.16563251e-02  0.00000000e+00  1.11117270e-01 
 5.49540874e+00  0.00000000e+00  6.62211126e-03  0.00000000e+00  2.01016802e-02  0.00000000e+00  4.09403526e-02 -9.64327467e-16  6.99692347e-02  0.00000000e+00  1.08433703e-01 
 5.55904257e+00 -9.64327467e-16  6.47332549e-03  0.00000000e+00  1.96454610e-02  0.00000000e+00  3.99967167e-02  0.00000000e+00  6.83224644e-02 -9.64327467e-16  1.05816142e-01 
 5.62341325e+00 -9.64327467e-16  6.32783976e-03  0.00000000e+00  1.91995382e-02  0.00000000e+00  3.90749323e-02  0.00000000e+00  6.67150596e-02  0.00000000e+00  1.03263059e-01 
 5.68852931e+00 -9.64327467e-16  6.18558278e-03  0.00000000e+00  1.87636833e-02  0.00000000e+00  3.81744962e-02  0.00000000e+00  6.51460850e-02  0.00000000e+00  1.00772943e-01 
 5.75439937e+00 -9.64327467e-16  6.04648472e-03 -9.64327467e-16  1.83376724e-02  0.00000000e+00  3.72949163e-02  0.00000000e+00  6.36146246e-02 -9.64327467e-16  9.83443021e-02 
 5.82103218e+00  0.00000000e+00  5.91047718e-03  0.00000000e+00  1.79212864e-02  0.00000000e+00  3.64357112e-02  0.00000000e+00  6.21197818e-02 -9.64327467e-16  9.59756669e-02 
 5.88843655e+00  0.00000000e+00  5.77749316e-03  0.00000000e+00  1.75143110e-02  0.00000000e+00  3.55964100e-02  0.00000000e+00  6.06606791e-02 -9.64327467e-16  9.36655900e-02 
 5.95662144e+00  0.00000000e+00  5.64746703e-03  0.00000000e+00  1.71165364e-02  0.00000000e+00  3.47765523e-02 -9.64327467e-16  5.92364581e-02  0.00000000e+00  9.14126484e-02 
 6.02559586e+00  0.00000000e+00  5.52033453e-03  0.00000000e+00  1.67277573e-02  0.00000000e+00  3.39756880e-02 -9.64327467e-16  5.78462792e-02  0.00000000e+00  8.92154442e-02 
 6.09536897e+00  0.00000000e+00  5.39603272e-03  0.00000000e+00  1.63477726e-02  0.00000000e+00  3.31933768e-02  0.00000000e+00  5.64893217e-02  0.00000000e+00  8.70726051e-02 
 6.16595002e+00 -9.64327467e-16  5.27449997e-03  0.00000000e+00  1.59763859e-02  0.00000000e+00  3.24291885e-02  0.00000000e+00  5.51647832e-02  0.00000000e+00  8.49827857e-02 
 6.23734835e+00  0.00000000e+00  5.15567591e-03  0.00000000e+00  1.56134048e-02 -9.64327467e-16  3.16827025e-02 -9.64327467e-16  5.38718798e-02  0.00000000e+00  8.29446674e-02 
 6.30957344e+00 -9.64327467e-16  5.03950145e-03  0.00000000e+00  1.52586411e-02 -9.64327467e-16  3.09535077e-02  0.00000000e+00  5.26098454e-02  0.00000000e+00  8.09569590e-02 
 6.38263486e+00  0.00000000e+00  4.92591872e-03  0.00000000e+00  1.49119107e-02  0.00000000e+00  3.02412023e-02  0.00000000e+00  5.13779319e-02  0.00000000e+00  7.90183968e-02 
 6.45654229e+00  0.00000000e+00  4.81487107e-03  0.00000000e+00  1.45730335e-02  0.00000000e+00  2.95453938e-02  0.00000000e+00  5.01754085e-02 -9.64327467e-16  7.71277450e-02 
 6.53130553e+00  0.00000000e+00  4.70630302e-03  0.00000000e+00  1.42418333e-02  0.00000000e+00  2.88656983e-02  0.00000000e+00  4.90015617e-02  0.00000000e+00  7.52837953e-02 
 6.60693448e+00  0.00000000e+00  4.60016027e-03  0.00000000e+00  1.39181377e-02  0.00000000e+00  2.82017411e-02  0.00000000e+00  4.78556951e-02 -9.64327467e-16  7.34853672e-02 
 6.68343918e+00  0.00000000e+00  4.49638966e-03  0.00000000e+00  1.36017783e-02  0.00000000e+00  2.75531558e-02 -9.64327467e-16  4.67371284e-02  0.00000000e+00  7.17313076e-02 
 6.76082975e+00  0.00000000e+00  4.39493914e-03  0.00000000e+00  1.32925900e-02  0.00000000e+00  2.69195845e-02  0.00000000e+00  4.56451982e-02  0.00000000e+00  7.00204907e-02 
 6.83911647e+00  0.00000000e+00  4.29575776e-03  0.00000000e+00  1.29904117e-02  0.00000000e+00  2.63006776e-02  0.00000000e+00  4.45792565e-02  0.00000000e+00  6.83518178e-02 
 6.91830971e+00  0.00000000e+00  4.19879567e-03  0.00000000e+00  1.26950855e-02  0.00000000e+00  2.56960936e-02  0.00000000e+00  4.35386715e-02  0.00000000e+00  6.67242168e-02 
 6.99841996e+00 -9.64327467e-16  4.10400404e-03  0.00000000e+00  1.24064574e-02  0.00000000e+00  2.51054988e-02  0.00000000e+00  4.25228264e-02  0.00000000e+00  6.51366422e-02 
 7.07945784e+00  0.00000000e+00  4.01133509e-03  0.00000000e+00  1.21243763e-02  0.00000000e+00  2.45285672e-02  0.00000000e+00  4.15311195e-02  0.00000000e+00  6.35880743e-02 
 7.16143410e+00 -9.64327467e-16  3.92074208e-03  0.00000000e+00  1.18486947e-02 -9.64327467e-16  2.39649804e-02  0.00000000e+00  4.05629638e-02 -9.64327467e-16  6.20775189e-02 
 7.24435960e+00  0.00000000e+00  3.83217924e-03  0.00000000e+00  1.15792685e-02  0.00000000e+00  2.34144276e-02  0.00000000e+00  3.96177867e-02  0.00000000e+00  6.06040071e-02 
 7.32824533e+00 -9.64327467e-16  3.74560177e-03  0.00000000e+00  1.13159565e-02  0.00000000e+00  2.28766050e-02  0.00000000e+00  3.86950297e-02  0.00000000e+00  5.91665945e-02 
 7.41310241e+00  0.00000000e+00  3.66096584e-03  0.00000000e+00  1.10586207e-02  0.00000000e+00  2.23512158e-02  0.00000000e+00  3.77941481e-02  0.00000000e+00  5.77643612e-02 
 7.49894209e+00  0.00000000e+00  3.57822856e-03  0.00000000e+00  1.08071264e-02 -9.64327467e-16  2.18379705e-02  0.00000000e+00  3.69146103e-02  0.00000000e+00  5.63964105e-02 
 7.58577575e+00  0.00000000e+00  3.49734796e-03  0.00000000e+00  1.05613415e-02  0.00000000e+00  2.13365859e-02  0.00000000e+00  3.60558983e-02  0.00000000e+00  5.50618694e-02 
 7.67361489e+00  0.00000000e+00  3.41828295e-03  0.00000000e+00  1.03211371e-02  0.00000000e+00  2.08467858e-02  0.00000000e+00  3.52175066e-02  0.00000000e+00  5.37598872e-02 
 7.76247117e+00  0.00000000e+00  3.34099334e-03 -9.64327467e-16  1.00863872e-02  0.00000000e+00  2.03683003e-02  0.00000000e+00  3.43989424e-02 -9.64327467e-16  5.24896357e-02 
 7.85235635e+00  0.00000000e+00  3.26543981e-03  0.00000000e+00  9.85696844e-03  0.00000000e+00  1.99008657e-02  0.00000000e+00  3.35997249e-02  0.00000000e+00  5.12503082e-02 
 7.94328235e+00 -9.64327467e-16  3.19158387e-03  0.00000000e+00  9.63276028e-03  0.00000000e+00  1.94442246e-02  0.00000000e+00  3.28193854e-02  0.00000000e+00  5.00411191e-02 
 8.03526122e+00 -9.64327467e-16  3.11938788e-03 -9.64327467e-16  9.41364489e-03  0.00000000e+00  1.89981257e-02  0.00000000e+00  3.20574669e-02  0.00000000e+00  4.88613037e-02 
 8.12830516e+00  0.00000000e+00  3.04881498e-03 -9.64327467e-16  9.19950706e-03  0.00000000e+00  1.85623235e-02  0.00000000e+00  3.13135235e-02  0.00000000e+00  4.77101171e-02 
 8.22242650e+00  0.00000000e+00  2.97982915e-03  0.00000000e+00  8.99023416e-03  0.00000000e+00  1.81365782e-02  0.00000000e+00  3.05871207e-02  0.00000000e+00  4.65868344e-02 
 8.31763771e+00  0.00000000e+00  2.91239512e-03 -9.64327467e-16  8.78571605e-03  0.00000000e+00  1.77206558e-02  0.00000000e+00  2.98778345e-02  0.00000000e+00  4.54907496e-02 
 8.41395142e+00 -9.64327467e-16  2.84647839e-03  0.00000000e+00  8.58584511e-03  0.00000000e+00  1.73143276e-02  0.00000000e+00  2.91852516e-02  0.00000000e+00  4.44211756e-02 
 8.51138038e+00 -9.64327467e-16  2.78204521e-03  0.00000000e+00  8.39051608e-03  0.00000000e+00  1.69173704e-02 -9.64327467e-16  2.85089690e-02  0.00000000e+00  4.33774432e-02 
 8.60993752e+00  0.00000000e+00  2.71906257e-03  0.00000000e+00  8.19962609e-03  0.00000000e+00  1.65295661e-02 -9.64327467e-16  2.78485936e-02  0.00000000e+00  4.23589011e-02 
 8.70963590e+00 -9.64327467e-16  2.65749817e-03  0.00000000e+00  8.01307457e-03  0.00000000e+00  1.61507019e-02 -9.64327467e-16  2.72037422e-02  0.00000000e+00  4.13649152e-02 
 8.81048873e+00  0.00000000e+00  2.59732042e-03  0.00000000e+00  7.83076320e-03  0.00000000e+00  1.57805699e-02  0.00000000e+00  2.65740411e-02  0.00000000e+00  4.03948681e-02 
 8.91250938e+00  0.00000000e+00  2.53849840e-03  0.00000000e+00  7.65259589e-03  0.00000000e+00  1.54189671e-02  0.00000000e+00  2.59591257e-02 -9.64327467e-16  3.94481589e-02 
 9.01571138e+00 -9.64327467e-16  2.48100189e-03  0.00000000e+00  7.47847869e-03  0.00000000e+00  1.50656953e-02  0.00000000e+00  2.53586407e-02  0.00000000e+00  3.85242023e-02 
 9.12010839e+00 -9.64327467e-16  2.42480132e-03 -9.64327467e-16  7.30831977e-03  0.00000000e+00  1.47205608e-02 -9.64327467e-16  2.47722395e-02  0.00000000e+00  3.76224289e-02 
 9.22571427e+00  0.00000000e+00  2.36986776e-03  0.00000000e+00  7.14202937e-03  0.00000000e+00  1.43833746e-02  0.00000000e+00  2.41995840e-02  0.00000000e+00  3.67422838e-02 
 9.33254301e+00  0.00000000e+00  2.31617292e-03 -9.64327467e-16  6.97951974e-03 -9.64327467e-16  1.40539521e-02  0.00000000e+00  2.36403447e-02  0.00000000e+00  3.58832273e-02 
 9.44060876e+00  0.00000000e+00  2.26368913e-03  0.00000000e+00  6.82070511e-03  0.00000000e+00  1.37321131e-02  0.00000000e+00  2.30942000e-02  0.00000000e+00  3.50447336e-02 
 9.54992586e+00  0.00000000e+00  2.21238931e-03  0.00000000e+00  6.66550166e-03  0.00000000e+00  1.34176815e-02  0.00000000e+00  2.25608366e-02  0.00000000e+00  3.42262906e-02 
 9.66050879e+00 -9.64327467e-16  2.16224700e-03  0.00000000e+00  6.51382745e-03  0.00000000e+00  1.31104855e-02 -9.64327467e-16  2.20399486e-02  0.00000000e+00  3.34274001e-02 
 9.77237221e+00  0.00000000e+00  2.11323631e-03  0.00000000e+00  6.36560236e-03  0.00000000e+00  1.28103571e-02  0.00000000e+00  2.15312379e-02 -9.64327467e-16  3.26475766e-02 
 9.88553095e+00  0.00000000e+00  2.06533191e-03  0.00000000e+00  6.22074813e-03  0.00000000e+00  1.25171324e-02  0.00000000e+00  2.10344135e-02  0.00000000e+00  3.18863476e-02 
 1.00000000e+01  0.00000000e+00  2.01770492e-03  0.00000000e+00  6.07674526e-03  0.00000000e+00  1.22256704e-02  0.00000000e+00  2.05406681e-02  0.00000000e+00  3.11300226e-02 
