 frequency       AmagdB          Aphdeg         
 1.00000000e+04  5.09268206e+01 -1.98634278e+00 
 1.02305973e+04  5.09265773e+01 -2.03210937e+00 
 1.04665121e+04  5.09263227e+01 -2.07892863e+00 
 1.07078670e+04  5.09260562e+01 -2.12682467e+00 
 1.09547876e+04  5.09257773e+01 -2.17582210e+00 
 1.12074020e+04  5.09254855e+01 -2.22594610e+00 
 1.14658417e+04  5.09251800e+01 -2.27722243e+00 
 1.17302409e+04  5.09248603e+01 -2.32967740e+00 
 1.20007371e+04  5.09245257e+01 -2.38333793e+00 
 1.22774708e+04  5.09241755e+01 -2.43823152e+00 
 1.25605860e+04  5.09238090e+01 -2.49438632e+00 
 1.28502297e+04  5.09234255e+01 -2.55183107e+00 
 1.31465525e+04  5.09230241e+01 -2.61059517e+00 
 1.34497085e+04  5.09226040e+01 -2.67070868e+00 
 1.37598551e+04  5.09221644e+01 -2.73220230e+00 
 1.40771537e+04  5.09217043e+01 -2.79510743e+00 
 1.44017690e+04  5.09212227e+01 -2.85945616e+00 
 1.47338699e+04  5.09207188e+01 -2.92528129e+00 
 1.50736290e+04  5.09201914e+01 -2.99261634e+00 
 1.54212228e+04  5.09196395e+01 -3.06149557e+00 
 1.57768320e+04  5.09190620e+01 -3.13195396e+00 
 1.61406415e+04  5.09184575e+01 -3.20402731e+00 
 1.65128404e+04  5.09178250e+01 -3.27775215e+00 
 1.68936220e+04  5.09171630e+01 -3.35316582e+00 
 1.72831844e+04  5.09164703e+01 -3.43030649e+00 
 1.76817299e+04  5.09157454e+01 -3.50921313e+00 
 1.80894658e+04  5.09149868e+01 -3.58992555e+00 
 1.85066040e+04  5.09141929e+01 -3.67248442e+00 
 1.89333613e+04  5.09133622e+01 -3.75693129e+00 
 1.93699595e+04  5.09124928e+01 -3.84330858e+00 
 1.98166255e+04  5.09115831e+01 -3.93165961e+00 
 2.02735916e+04  5.09106312e+01 -4.02202863e+00 
 2.07410951e+04  5.09096351e+01 -4.11446081e+00 
 2.12193792e+04  5.09085927e+01 -4.20900227e+00 
 2.17086923e+04  5.09075020e+01 -4.30570009e+00 
 2.22092889e+04  5.09063608e+01 -4.40460232e+00 
 2.27214291e+04  5.09051665e+01 -4.50575802e+00 
 2.32453791e+04  5.09039170e+01 -4.60921724e+00 
 2.37814113e+04  5.09026095e+01 -4.71503106e+00 
 2.43298042e+04  5.09012414e+01 -4.82325158e+00 
 2.48908429e+04  5.08998100e+01 -4.93393198e+00 
 2.54648190e+04  5.08983123e+01 -5.04712647e+00 
 2.60520309e+04  5.08967453e+01 -5.16289035e+00 
 2.66527837e+04  5.08951059e+01 -5.28128002e+00 
 2.72673897e+04  5.08933905e+01 -5.40235297e+00 
 2.78961683e+04  5.08915959e+01 -5.52616780e+00 
 2.85394464e+04  5.08897184e+01 -5.65278425e+00 
 2.91975583e+04  5.08877541e+01 -5.78226317e+00 
 2.98708461e+04  5.08856992e+01 -5.91466658e+00 
 3.05596598e+04  5.08835494e+01 -6.05005765e+00 
 3.12643573e+04  5.08813005e+01 -6.18850069e+00 
 3.19853049e+04  5.08789479e+01 -6.33006120e+00 
 3.27228774e+04  5.08764869e+01 -6.47480585e+00 
 3.34774581e+04  5.08739126e+01 -6.62280248e+00 
 3.42494392e+04  5.08712198e+01 -6.77412012e+00 
 3.50392221e+04  5.08684033e+01 -6.92882898e+00 
 3.58472171e+04  5.08654572e+01 -7.08700044e+00 
 3.66738442e+04  5.08623759e+01 -7.24870708e+00 
 3.75195331e+04  5.08591532e+01 -7.41402265e+00 
 3.83847234e+04  5.08557827e+01 -7.58302206e+00 
 3.92698648e+04  5.08522577e+01 -7.75578139e+00 
 4.01754173e+04  5.08485714e+01 -7.93237788e+00 
 4.11018515e+04  5.08447164e+01 -8.11288990e+00 
 4.20496491e+04  5.08406853e+01 -8.29739694e+00 
 4.30193027e+04  5.08364701e+01 -8.48597960e+00 
 4.40113162e+04  5.08320626e+01 -8.67871955e+00 
 4.50262052e+04  5.08274543e+01 -8.87569954e+00 
 4.60644974e+04  5.08226363e+01 -9.07700333e+00 
 4.71267322e+04  5.08175992e+01 -9.28271567e+00 
 4.82134619e+04  5.08123334e+01 -9.49292228e+00 
 4.93252513e+04  5.08068287e+01 -9.70770979e+00 
 5.04626783e+04  5.08010747e+01 -9.92716569e+00 
 5.16263340e+04  5.07950605e+01 -1.01513783e+01 
 5.28168234e+04  5.07887745e+01 -1.03804367e+01 
 5.40347650e+04  5.07822051e+01 -1.06144307e+01 
 5.52807921e+04  5.07753398e+01 -1.08534506e+01 
 5.65555523e+04  5.07681658e+01 -1.10975875e+01 
 5.78597080e+04  5.07606699e+01 -1.13469328e+01 
 5.91939372e+04  5.07528381e+01 -1.16015783e+01 
 6.05589334e+04  5.07446560e+01 -1.18616162e+01 
 6.19554061e+04  5.07361086e+01 -1.21271387e+01 
 6.33840810e+04  5.07271806e+01 -1.23982383e+01 
 6.48457008e+04  5.07178556e+01 -1.26750074e+01 
 6.63410251e+04  5.07081170e+01 -1.29575381e+01 
 6.78708313e+04  5.06979474e+01 -1.32459224e+01 
 6.94359143e+04  5.06873289e+01 -1.35402518e+01 
 7.10370877e+04  5.06762427e+01 -1.38406170e+01 
 7.26751838e+04  5.06646696e+01 -1.41471082e+01 
 7.43510539e+04  5.06525895e+01 -1.44598147e+01 
 7.60655691e+04  5.06399817e+01 -1.47788243e+01 
 7.78196206e+04  5.06268249e+01 -1.51042239e+01 
 7.96141200e+04  5.06130968e+01 -1.54360987e+01 
 8.14500001e+04  5.05987747e+01 -1.57745321e+01 
 8.33282151e+04  5.05838348e+01 -1.61196055e+01 
 8.52497412e+04  5.05682528e+01 -1.64713984e+01 
 8.72155772e+04  5.05520035e+01 -1.68299874e+01 
 8.92267449e+04  5.05350611e+01 -1.71954466e+01 
 9.12842895e+04  5.05173987e+01 -1.75678471e+01 
 9.33892805e+04  5.04989891e+01 -1.79472567e+01 
 9.55428121e+04  5.04798038e+01 -1.83337395e+01 
 9.77460036e+04  5.04598138e+01 -1.87273558e+01 
 1.00000000e+05  5.04389894e+01 -1.91281616e+01 
 1.02305973e+05  5.04172999e+01 -1.95362085e+01 
 1.04665121e+05  5.03947140e+01 -1.99515430e+01 
 1.07078670e+05  5.03711996e+01 -2.03742065e+01 
 1.09547876e+05  5.03467238e+01 -2.08042349e+01 
 1.12074020e+05  5.03212531e+01 -2.12416579e+01 
 1.14658417e+05  5.02947532e+01 -2.16864991e+01 
 1.17302409e+05  5.02671891e+01 -2.21387753e+01 
 1.20007371e+05  5.02385253e+01 -2.25984963e+01 
 1.22774708e+05  5.02087256e+01 -2.30656643e+01 
 1.25605860e+05  5.01777531e+01 -2.35402740e+01 
 1.28502297e+05  5.01455706e+01 -2.40223116e+01 
 1.31465525e+05  5.01121402e+01 -2.45117549e+01 
 1.34497085e+05  5.00774237e+01 -2.50085728e+01 
 1.37598551e+05  5.00413824e+01 -2.55127249e+01 
 1.40771537e+05  5.00039774e+01 -2.60241612e+01 
 1.44017690e+05  4.99651695e+01 -2.65428219e+01 
 1.47338699e+05  4.99249191e+01 -2.70686366e+01 
 1.50736290e+05  4.98831868e+01 -2.76015248e+01 
 1.54212228e+05  4.98399330e+01 -2.81413949e+01 
 1.57768320e+05  4.97951180e+01 -2.86881445e+01 
 1.61406415e+05  4.97487024e+01 -2.92416597e+01 
 1.65128404e+05  4.97006470e+01 -2.98018153e+01 
 1.68936220e+05  4.96509129e+01 -3.03684747e+01 
 1.72831844e+05  4.95994616e+01 -3.09414892e+01 
 1.76817299e+05  4.95462550e+01 -3.15206987e+01 
 1.80894658e+05  4.94912557e+01 -3.21059311e+01 
 1.85066040e+05  4.94344270e+01 -3.26970028e+01 
 1.89333613e+05  4.93757330e+01 -3.32937181e+01 
 1.93699595e+05  4.93151389e+01 -3.38958700e+01 
 1.98166255e+05  4.92526107e+01 -3.45032399e+01 
 2.02735916e+05  4.91881155e+01 -3.51155983e+01 
 2.07410951e+05  4.91216221e+01 -3.57327043e+01 
 2.12193792e+05  4.90531001e+01 -3.63543067e+01 
 2.17086923e+05  4.89825209e+01 -3.69801441e+01 
 2.22092889e+05  4.89098574e+01 -3.76099449e+01 
 2.27214291e+05  4.88350842e+01 -3.82434287e+01 
 2.32453791e+05  4.87581775e+01 -3.88803058e+01 
 2.37814113e+05  4.86791157e+01 -3.95202787e+01 
 2.43298042e+05  4.85978787e+01 -4.01630421e+01 
 2.48908429e+05  4.85144488e+01 -4.08082837e+01 
 2.54648190e+05  4.84288100e+01 -4.14556852e+01 
 2.60520309e+05  4.83409489e+01 -4.21049227e+01 
 2.66527837e+05  4.82508539e+01 -4.27556679e+01 
 2.72673897e+05  4.81585159e+01 -4.34075883e+01 
 2.78961683e+05  4.80639280e+01 -4.40603486e+01 
 2.85394464e+05  4.79670855e+01 -4.47136114e+01 
 2.91975583e+05  4.78679863e+01 -4.53670379e+01 
 2.98708461e+05  4.77666304e+01 -4.60202889e+01 
 3.05596598e+05  4.76630202e+01 -4.66730257e+01 
 3.12643573e+05  4.75571606e+01 -4.73249110e+01 
 3.19853049e+05  4.74490586e+01 -4.79756096e+01 
 3.27228774e+05  4.73387235e+01 -4.86247897e+01 
 3.34774581e+05  4.72261671e+01 -4.92721230e+01 
 3.42494392e+05  4.71114030e+01 -4.99172862e+01 
 3.50392221e+05  4.69944474e+01 -5.05599614e+01 
 3.58472171e+05  4.68753181e+01 -5.11998371e+01 
 3.66738442e+05  4.67540352e+01 -5.18366085e+01 
 3.75195331e+05  4.66306207e+01 -5.24699788e+01 
 3.83847234e+05  4.65050985e+01 -5.30996593e+01 
 3.92698648e+05  4.63774940e+01 -5.37253700e+01 
 4.01754173e+05  4.62478346e+01 -5.43468405e+01 
 4.11018515e+05  4.61161490e+01 -5.49638102e+01 
 4.20496491e+05  4.59824674e+01 -5.55760287e+01 
 4.30193027e+05  4.58468216e+01 -5.61832564e+01 
 4.40113162e+05  4.57092443e+01 -5.67852646e+01 
 4.50262052e+05  4.55697695e+01 -5.73818357e+01 
 4.60644974e+05  4.54284323e+01 -5.79727639e+01 
 4.71267322e+05  4.52852685e+01 -5.85578545e+01 
 4.82134619e+05  4.51403151e+01 -5.91369251e+01 
 4.93252513e+05  4.49936093e+01 -5.97098046e+01 
 5.04626783e+05  4.48451893e+01 -6.02763340e+01 
 5.16263340e+05  4.46950937e+01 -6.08363659e+01 
 5.28168234e+05  4.45433614e+01 -6.13897647e+01 
 5.40347650e+05  4.43900316e+01 -6.19364063e+01 
 5.52807921e+05  4.42351438e+01 -6.24761780e+01 
 5.65555523e+05  4.40787376e+01 -6.30089784e+01 
 5.78597080e+05  4.39208525e+01 -6.35347172e+01 
 5.91939372e+05  4.37615282e+01 -6.40533148e+01 
 6.05589334e+05  4.36008041e+01 -6.45647021e+01 
 6.19554061e+05  4.34387193e+01 -6.50688202e+01 
 6.33840810e+05  4.32753128e+01 -6.55656201e+01 
 6.48457008e+05  4.31106233e+01 -6.60550627e+01 
 6.63410251e+05  4.29446889e+01 -6.65371176e+01 
 6.78708313e+05  4.27775474e+01 -6.70117638e+01 
 6.94359143e+05  4.26092362e+01 -6.74789885e+01 
 7.10370877e+05  4.24397919e+01 -6.79387873e+01 
 7.26751838e+05  4.22692507e+01 -6.83911634e+01 
 7.43510539e+05  4.20976482e+01 -6.88361274e+01 
 7.60655691e+05  4.19250192e+01 -6.92736973e+01 
 7.78196206e+05  4.17513979e+01 -6.97038972e+01 
 7.96141200e+05  4.15768179e+01 -7.01267581e+01 
 8.14500001e+05  4.14013120e+01 -7.05423164e+01 
 8.33282151e+05  4.12249122e+01 -7.09506145e+01 
 8.52497412e+05  4.10476497e+01 -7.13516998e+01 
 8.72155772e+05  4.08695552e+01 -7.17456245e+01 
 8.92267449e+05  4.06906584e+01 -7.21324456e+01 
 9.12842895e+05  4.05109882e+01 -7.25122241e+01 
 9.33892805e+05  4.03305728e+01 -7.28850250e+01 
 9.55428121e+05  4.01494398e+01 -7.32509167e+01 
 9.77460036e+05  3.99676156e+01 -7.36099711e+01 
 1.00000000e+06  3.97851262e+01 -7.39622630e+01 
 1.02305973e+06  3.96019967e+01 -7.43078700e+01 
 1.04665121e+06  3.94182513e+01 -7.46468720e+01 
 1.07078670e+06  3.92339137e+01 -7.49793513e+01 
 1.09547876e+06  3.90490067e+01 -7.53053921e+01 
 1.12074020e+06  3.88635523e+01 -7.56250803e+01 
 1.14658417e+06  3.86775719e+01 -7.59385032e+01 
 1.17302409e+06  3.84910861e+01 -7.62457498e+01 
 1.20007371e+06  3.83041150e+01 -7.65469099e+01 
 1.22774708e+06  3.81166778e+01 -7.68420744e+01 
 1.25605860e+06  3.79287930e+01 -7.71313348e+01 
 1.28502297e+06  3.77404787e+01 -7.74147833e+01 
 1.31465525e+06  3.75517521e+01 -7.76925127e+01 
 1.34497085e+06  3.73626299e+01 -7.79646158e+01 
 1.37598551e+06  3.71731282e+01 -7.82311858e+01 
 1.40771537e+06  3.69832625e+01 -7.84923158e+01 
 1.44017690e+06  3.67930477e+01 -7.87480991e+01 
 1.47338699e+06  3.66024982e+01 -7.89986284e+01 
 1.50736290e+06  3.64116278e+01 -7.92439965e+01 
 1.54212228e+06  3.62204498e+01 -7.94842955e+01 
 1.57768320e+06  3.60289769e+01 -7.97196174e+01 
 1.61406415e+06  3.58372215e+01 -7.99500533e+01 
 1.65128404e+06  3.56451953e+01 -8.01756939e+01 
 1.68936220e+06  3.54529098e+01 -8.03966291e+01 
 1.72831844e+06  3.52603758e+01 -8.06129482e+01 
 1.76817299e+06  3.50676038e+01 -8.08247396e+01 
 1.80894658e+06  3.48746039e+01 -8.10320909e+01 
 1.85066040e+06  3.46813857e+01 -8.12350886e+01 
 1.89333613e+06  3.44879585e+01 -8.14338187e+01 
 1.93699595e+06  3.42943312e+01 -8.16283658e+01 
 1.98166255e+06  3.41005123e+01 -8.18188136e+01 
 2.02735916e+06  3.39065100e+01 -8.20052451e+01 
 2.07410951e+06  3.37123322e+01 -8.21877417e+01 
 2.12193792e+06  3.35179864e+01 -8.23663841e+01 
 2.17086923e+06  3.33234797e+01 -8.25412519e+01 
 2.22092889e+06  3.31288192e+01 -8.27124234e+01 
 2.27214291e+06  3.29340115e+01 -8.28799758e+01 
 2.32453791e+06  3.27390629e+01 -8.30439854e+01 
 2.37814113e+06  3.25439795e+01 -8.32045270e+01 
 2.43298042e+06  3.23487672e+01 -8.33616747e+01 
 2.48908429e+06  3.21534315e+01 -8.35155010e+01 
 2.54648190e+06  3.19579778e+01 -8.36660776e+01 
 2.60520309e+06  3.17624112e+01 -8.38134748e+01 
 2.66527837e+06  3.15667367e+01 -8.39577619e+01 
 2.72673897e+06  3.13709589e+01 -8.40990070e+01 
 2.78961683e+06  3.11750823e+01 -8.42372771e+01 
 2.85394464e+06  3.09791114e+01 -8.43726381e+01 
 2.91975583e+06  3.07830501e+01 -8.45051547e+01 
 2.98708461e+06  3.05869024e+01 -8.46348905e+01 
 3.05596598e+06  3.03906722e+01 -8.47619080e+01 
 3.12643573e+06  3.01943631e+01 -8.48862686e+01 
 3.19853049e+06  2.99979784e+01 -8.50080327e+01 
 3.27228774e+06  2.98015216e+01 -8.51272596e+01 
 3.34774581e+06  2.96049958e+01 -8.52440074e+01 
 3.42494392e+06  2.94084040e+01 -8.53583334e+01 
 3.50392221e+06  2.92117492e+01 -8.54702936e+01 
 3.58472171e+06  2.90150341e+01 -8.55799431e+01 
 3.66738442e+06  2.88182614e+01 -8.56873362e+01 
 3.75195331e+06  2.86214336e+01 -8.57925259e+01 
 3.83847234e+06  2.84245532e+01 -8.58955644e+01 
 3.92698648e+06  2.82276225e+01 -8.59965030e+01 
 4.01754173e+06  2.80306437e+01 -8.60953918e+01 
 4.11018515e+06  2.78336189e+01 -8.61922802e+01 
 4.20496491e+06  2.76365502e+01 -8.62872167e+01 
 4.30193027e+06  2.74394396e+01 -8.63802489e+01 
 4.40113162e+06  2.72422889e+01 -8.64714234e+01 
 4.50262052e+06  2.70450999e+01 -8.65607860e+01 
 4.60644974e+06  2.68478742e+01 -8.66483818e+01 
 4.71267322e+06  2.66506136e+01 -8.67342548e+01 
 4.82134619e+06  2.64533196e+01 -8.68184485e+01 
 4.93252513e+06  2.62559936e+01 -8.69010055e+01 
 5.04626783e+06  2.60586372e+01 -8.69819675e+01 
 5.16263340e+06  2.58612516e+01 -8.70613755e+01 
 5.28168234e+06  2.56638382e+01 -8.71392699e+01 
 5.40347650e+06  2.54663982e+01 -8.72156903e+01 
 5.52807921e+06  2.52689328e+01 -8.72906755e+01 
 5.65555523e+06  2.50714433e+01 -8.73642637e+01 
 5.78597080e+06  2.48739305e+01 -8.74364924e+01 
 5.91939372e+06  2.46763957e+01 -8.75073984e+01 
 6.05589334e+06  2.44788398e+01 -8.75770180e+01 
 6.19554061e+06  2.42812637e+01 -8.76453868e+01 
 6.33840810e+06  2.40836685e+01 -8.77125397e+01 
 6.48457008e+06  2.38860549e+01 -8.77785111e+01 
 6.63410251e+06  2.36884237e+01 -8.78433348e+01 
 6.78708313e+06  2.34907759e+01 -8.79070441e+01 
 6.94359143e+06  2.32931122e+01 -8.79696715e+01 
 7.10370877e+06  2.30954333e+01 -8.80312493e+01 
 7.26751838e+06  2.28977398e+01 -8.80918091e+01 
 7.43510539e+06  2.27000326e+01 -8.81513821e+01 
 7.60655691e+06  2.25023122e+01 -8.82099987e+01 
 7.78196206e+06  2.23045793e+01 -8.82676893e+01 
 7.96141200e+06  2.21068344e+01 -8.83244835e+01 
 8.14500001e+06  2.19090781e+01 -8.83804106e+01 
 8.33282151e+06  2.17113110e+01 -8.84354993e+01 
 8.52497412e+06  2.15135336e+01 -8.84897782e+01 
 8.72155772e+06  2.13157464e+01 -8.85432751e+01 
 8.92267449e+06  2.11179498e+01 -8.85960177e+01 
 9.12842895e+06  2.09201444e+01 -8.86480332e+01 
 9.33892805e+06  2.07223305e+01 -8.86993484e+01 
 9.55428121e+06  2.05245087e+01 -8.87499899e+01 
 9.77460036e+06  2.03266793e+01 -8.87999838e+01 
 1.00000000e+07  2.01288427e+01 -8.88493560e+01 
 1.02305973e+07  1.99309993e+01 -8.88981320e+01 
 1.04665121e+07  1.97331494e+01 -8.89463370e+01 
 1.07078670e+07  1.95352935e+01 -8.89939959e+01 
 1.09547876e+07  1.93374318e+01 -8.90411334e+01 
 1.12074020e+07  1.91395647e+01 -8.90877739e+01 
 1.14658417e+07  1.89416925e+01 -8.91339415e+01 
 1.17302409e+07  1.87438155e+01 -8.91796602e+01 
 1.20007371e+07  1.85459339e+01 -8.92249536e+01 
 1.22774708e+07  1.83480482e+01 -8.92698452e+01 
 1.25605860e+07  1.81501585e+01 -8.93143581e+01 
 1.28502297e+07  1.79522652e+01 -8.93585156e+01 
 1.31465525e+07  1.77543685e+01 -8.94023404e+01 
 1.34497085e+07  1.75564686e+01 -8.94458553e+01 
 1.37598551e+07  1.73585658e+01 -8.94890828e+01 
 1.40771537e+07  1.71606604e+01 -8.95320454e+01 
 1.44017690e+07  1.69627526e+01 -8.95747652e+01 
 1.47338699e+07  1.67648425e+01 -8.96172646e+01 
 1.50736290e+07  1.65669305e+01 -8.96595654e+01 
 1.54212228e+07  1.63690168e+01 -8.97016896e+01 
 1.57768320e+07  1.61711016e+01 -8.97436591e+01 
 1.61406415e+07  1.59731850e+01 -8.97854957e+01 
 1.65128404e+07  1.57752674e+01 -8.98272210e+01 
 1.68936220e+07  1.55773489e+01 -8.98688566e+01 
 1.72831844e+07  1.53794298e+01 -8.99104243e+01 
 1.76817299e+07  1.51815102e+01 -8.99519455e+01 
 1.80894658e+07  1.49835904e+01 -8.99934417e+01 
 1.85066040e+07  1.47856705e+01 -9.00349346e+01 
 1.89333613e+07  1.45877508e+01 -9.00764455e+01 
 1.93699595e+07  1.43898315e+01 -9.01179962e+01 
 1.98166255e+07  1.41919128e+01 -9.01596080e+01 
 2.02735916e+07  1.39939949e+01 -9.02013026e+01 
 2.07410951e+07  1.37960780e+01 -9.02431016e+01 
 2.12193792e+07  1.35981624e+01 -9.02850268e+01 
 2.17086923e+07  1.34002481e+01 -9.03270997e+01 
 2.22092889e+07  1.32023356e+01 -9.03693424e+01 
 2.27214291e+07  1.30044249e+01 -9.04117766e+01 
 2.32453791e+07  1.28065163e+01 -9.04544243e+01 
 2.37814113e+07  1.26086101e+01 -9.04973077e+01 
 2.43298042e+07  1.24107065e+01 -9.05404491e+01 
 2.48908429e+07  1.22128056e+01 -9.05838707e+01 
 2.54648190e+07  1.20149079e+01 -9.06275951e+01 
 2.60520309e+07  1.18170135e+01 -9.06716449e+01 
 2.66527837e+07  1.16191226e+01 -9.07160430e+01 
 2.72673897e+07  1.14212356e+01 -9.07608124e+01 
 2.78961683e+07  1.12233527e+01 -9.08059762e+01 
 2.85394464e+07  1.10254743e+01 -9.08515579e+01 
 2.91975583e+07  1.08276005e+01 -9.08975810e+01 
 2.98708461e+07  1.06297317e+01 -9.09440695e+01 
 3.05596598e+07  1.04318683e+01 -9.09910472e+01 
 3.12643573e+07  1.02340105e+01 -9.10385387e+01 
 3.19853049e+07  1.00361587e+01 -9.10865683e+01 
 3.27228774e+07  9.83831321e+00 -9.11351611e+01 
 3.34774581e+07  9.64047441e+00 -9.11843420e+01 
 3.42494392e+07  9.44264268e+00 -9.12341366e+01 
 3.50392221e+07  9.24481841e+00 -9.12845706e+01 
 3.58472171e+07  9.04700200e+00 -9.13356700e+01 
 3.66738442e+07  8.84919387e+00 -9.13874612e+01 
 3.75195331e+07  8.65139446e+00 -9.14399710e+01 
 3.83847234e+07  8.45360423e+00 -9.14932265e+01 
 3.92698648e+07  8.25582366e+00 -9.15472551e+01 
 4.01754173e+07  8.05805323e+00 -9.16020848e+01 
 4.11018515e+07  7.86029348e+00 -9.16577438e+01 
 4.20496491e+07  7.66254493e+00 -9.17142607e+01 
 4.30193027e+07  7.46480815e+00 -9.17716647e+01 
 4.40113162e+07  7.26708372e+00 -9.18299854e+01 
 4.50262052e+07  7.06937226e+00 -9.18892527e+01 
 4.60644974e+07  6.87167440e+00 -9.19494972e+01 
 4.71267322e+07  6.67399082e+00 -9.20107498e+01 
 4.82134619e+07  6.47632219e+00 -9.20730420e+01 
 4.93252513e+07  6.27866927e+00 -9.21364057e+01 
 5.04626783e+07  6.08103279e+00 -9.22008735e+01 
 5.16263340e+07  5.88341356e+00 -9.22664785e+01 
 5.28168234e+07  5.68581239e+00 -9.23332542e+01 
 5.40347650e+07  5.48823017e+00 -9.24012348e+01 
 5.52807921e+07  5.29066779e+00 -9.24704552e+01 
 5.65555523e+07  5.09312619e+00 -9.25409507e+01 
 5.78597080e+07  4.89560636e+00 -9.26127573e+01 
 5.91939372e+07  4.69810935e+00 -9.26859117e+01 
 6.05589334e+07  4.50063621e+00 -9.27604512e+01 
 6.19554061e+07  4.30318808e+00 -9.28364136e+01 
 6.33840810e+07  4.10576615e+00 -9.29138378e+01 
 6.48457008e+07  3.90837164e+00 -9.29927630e+01 
 6.63410251e+07  3.71100583e+00 -9.30732294e+01 
 6.78708313e+07  3.51367008e+00 -9.31552776e+01 
 6.94359143e+07  3.31636580e+00 -9.32389493e+01 
 7.10370877e+07  3.11909445e+00 -9.33242868e+01 
 7.26751838e+07  2.92185758e+00 -9.34113333e+01 
 7.43510539e+07  2.72465679e+00 -9.35001325e+01 
 7.60655691e+07  2.52749377e+00 -9.35907293e+01 
 7.78196206e+07  2.33037027e+00 -9.36831692e+01 
 7.96141200e+07  2.13328813e+00 -9.37774986e+01 
 8.14500001e+07  1.93624928e+00 -9.38737647e+01 
 8.33282151e+07  1.73925572e+00 -9.39720159e+01 
 8.52497412e+07  1.54230956e+00 -9.40723010e+01 
 8.72155772e+07  1.34541299e+00 -9.41746702e+01 
 8.92267449e+07  1.14856831e+00 -9.42791742e+01 
 9.12842895e+07  9.51777922e-01 -9.43858650e+01 
 9.33892805e+07  7.55044328e-01 -9.44947955e+01 
 9.55428121e+07  5.58370154e-01 -9.46060193e+01 
 9.77460036e+07  3.61758142e-01 -9.47195913e+01 
 1.00000000e+08  1.65211156e-01 -9.48355674e+01 
 1.02305973e+08 -3.12678084e-02 -9.49540043e+01 
 1.04665121e+08 -2.27675622e-01 -9.50749600e+01 
 1.07078670e+08 -4.24009013e-01 -9.51984933e+01 
 1.09547876e+08 -6.20264566e-01 -9.53246643e+01 
 1.12074020e+08 -8.16438708e-01 -9.54535340e+01 
 1.14658417e+08 -1.01252771e+00 -9.55851647e+01 
 1.17302409e+08 -1.20852767e+00 -9.57196195e+01 
 1.20007371e+08 -1.40443452e+00 -9.58569629e+01 
 1.22774708e+08 -1.60024400e+00 -9.59972604e+01 
 1.25605860e+08 -1.79595168e+00 -9.61405785e+01 
 1.28502297e+08 -1.99155291e+00 -9.62869850e+01 
 1.31465525e+08 -2.18704284e+00 -9.64365489e+01 
 1.34497085e+08 -2.38241641e+00 -9.65893402e+01 
 1.37598551e+08 -2.57766834e+00 -9.67454301e+01 
 1.40771537e+08 -2.77279312e+00 -9.69048909e+01 
 1.44017690e+08 -2.96778498e+00 -9.70677961e+01 
 1.47338699e+08 -3.16263792e+00 -9.72342203e+01 
 1.50736290e+08 -3.35734566e+00 -9.74042394e+01 
 1.54212228e+08 -3.55190166e+00 -9.75779302e+01 
 1.57768320e+08 -3.74629909e+00 -9.77553708e+01 
 1.61406415e+08 -3.94053082e+00 -9.79366403e+01 
 1.65128404e+08 -4.13458943e+00 -9.81218191e+01 
 1.68936220e+08 -4.32846716e+00 -9.83109883e+01 
 1.72831844e+08 -4.52215595e+00 -9.85042305e+01 
 1.76817299e+08 -4.71564736e+00 -9.87016291e+01 
 1.80894658e+08 -4.90893261e+00 -9.89032685e+01 
 1.85066040e+08 -5.10200256e+00 -9.91092341e+01 
 1.89333613e+08 -5.29484767e+00 -9.93196124e+01 
 1.93699595e+08 -5.48745801e+00 -9.95344906e+01 
 1.98166255e+08 -5.67982324e+00 -9.97539570e+01 
 2.02735916e+08 -5.87193259e+00 -9.99781003e+01 
 2.07410951e+08 -6.06377486e+00 -1.00207011e+02 
 2.12193792e+08 -6.25533836e+00 -1.00440778e+02 
 2.17086923e+08 -6.44661097e+00 -1.00679494e+02 
 2.22092889e+08 -6.63758005e+00 -1.00923249e+02 
 2.27214291e+08 -6.82823248e+00 -1.01172137e+02 
 2.32453791e+08 -7.01855460e+00 -1.01426249e+02 
 2.37814113e+08 -7.20853224e+00 -1.01685679e+02 
 2.43298042e+08 -7.39815064e+00 -1.01950519e+02 
 2.48908429e+08 -7.58739450e+00 -1.02220863e+02 
 2.54648190e+08 -7.77624793e+00 -1.02496804e+02 
 2.60520309e+08 -7.96469444e+00 -1.02778434e+02 
 2.66527837e+08 -8.15271692e+00 -1.03065847e+02 
 2.72673897e+08 -8.34029762e+00 -1.03359135e+02 
 2.78961683e+08 -8.52741815e+00 -1.03658390e+02 
 2.85394464e+08 -8.71405946e+00 -1.03963703e+02 
 2.91975583e+08 -8.90020181e+00 -1.04275164e+02 
 2.98708461e+08 -9.08582477e+00 -1.04592862e+02 
 3.05596598e+08 -9.27090722e+00 -1.04916885e+02 
 3.12643573e+08 -9.45542728e+00 -1.05247319e+02 
 3.19853049e+08 -9.63936239e+00 -1.05584250e+02 
 3.27228774e+08 -9.82268920e+00 -1.05927761e+02 
 3.34774581e+08 -1.00053836e+01 -1.06277931e+02 
 3.42494392e+08 -1.01874208e+01 -1.06634839e+02 
 3.50392221e+08 -1.03687752e+01 -1.06998561e+02 
 3.58472171e+08 -1.05494204e+01 -1.07369170e+02 
 3.66738442e+08 -1.07293291e+01 -1.07746736e+02 
 3.75195331e+08 -1.09084735e+01 -1.08131324e+02 
 3.83847234e+08 -1.10868249e+01 -1.08522996e+02 
 3.92698648e+08 -1.12643536e+01 -1.08921812e+02 
 4.01754173e+08 -1.14410295e+01 -1.09327825e+02 
 4.11018515e+08 -1.16168215e+01 -1.09741083e+02 
 4.20496491e+08 -1.17916977e+01 -1.10161631e+02 
 4.30193027e+08 -1.19656256e+01 -1.10589507e+02 
 4.40113162e+08 -1.21385720e+01 -1.11024744e+02 
 4.50262052e+08 -1.23105028e+01 -1.11467369e+02 
 4.60644974e+08 -1.24813833e+01 -1.11917400e+02 
 4.71267322e+08 -1.26511782e+01 -1.12374851e+02 
 4.82134619e+08 -1.28198516e+01 -1.12839729e+02 
 4.93252513e+08 -1.29873669e+01 -1.13312030e+02 
 5.04626783e+08 -1.31536869e+01 -1.13791744e+02 
 5.16263340e+08 -1.33187741e+01 -1.14278854e+02 
 5.28168234e+08 -1.34825903e+01 -1.14773332e+02 
 5.40347650e+08 -1.36450971e+01 -1.15275142e+02 
 5.52807921e+08 -1.38062557e+01 -1.15784237e+02 
 5.65555523e+08 -1.39660268e+01 -1.16300562e+02 
 5.78597080e+08 -1.41243711e+01 -1.16824051e+02 
 5.91939372e+08 -1.42812491e+01 -1.17354628e+02 
 6.05589334e+08 -1.44366212e+01 -1.17892207e+02 
 6.19554061e+08 -1.45904478e+01 -1.18436688e+02 
 6.33840810e+08 -1.47426894e+01 -1.18987964e+02 
 6.48457008e+08 -1.48933066e+01 -1.19545913e+02 
 6.63410251e+08 -1.50422605e+01 -1.20110403e+02 
 6.78708313e+08 -1.51895123e+01 -1.20681292e+02 
 6.94359143e+08 -1.53350238e+01 -1.21258423e+02 
 7.10370877e+08 -1.54787574e+01 -1.21841630e+02 
 7.26751838e+08 -1.56206759e+01 -1.22430733e+02 
 7.43510539e+08 -1.57607433e+01 -1.23025542e+02 
 7.60655691e+08 -1.58989242e+01 -1.23625855e+02 
 7.78196206e+08 -1.60351843e+01 -1.24231456e+02 
 7.96141200e+08 -1.61694903e+01 -1.24842123e+02 
 8.14500001e+08 -1.63018102e+01 -1.25457617e+02 
 8.33282151e+08 -1.64321134e+01 -1.26077692e+02 
 8.52497412e+08 -1.65603705e+01 -1.26702091e+02 
 8.72155772e+08 -1.66865538e+01 -1.27330546e+02 
 8.92267449e+08 -1.68106373e+01 -1.27962781e+02 
 9.12842895e+08 -1.69325965e+01 -1.28598509e+02 
 9.33892805e+08 -1.70524089e+01 -1.29237436e+02 
 9.55428121e+08 -1.71700538e+01 -1.29879259e+02 
 9.77460036e+08 -1.72855125e+01 -1.30523670e+02 
 1.00000000e+09 -1.73987684e+01 -1.31170352e+02 
 1.02305973e+09 -1.75098071e+01 -1.31818984e+02 
 1.04665121e+09 -1.76186161e+01 -1.32469238e+02 
 1.07078670e+09 -1.77251855e+01 -1.33120784e+02 
 1.09547876e+09 -1.78295074e+01 -1.33773288e+02 
 1.12074020e+09 -1.79315764e+01 -1.34426413e+02 
 1.14658417e+09 -1.80313891e+01 -1.35079821e+02 
 1.17302409e+09 -1.81289449e+01 -1.35733172e+02 
 1.20007371e+09 -1.82242452e+01 -1.36386128e+02 
 1.22774708e+09 -1.83172938e+01 -1.37038350e+02 
 1.25605860e+09 -1.84080970e+01 -1.37689503e+02 
 1.28502297e+09 -1.84966632e+01 -1.38339253e+02 
 1.31465525e+09 -1.85830031e+01 -1.38987270e+02 
 1.34497085e+09 -1.86671298e+01 -1.39633229e+02 
 1.37598551e+09 -1.87490582e+01 -1.40276810e+02 
 1.40771537e+09 -1.88288056e+01 -1.40917698e+02 
 1.44017690e+09 -1.89063913e+01 -1.41555587e+02 
 1.47338699e+09 -1.89818365e+01 -1.42190175e+02 
 1.50736290e+09 -1.90551642e+01 -1.42821171e+02 
 1.54212228e+09 -1.91263995e+01 -1.43448291e+02 
 1.57768320e+09 -1.91955688e+01 -1.44071261e+02 
 1.61406415e+09 -1.92627004e+01 -1.44689816e+02 
 1.65128404e+09 -1.93278239e+01 -1.45303702e+02 
 1.68936220e+09 -1.93909704e+01 -1.45912674e+02 
 1.72831844e+09 -1.94521724e+01 -1.46516500e+02 
 1.76817299e+09 -1.95114633e+01 -1.47114957e+02 
 1.80894658e+09 -1.95688778e+01 -1.47707834e+02 
 1.85066040e+09 -1.96244515e+01 -1.48294933e+02 
 1.89333613e+09 -1.96782209e+01 -1.48876066e+02 
 1.93699595e+09 -1.97302231e+01 -1.49451056e+02 
 1.98166255e+09 -1.97804959e+01 -1.50019742e+02 
 2.02735916e+09 -1.98290778e+01 -1.50581969e+02 
 2.07410951e+09 -1.98760075e+01 -1.51137597e+02 
 2.12193792e+09 -1.99213242e+01 -1.51686498e+02 
 2.17086923e+09 -1.99650673e+01 -1.52228555e+02 
 2.22092889e+09 -2.00072764e+01 -1.52763661e+02 
 2.27214291e+09 -2.00479909e+01 -1.53291721e+02 
 2.32453791e+09 -2.00872506e+01 -1.53812651e+02 
 2.37814113e+09 -2.01250949e+01 -1.54326378e+02 
 2.43298042e+09 -2.01615630e+01 -1.54832839e+02 
 2.48908429e+09 -2.01966941e+01 -1.55331980e+02 
 2.54648190e+09 -2.02305269e+01 -1.55823759e+02 
 2.60520309e+09 -2.02630998e+01 -1.56308140e+02 
 2.66527837e+09 -2.02944508e+01 -1.56785100e+02 
 2.72673897e+09 -2.03246173e+01 -1.57254622e+02 
 2.78961683e+09 -2.03536362e+01 -1.57716697e+02 
 2.85394464e+09 -2.03815441e+01 -1.58171326e+02 
 2.91975583e+09 -2.04083766e+01 -1.58618516e+02 
 2.98708461e+09 -2.04341690e+01 -1.59058282e+02 
 3.05596598e+09 -2.04589556e+01 -1.59490645e+02 
 3.12643573e+09 -2.04827704e+01 -1.59915633e+02 
 3.19853049e+09 -2.05056463e+01 -1.60333281e+02 
 3.27228774e+09 -2.05276157e+01 -1.60743627e+02 
 3.34774581e+09 -2.05487103e+01 -1.61146716e+02 
 3.42494392e+09 -2.05689608e+01 -1.61542600e+02 
 3.50392221e+09 -2.05883973e+01 -1.61931331e+02 
 3.58472171e+09 -2.06070491e+01 -1.62312970e+02 
 3.66738442e+09 -2.06249446e+01 -1.62687579e+02 
 3.75195331e+09 -2.06421117e+01 -1.63055225e+02 
 3.83847234e+09 -2.06585773e+01 -1.63415978e+02 
 3.92698648e+09 -2.06743675e+01 -1.63769911e+02 
 4.01754173e+09 -2.06895077e+01 -1.64117101e+02 
 4.11018515e+09 -2.07040226e+01 -1.64457624e+02 
 4.20496491e+09 -2.07179359e+01 -1.64791564e+02 
 4.30193027e+09 -2.07312709e+01 -1.65119001e+02 
 4.40113162e+09 -2.07440499e+01 -1.65440022e+02 
 4.50262052e+09 -2.07562946e+01 -1.65754711e+02 
 4.60644974e+09 -2.07680258e+01 -1.66063158e+02 
 4.71267322e+09 -2.07792638e+01 -1.66365450e+02 
 4.82134619e+09 -2.07900281e+01 -1.66661677e+02 
 4.93252513e+09 -2.08003376e+01 -1.66951931e+02 
 5.04626783e+09 -2.08102105e+01 -1.67236303e+02 
 5.16263340e+09 -2.08196644e+01 -1.67514883e+02 
 5.28168234e+09 -2.08287162e+01 -1.67787765e+02 
 5.40347650e+09 -2.08373822e+01 -1.68055041e+02 
 5.52807921e+09 -2.08456781e+01 -1.68316803e+02 
 5.65555523e+09 -2.08536191e+01 -1.68573143e+02 
 5.78597080e+09 -2.08612197e+01 -1.68824154e+02 
 5.91939372e+09 -2.08684940e+01 -1.69069927e+02 
 6.05589334e+09 -2.08754554e+01 -1.69310555e+02 
 6.19554061e+09 -2.08821170e+01 -1.69546128e+02 
 6.33840810e+09 -2.08884913e+01 -1.69776737e+02 
 6.48457008e+09 -2.08945902e+01 -1.70002472e+02 
 6.63410251e+09 -2.09004253e+01 -1.70223422e+02 
 6.78708313e+09 -2.09060076e+01 -1.70439676e+02 
 6.94359143e+09 -2.09113478e+01 -1.70651321e+02 
 7.10370877e+09 -2.09164561e+01 -1.70858445e+02 
 7.26751838e+09 -2.09213424e+01 -1.71061133e+02 
 7.43510539e+09 -2.09260160e+01 -1.71259471e+02 
 7.60655691e+09 -2.09304860e+01 -1.71453542e+02 
 7.78196206e+09 -2.09347611e+01 -1.71643430e+02 
 7.96141200e+09 -2.09388495e+01 -1.71829217e+02 
 8.14500001e+09 -2.09427594e+01 -1.72010983e+02 
 8.33282151e+09 -2.09464982e+01 -1.72188809e+02 
 8.52497412e+09 -2.09500734e+01 -1.72362773e+02 
 8.72155772e+09 -2.09534920e+01 -1.72532953e+02 
 8.92267449e+09 -2.09567608e+01 -1.72699425e+02 
 9.12842895e+09 -2.09598861e+01 -1.72862264e+02 
 9.33892805e+09 -2.09628743e+01 -1.73021546e+02 
 9.55428121e+09 -2.09657312e+01 -1.73177341e+02 
 9.77460036e+09 -2.09684625e+01 -1.73329723e+02 
 1.00000000e+10 -2.09710737e+01 -1.73478762e+02 
