 v-sweep         Vout           
-4.46500000e-04  6.70911564e-01 
-4.46499000e-04  6.71528842e-01 
-4.46498000e-04  6.71889187e-01 
-4.46497000e-04  6.72249536e-01 
-4.46496000e-04  6.72609980e-01 
-4.46495000e-04  6.72970521e-01 
-4.46494000e-04  6.73331158e-01 
-4.46493000e-04  6.73691891e-01 
-4.46492000e-04  6.74052719e-01 
-4.46491000e-04  6.74413644e-01 
-4.46490000e-04  6.74774664e-01 
-4.46489000e-04  6.75135780e-01 
-4.46488000e-04  6.75496992e-01 
-4.46487000e-04  6.75858299e-01 
-4.46486000e-04  6.76219702e-01 
-4.46485000e-04  6.76581200e-01 
-4.46484000e-04  6.76942794e-01 
-4.46483000e-04  6.77304482e-01 
-4.46482000e-04  6.77666266e-01 
-4.46481000e-04  6.78028145e-01 
-4.46480000e-04  6.78390119e-01 
-4.46479000e-04  6.78752187e-01 
-4.46478000e-04  6.79114351e-01 
-4.46477000e-04  6.79476610e-01 
-4.46476000e-04  6.79838963e-01 
-4.46475000e-04  6.80201411e-01 
-4.46474000e-04  6.80563953e-01 
-4.46473000e-04  6.80926590e-01 
-4.46472000e-04  6.81289321e-01 
-4.46471000e-04  6.81652147e-01 
-4.46470000e-04  6.82015067e-01 
-4.46469000e-04  6.82378081e-01 
-4.46468000e-04  6.82741189e-01 
-4.46467000e-04  6.83104391e-01 
-4.46466000e-04  6.83467687e-01 
-4.46465000e-04  6.83831077e-01 
-4.46464000e-04  6.84194561e-01 
-4.46463000e-04  6.84558138e-01 
-4.46462000e-04  6.84921810e-01 
-4.46461000e-04  6.85285574e-01 
-4.46460000e-04  6.85649433e-01 
-4.46459000e-04  6.86013384e-01 
-4.46458000e-04  6.86377429e-01 
-4.46457000e-04  6.86741568e-01 
-4.46456000e-04  6.87105799e-01 
-4.46455000e-04  6.87470124e-01 
-4.46454000e-04  6.87834542e-01 
-4.46453000e-04  6.88199053e-01 
-4.46452000e-04  6.88563656e-01 
-4.46451000e-04  6.88928353e-01 
-4.46450000e-04  6.89293142e-01 
-4.46449000e-04  6.89658024e-01 
-4.46448000e-04  6.90022998e-01 
-4.46447000e-04  6.90388065e-01 
-4.46446000e-04  6.90753225e-01 
-4.46445000e-04  6.91118477e-01 
-4.46444000e-04  6.91483821e-01 
-4.46443000e-04  6.91849258e-01 
-4.46442000e-04  6.92214786e-01 
-4.46441000e-04  6.92580407e-01 
-4.46440000e-04  6.92946120e-01 
-4.46439000e-04  6.93311924e-01 
-4.46438000e-04  6.93677821e-01 
-4.46437000e-04  6.94043809e-01 
-4.46436000e-04  6.94409889e-01 
-4.46435000e-04  6.94776061e-01 
-4.46434000e-04  6.95142324e-01 
-4.46433000e-04  6.95508679e-01 
-4.46432000e-04  6.95875125e-01 
-4.46431000e-04  6.96241662e-01 
-4.46430000e-04  6.96608291e-01 
-4.46429000e-04  6.96975011e-01 
-4.46428000e-04  6.97341822e-01 
-4.46427000e-04  6.97708724e-01 
-4.46426000e-04  6.98075717e-01 
-4.46425000e-04  6.98442801e-01 
-4.46424000e-04  6.98809976e-01 
-4.46423000e-04  6.99177241e-01 
-4.46422000e-04  6.99544598e-01 
-4.46421000e-04  6.99912045e-01 
-4.46420000e-04  7.00279582e-01 
-4.46419000e-04  7.00647210e-01 
-4.46418000e-04  7.01014928e-01 
-4.46417000e-04  7.01382736e-01 
-4.46416000e-04  7.01750635e-01 
-4.46415000e-04  7.02118624e-01 
-4.46414000e-04  7.02486703e-01 
-4.46413000e-04  7.02854872e-01 
-4.46412000e-04  7.03223130e-01 
-4.46411000e-04  7.03591479e-01 
-4.46410000e-04  7.03959918e-01 
-4.46409000e-04  7.04328446e-01 
-4.46408000e-04  7.04697064e-01 
-4.46407000e-04  7.05065771e-01 
-4.46406000e-04  7.05434568e-01 
-4.46405000e-04  7.05803454e-01 
-4.46404000e-04  7.06172430e-01 
-4.46403000e-04  7.06541495e-01 
-4.46402000e-04  7.06910649e-01 
-4.46401000e-04  7.07279892e-01 
-4.46400000e-04  7.07649224e-01 
-4.46399000e-04  7.08018646e-01 
-4.46398000e-04  7.08388155e-01 
-4.46397000e-04  7.08757755e-01 
-4.46396000e-04  7.09127442e-01 
-4.46395000e-04  7.09497218e-01 
-4.46394000e-04  7.09867083e-01 
-4.46393000e-04  7.10237037e-01 
-4.46392000e-04  7.10607079e-01 
-4.46391000e-04  7.10977209e-01 
-4.46390000e-04  7.11347427e-01 
-4.46389000e-04  7.11717734e-01 
-4.46388000e-04  7.12088129e-01 
-4.46387000e-04  7.12458612e-01 
-4.46386000e-04  7.12829183e-01 
-4.46385000e-04  7.13199842e-01 
-4.46384000e-04  7.13570589e-01 
-4.46383000e-04  7.13941424e-01 
-4.46382000e-04  7.14312346e-01 
-4.46381000e-04  7.14683356e-01 
-4.46380000e-04  7.15054453e-01 
-4.46379000e-04  7.15425638e-01 
-4.46378000e-04  7.15796911e-01 
-4.46377000e-04  7.16168270e-01 
-4.46376000e-04  7.16539718e-01 
-4.46375000e-04  7.16911252e-01 
-4.46374000e-04  7.17282873e-01 
-4.46373000e-04  7.17654581e-01 
-4.46372000e-04  7.18026377e-01 
-4.46371000e-04  7.18398259e-01 
-4.46370000e-04  7.18770228e-01 
-4.46369000e-04  7.19142284e-01 
-4.46368000e-04  7.19514427e-01 
-4.46367000e-04  7.19886656e-01 
-4.46366000e-04  7.20258971e-01 
-4.46365000e-04  7.20631374e-01 
-4.46364000e-04  7.21003862e-01 
-4.46363000e-04  7.21376437e-01 
-4.46362000e-04  7.21749098e-01 
-4.46361000e-04  7.22121845e-01 
-4.46360000e-04  7.22494678e-01 
-4.46359000e-04  7.22867598e-01 
-4.46358000e-04  7.23240603e-01 
-4.46357000e-04  7.23613694e-01 
-4.46356000e-04  7.23986871e-01 
-4.46355000e-04  7.24360134e-01 
-4.46354000e-04  7.24733482e-01 
-4.46353000e-04  7.25106915e-01 
-4.46352000e-04  7.25480435e-01 
-4.46351000e-04  7.25854040e-01 
-4.46350000e-04  7.26227730e-01 
-4.46349000e-04  7.26601505e-01 
-4.46348000e-04  7.26975365e-01 
-4.46347000e-04  7.27349311e-01 
-4.46346000e-04  7.27723342e-01 
-4.46345000e-04  7.28097458e-01 
-4.46344000e-04  7.28471659e-01 
-4.46343000e-04  7.28845944e-01 
-4.46342000e-04  7.29220314e-01 
-4.46341000e-04  7.29594769e-01 
-4.46340000e-04  7.29969309e-01 
-4.46339000e-04  7.30343933e-01 
-4.46338000e-04  7.30718642e-01 
-4.46337000e-04  7.31093435e-01 
-4.46336000e-04  7.31468312e-01 
-4.46335000e-04  7.31843274e-01 
-4.46334000e-04  7.32218319e-01 
-4.46333000e-04  7.32593449e-01 
-4.46332000e-04  7.32968663e-01 
-4.46331000e-04  7.33343961e-01 
-4.46330000e-04  7.33719343e-01 
-4.46329000e-04  7.34094808e-01 
-4.46328000e-04  7.34470357e-01 
-4.46327000e-04  7.34845990e-01 
-4.46326000e-04  7.35221706e-01 
-4.46325000e-04  7.35597507e-01 
-4.46324000e-04  7.35973390e-01 
-4.46323000e-04  7.36349357e-01 
-4.46322000e-04  7.36725407e-01 
-4.46321000e-04  7.37101541e-01 
-4.46320000e-04  7.37477757e-01 
-4.46319000e-04  7.37854057e-01 
-4.46318000e-04  7.38230439e-01 
-4.46317000e-04  7.38606905e-01 
-4.46316000e-04  7.38983453e-01 
-4.46315000e-04  7.39360084e-01 
-4.46314000e-04  7.39736798e-01 
-4.46313000e-04  7.40113594e-01 
-4.46312000e-04  7.40490474e-01 
-4.46311000e-04  7.40867435e-01 
-4.46310000e-04  7.41244479e-01 
-4.46309000e-04  7.41621605e-01 
-4.46308000e-04  7.41998814e-01 
-4.46307000e-04  7.42376105e-01 
-4.46306000e-04  7.42753478e-01 
-4.46305000e-04  7.43130932e-01 
-4.46304000e-04  7.43508469e-01 
-4.46303000e-04  7.43886088e-01 
-4.46302000e-04  7.44263789e-01 
-4.46301000e-04  7.44641571e-01 
-4.46300000e-04  7.45019435e-01 
-4.46299000e-04  7.45397381e-01 
-4.46298000e-04  7.45775408e-01 
-4.46297000e-04  7.46153517e-01 
-4.46296000e-04  7.46531707e-01 
-4.46295000e-04  7.46909978e-01 
-4.46294000e-04  7.47288331e-01 
-4.46293000e-04  7.47666765e-01 
-4.46292000e-04  7.48045280e-01 
-4.46291000e-04  7.48423876e-01 
-4.46290000e-04  7.48802553e-01 
-4.46289000e-04  7.49181311e-01 
-4.46288000e-04  7.49560149e-01 
-4.46287000e-04  7.49939068e-01 
-4.46286000e-04  7.50318068e-01 
-4.46285000e-04  7.50697149e-01 
-4.46284000e-04  7.51076310e-01 
-4.46283000e-04  7.51455551e-01 
-4.46282000e-04  7.51834873e-01 
-4.46281000e-04  7.52214275e-01 
-4.46280000e-04  7.52593758e-01 
-4.46279000e-04  7.52973320e-01 
-4.46278000e-04  7.53352963e-01 
-4.46277000e-04  7.53732686e-01 
-4.46276000e-04  7.54112488e-01 
-4.46275000e-04  7.54492370e-01 
-4.46274000e-04  7.54872333e-01 
-4.46273000e-04  7.55252375e-01 
-4.46272000e-04  7.55632496e-01 
-4.46271000e-04  7.56012697e-01 
-4.46270000e-04  7.56392978e-01 
-4.46269000e-04  7.56773338e-01 
-4.46268000e-04  7.57153777e-01 
-4.46267000e-04  7.57534296e-01 
-4.46266000e-04  7.57914893e-01 
-4.46265000e-04  7.58295570e-01 
-4.46264000e-04  7.58676326e-01 
-4.46263000e-04  7.59057161e-01 
-4.46262000e-04  7.59438075e-01 
-4.46261000e-04  7.59819068e-01 
-4.46260000e-04  7.60200139e-01 
-4.46259000e-04  7.60581289e-01 
-4.46258000e-04  7.60962518e-01 
-4.46257000e-04  7.61343825e-01 
-4.46256000e-04  7.61725211e-01 
-4.46255000e-04  7.62106675e-01 
-4.46254000e-04  7.62488218e-01 
-4.46253000e-04  7.62869838e-01 
-4.46252000e-04  7.63251537e-01 
-4.46251000e-04  7.63633314e-01 
-4.46250000e-04  7.64015169e-01 
-4.46249000e-04  7.64397102e-01 
-4.46248000e-04  7.64779113e-01 
-4.46247000e-04  7.65161202e-01 
-4.46246000e-04  7.65543368e-01 
-4.46245000e-04  7.65925612e-01 
-4.46244000e-04  7.66307934e-01 
-4.46243000e-04  7.66690333e-01 
-4.46242000e-04  7.67072809e-01 
-4.46241000e-04  7.67455364e-01 
-4.46240000e-04  7.67837995e-01 
-4.46239000e-04  7.68220703e-01 
-4.46238000e-04  7.68603489e-01 
-4.46237000e-04  7.68986352e-01 
-4.46236000e-04  7.69369292e-01 
-4.46235000e-04  7.69752308e-01 
-4.46234000e-04  7.70135402e-01 
-4.46233000e-04  7.70518572e-01 
-4.46232000e-04  7.70901819e-01 
-4.46231000e-04  7.71285143e-01 
-4.46230000e-04  7.71668543e-01 
-4.46229000e-04  7.72052020e-01 
-4.46228000e-04  7.72435573e-01 
-4.46227000e-04  7.72819203e-01 
-4.46226000e-04  7.73202909e-01 
-4.46225000e-04  7.73586691e-01 
-4.46224000e-04  7.73970549e-01 
-4.46223000e-04  7.74354483e-01 
-4.46222000e-04  7.74738494e-01 
-4.46221000e-04  7.75122580e-01 
-4.46220000e-04  7.75506741e-01 
-4.46219000e-04  7.75890979e-01 
-4.46218000e-04  7.76275293e-01 
-4.46217000e-04  7.76659682e-01 
-4.46216000e-04  7.77044146e-01 
-4.46215000e-04  7.77428687e-01 
-4.46214000e-04  7.77813302e-01 
-4.46213000e-04  7.78197993e-01 
-4.46212000e-04  7.78582759e-01 
-4.46211000e-04  7.78967600e-01 
-4.46210000e-04  7.79352517e-01 
-4.46209000e-04  7.79737508e-01 
-4.46208000e-04  7.80122575e-01 
-4.46207000e-04  7.80507716e-01 
-4.46206000e-04  7.80892932e-01 
-4.46205000e-04  7.81278223e-01 
-4.46204000e-04  7.81663588e-01 
-4.46203000e-04  7.82049029e-01 
-4.46202000e-04  7.82434543e-01 
-4.46201000e-04  7.82820132e-01 
-4.46200000e-04  7.83205796e-01 
-4.46199000e-04  7.83591534e-01 
-4.46198000e-04  7.83977346e-01 
-4.46197000e-04  7.84363232e-01 
-4.46196000e-04  7.84749193e-01 
-4.46195000e-04  7.85135227e-01 
-4.46194000e-04  7.85521336e-01 
-4.46193000e-04  7.85907518e-01 
-4.46192000e-04  7.86293774e-01 
-4.46191000e-04  7.86680103e-01 
-4.46190000e-04  7.87066507e-01 
-4.46189000e-04  7.87452984e-01 
-4.46188000e-04  7.87839534e-01 
-4.46187000e-04  7.88226158e-01 
-4.46186000e-04  7.88612856e-01 
-4.46185000e-04  7.88999627e-01 
-4.46184000e-04  7.89386470e-01 
-4.46183000e-04  7.89773387e-01 
-4.46182000e-04  7.90160378e-01 
-4.46181000e-04  7.90547441e-01 
-4.46180000e-04  7.90934577e-01 
-4.46179000e-04  7.91321785e-01 
-4.46178000e-04  7.91709067e-01 
-4.46177000e-04  7.92096421e-01 
-4.46176000e-04  7.92483849e-01 
-4.46175000e-04  7.92871348e-01 
-4.46174000e-04  7.93258920e-01 
-4.46173000e-04  7.93646565e-01 
-4.46172000e-04  7.94034282e-01 
-4.46171000e-04  7.94422071e-01 
-4.46170000e-04  7.94809932e-01 
-4.46169000e-04  7.95197866e-01 
-4.46168000e-04  7.95585871e-01 
-4.46167000e-04  7.95973949e-01 
-4.46166000e-04  7.96362098e-01 
-4.46165000e-04  7.96750320e-01 
-4.46164000e-04  7.97138613e-01 
-4.46163000e-04  7.97526978e-01 
-4.46162000e-04  7.97915414e-01 
-4.46161000e-04  7.98303922e-01 
-4.46160000e-04  7.98692502e-01 
-4.46159000e-04  7.99081153e-01 
-4.46158000e-04  7.99469875e-01 
-4.46157000e-04  7.99858668e-01 
-4.46156000e-04  8.00247533e-01 
-4.46155000e-04  8.00636469e-01 
-4.46154000e-04  8.01025475e-01 
-4.46153000e-04  8.01414553e-01 
-4.46152000e-04  8.01803702e-01 
-4.46151000e-04  8.02192922e-01 
-4.46150000e-04  8.02582212e-01 
-4.46149000e-04  8.02971573e-01 
-4.46148000e-04  8.03361005e-01 
-4.46147000e-04  8.03750507e-01 
-4.46146000e-04  8.04140079e-01 
-4.46145000e-04  8.04529722e-01 
-4.46144000e-04  8.04919436e-01 
-4.46143000e-04  8.05309219e-01 
-4.46142000e-04  8.05699073e-01 
-4.46141000e-04  8.06088997e-01 
-4.46140000e-04  8.06478991e-01 
-4.46139000e-04  8.06869055e-01 
-4.46138000e-04  8.07259188e-01 
-4.46137000e-04  8.07649392e-01 
-4.46136000e-04  8.08039665e-01 
-4.46135000e-04  8.08430008e-01 
-4.46134000e-04  8.08820421e-01 
-4.46133000e-04  8.09210903e-01 
-4.46132000e-04  8.09601454e-01 
-4.46131000e-04  8.09992075e-01 
-4.46130000e-04  8.10382765e-01 
-4.46129000e-04  8.10773525e-01 
-4.46128000e-04  8.11164354e-01 
-4.46127000e-04  8.11555251e-01 
-4.46126000e-04  8.11946218e-01 
-4.46125000e-04  8.12337254e-01 
-4.46124000e-04  8.12728358e-01 
-4.46123000e-04  8.13119532e-01 
-4.46122000e-04  8.13510774e-01 
-4.46121000e-04  8.13902085e-01 
-4.46120000e-04  8.14293464e-01 
-4.46119000e-04  8.14684912e-01 
-4.46118000e-04  8.15076428e-01 
-4.46117000e-04  8.15468013e-01 
-4.46116000e-04  8.15859666e-01 
-4.46115000e-04  8.16251387e-01 
-4.46114000e-04  8.16643176e-01 
-4.46113000e-04  8.17035034e-01 
-4.46112000e-04  8.17426959e-01 
-4.46111000e-04  8.17818952e-01 
-4.46110000e-04  8.18211014e-01 
-4.46109000e-04  8.18603143e-01 
-4.46108000e-04  8.18995340e-01 
-4.46107000e-04  8.19387604e-01 
-4.46106000e-04  8.19779936e-01 
-4.46105000e-04  8.20172335e-01 
-4.46104000e-04  8.20564802e-01 
-4.46103000e-04  8.20957337e-01 
-4.46102000e-04  8.21349938e-01 
-4.46101000e-04  8.21742607e-01 
-4.46100000e-04  8.22135343e-01 
-4.46099000e-04  8.22528146e-01 
-4.46098000e-04  8.22921015e-01 
-4.46097000e-04  8.23313953e-01 
-4.46096000e-04  8.23706956e-01 
-4.46095000e-04  8.24100027e-01 
-4.46094000e-04  8.24493164e-01 
-4.46093000e-04  8.24886368e-01 
-4.46092000e-04  8.25279638e-01 
-4.46091000e-04  8.25672975e-01 
-4.46090000e-04  8.26066378e-01 
-4.46089000e-04  8.26459848e-01 
-4.46088000e-04  8.26853384e-01 
-4.46087000e-04  8.27246986e-01 
-4.46086000e-04  8.27640654e-01 
-4.46085000e-04  8.28034389e-01 
-4.46084000e-04  8.28428189e-01 
-4.46083000e-04  8.28822055e-01 
-4.46082000e-04  8.29215987e-01 
-4.46081000e-04  8.29609985e-01 
-4.46080000e-04  8.30004049e-01 
-4.46079000e-04  8.30398178e-01 
-4.46078000e-04  8.30792372e-01 
-4.46077000e-04  8.31186633e-01 
-4.46076000e-04  8.31580958e-01 
-4.46075000e-04  8.31975349e-01 
-4.46074000e-04  8.32369805e-01 
-4.46073000e-04  8.32764327e-01 
-4.46072000e-04  8.33158913e-01 
-4.46071000e-04  8.33553565e-01 
-4.46070000e-04  8.33948281e-01 
-4.46069000e-04  8.34343063e-01 
-4.46068000e-04  8.34737909e-01 
-4.46067000e-04  8.35132820e-01 
-4.46066000e-04  8.35527796e-01 
-4.46065000e-04  8.35922836e-01 
-4.46064000e-04  8.36317941e-01 
-4.46063000e-04  8.36713111e-01 
-4.46062000e-04  8.37108344e-01 
-4.46061000e-04  8.37503642e-01 
-4.46060000e-04  8.37899005e-01 
-4.46059000e-04  8.38294431e-01 
-4.46058000e-04  8.38689922e-01 
-4.46057000e-04  8.39085477e-01 
-4.46056000e-04  8.39481095e-01 
-4.46055000e-04  8.39876778e-01 
-4.46054000e-04  8.40272524e-01 
-4.46053000e-04  8.40668334e-01 
-4.46052000e-04  8.41064208e-01 
-4.46051000e-04  8.41460146e-01 
-4.46050000e-04  8.41856147e-01 
-4.46049000e-04  8.42252211e-01 
-4.46048000e-04  8.42648339e-01 
-4.46047000e-04  8.43044530e-01 
-4.46046000e-04  8.43440784e-01 
-4.46045000e-04  8.43837102e-01 
-4.46044000e-04  8.44233483e-01 
-4.46043000e-04  8.44629926e-01 
-4.46042000e-04  8.45026433e-01 
-4.46041000e-04  8.45423003e-01 
-4.46040000e-04  8.45819635e-01 
-4.46039000e-04  8.46216330e-01 
-4.46038000e-04  8.46613088e-01 
-4.46037000e-04  8.47009908e-01 
-4.46036000e-04  8.47406791e-01 
-4.46035000e-04  8.47803737e-01 
-4.46034000e-04  8.48200744e-01 
-4.46033000e-04  8.48597815e-01 
-4.46032000e-04  8.48994947e-01 
-4.46031000e-04  8.49392141e-01 
-4.46030000e-04  8.49789398e-01 
-4.46029000e-04  8.50186717e-01 
-4.46028000e-04  8.50584097e-01 
-4.46027000e-04  8.50981540e-01 
-4.46026000e-04  8.51379044e-01 
-4.46025000e-04  8.51776610e-01 
-4.46024000e-04  8.52174238e-01 
-4.46023000e-04  8.52571927e-01 
-4.46022000e-04  8.52969678e-01 
-4.46021000e-04  8.53367491e-01 
-4.46020000e-04  8.53765364e-01 
-4.46019000e-04  8.54163299e-01 
-4.46018000e-04  8.54561296e-01 
-4.46017000e-04  8.54959353e-01 
-4.46016000e-04  8.55357471e-01 
-4.46015000e-04  8.55755651e-01 
-4.46014000e-04  8.56153892e-01 
-4.46013000e-04  8.56552193e-01 
-4.46012000e-04  8.56950555e-01 
-4.46011000e-04  8.57348978e-01 
-4.46010000e-04  8.57747462e-01 
-4.46009000e-04  8.58146006e-01 
-4.46008000e-04  8.58544611e-01 
-4.46007000e-04  8.58943276e-01 
-4.46006000e-04  8.59342001e-01 
-4.46005000e-04  8.59740787e-01 
-4.46004000e-04  8.60139633e-01 
-4.46003000e-04  8.60538539e-01 
-4.46002000e-04  8.60937506e-01 
-4.46001000e-04  8.61336532e-01 
-4.46000000e-04  8.61735619e-01 
-4.45999000e-04  8.62134765e-01 
-4.45998000e-04  8.62533971e-01 
-4.45997000e-04  8.62933237e-01 
-4.45996000e-04  8.63332562e-01 
-4.45995000e-04  8.63731947e-01 
-4.45994000e-04  8.64131392e-01 
-4.45993000e-04  8.64530896e-01 
-4.45992000e-04  8.64930459e-01 
-4.45991000e-04  8.65330082e-01 
-4.45990000e-04  8.65729764e-01 
-4.45989000e-04  8.66129505e-01 
-4.45988000e-04  8.66529305e-01 
-4.45987000e-04  8.66929164e-01 
-4.45986000e-04  8.67329082e-01 
-4.45985000e-04  8.67729060e-01 
-4.45984000e-04  8.68129095e-01 
-4.45983000e-04  8.68529190e-01 
-4.45982000e-04  8.68929343e-01 
-4.45981000e-04  8.69329555e-01 
-4.45980000e-04  8.69729825e-01 
-4.45979000e-04  8.70130154e-01 
-4.45978000e-04  8.70530542e-01 
-4.45977000e-04  8.70930987e-01 
-4.45976000e-04  8.71331491e-01 
-4.45975000e-04  8.71732053e-01 
-4.45974000e-04  8.72132673e-01 
-4.45973000e-04  8.72533351e-01 
-4.45972000e-04  8.72934087e-01 
-4.45971000e-04  8.73334881e-01 
-4.45970000e-04  8.73735733e-01 
-4.45969000e-04  8.74136642e-01 
-4.45968000e-04  8.74537609e-01 
-4.45967000e-04  8.74938634e-01 
-4.45966000e-04  8.75339716e-01 
-4.45965000e-04  8.75740856e-01 
-4.45964000e-04  8.76142053e-01 
-4.45963000e-04  8.76543307e-01 
-4.45962000e-04  8.76944619e-01 
-4.45961000e-04  8.77345988e-01 
-4.45960000e-04  8.77747413e-01 
-4.45959000e-04  8.78148896e-01 
-4.45958000e-04  8.78550436e-01 
-4.45957000e-04  8.78952033e-01 
-4.45956000e-04  8.79353687e-01 
-4.45955000e-04  8.79755397e-01 
-4.45954000e-04  8.80157164e-01 
-4.45953000e-04  8.80558987e-01 
-4.45952000e-04  8.80960868e-01 
-4.45951000e-04  8.81362804e-01 
-4.45950000e-04  8.81764797e-01 
-4.45949000e-04  8.82166847e-01 
-4.45948000e-04  8.82568952e-01 
-4.45947000e-04  8.82971114e-01 
-4.45946000e-04  8.83373331e-01 
-4.45945000e-04  8.83775605e-01 
-4.45944000e-04  8.84177935e-01 
-4.45943000e-04  8.84580321e-01 
-4.45942000e-04  8.84982762e-01 
-4.45941000e-04  8.85385260e-01 
-4.45940000e-04  8.85787812e-01 
-4.45939000e-04  8.86190421e-01 
-4.45938000e-04  8.86593085e-01 
-4.45937000e-04  8.86995805e-01 
-4.45936000e-04  8.87398580e-01 
-4.45935000e-04  8.87801410e-01 
-4.45934000e-04  8.88204295e-01 
-4.45933000e-04  8.88607236e-01 
-4.45932000e-04  8.89010232e-01 
-4.45931000e-04  8.89413283e-01 
-4.45930000e-04  8.89816388e-01 
-4.45929000e-04  8.90219549e-01 
-4.45928000e-04  8.90622765e-01 
-4.45927000e-04  8.91026035e-01 
-4.45926000e-04  8.91429360e-01 
-4.45925000e-04  8.91832740e-01 
-4.45924000e-04  8.92236173e-01 
-4.45923000e-04  8.92639662e-01 
-4.45922000e-04  8.93043205e-01 
-4.45921000e-04  8.93446802e-01 
-4.45920000e-04  8.93850454e-01 
-4.45919000e-04  8.94254160e-01 
-4.45918000e-04  8.94657919e-01 
-4.45917000e-04  8.95061734e-01 
-4.45916000e-04  8.95465601e-01 
-4.45915000e-04  8.95869523e-01 
-4.45914000e-04  8.96273499e-01 
-4.45913000e-04  8.96677528e-01 
-4.45912000e-04  8.97081611e-01 
-4.45911000e-04  8.97485748e-01 
-4.45910000e-04  8.97889938e-01 
-4.45909000e-04  8.98294182e-01 
-4.45908000e-04  8.98698479e-01 
-4.45907000e-04  8.99102830e-01 
-4.45906000e-04  8.99507233e-01 
-4.45905000e-04  8.99911691e-01 
-4.45904000e-04  9.00316201e-01 
-4.45903000e-04  9.00720764e-01 
-4.45902000e-04  9.01125380e-01 
-4.45901000e-04  9.01530049e-01 
-4.45900000e-04  9.01934771e-01 
-4.45899000e-04  9.02339545e-01 
-4.45898000e-04  9.02744373e-01 
-4.45897000e-04  9.03149253e-01 
-4.45896000e-04  9.03554185e-01 
-4.45895000e-04  9.03959170e-01 
-4.45894000e-04  9.04364208e-01 
-4.45893000e-04  9.04769298e-01 
-4.45892000e-04  9.05174440e-01 
-4.45891000e-04  9.05579634e-01 
-4.45890000e-04  9.05984881e-01 
-4.45889000e-04  9.06390179e-01 
-4.45888000e-04  9.06795530e-01 
-4.45887000e-04  9.07200932e-01 
-4.45886000e-04  9.07606386e-01 
-4.45885000e-04  9.08011893e-01 
-4.45884000e-04  9.08417450e-01 
-4.45883000e-04  9.08823060e-01 
-4.45882000e-04  9.09228721e-01 
-4.45881000e-04  9.09634434e-01 
-4.45880000e-04  9.10040198e-01 
-4.45879000e-04  9.10446013e-01 
-4.45878000e-04  9.10851880e-01 
-4.45877000e-04  9.11257797e-01 
-4.45876000e-04  9.11663766e-01 
-4.45875000e-04  9.12069786e-01 
-4.45874000e-04  9.12475858e-01 
-4.45873000e-04  9.12881980e-01 
-4.45872000e-04  9.13288153e-01 
-4.45871000e-04  9.13694376e-01 
-4.45870000e-04  9.14100651e-01 
-4.45869000e-04  9.14506976e-01 
-4.45868000e-04  9.14913352e-01 
-4.45867000e-04  9.15319778e-01 
-4.45866000e-04  9.15726255e-01 
-4.45865000e-04  9.16132782e-01 
-4.45864000e-04  9.16539359e-01 
-4.45863000e-04  9.16945987e-01 
-4.45862000e-04  9.17352664e-01 
-4.45861000e-04  9.17759392e-01 
-4.45860000e-04  9.18166170e-01 
-4.45859000e-04  9.18572998e-01 
-4.45858000e-04  9.18979876e-01 
-4.45857000e-04  9.19386804e-01 
-4.45856000e-04  9.19793781e-01 
-4.45855000e-04  9.20200808e-01 
-4.45854000e-04  9.20607884e-01 
-4.45853000e-04  9.21015011e-01 
-4.45852000e-04  9.21422187e-01 
-4.45851000e-04  9.21829411e-01 
-4.45850000e-04  9.22236686e-01 
-4.45849000e-04  9.22644010e-01 
-4.45848000e-04  9.23051382e-01 
-4.45847000e-04  9.23458804e-01 
-4.45846000e-04  9.23866275e-01 
-4.45845000e-04  9.24273795e-01 
-4.45844000e-04  9.24681364e-01 
-4.45843000e-04  9.25088982e-01 
-4.45842000e-04  9.25496648e-01 
-4.45841000e-04  9.25904363e-01 
-4.45840000e-04  9.26312127e-01 
-4.45839000e-04  9.26719940e-01 
-4.45838000e-04  9.27127800e-01 
-4.45837000e-04  9.27535710e-01 
-4.45836000e-04  9.27943667e-01 
-4.45835000e-04  9.28351673e-01 
-4.45834000e-04  9.28759728e-01 
-4.45833000e-04  9.29167830e-01 
-4.45832000e-04  9.29575980e-01 
-4.45831000e-04  9.29984178e-01 
-4.45830000e-04  9.30392425e-01 
-4.45829000e-04  9.30800719e-01 
-4.45828000e-04  9.31209061e-01 
-4.45827000e-04  9.31617450e-01 
-4.45826000e-04  9.32025888e-01 
-4.45825000e-04  9.32434372e-01 
-4.45824000e-04  9.32842905e-01 
-4.45823000e-04  9.33251484e-01 
-4.45822000e-04  9.33660112e-01 
-4.45821000e-04  9.34068786e-01 
-4.45820000e-04  9.34477508e-01 
-4.45819000e-04  9.34886277e-01 
-4.45818000e-04  9.35295093e-01 
-4.45817000e-04  9.35703956e-01 
-4.45816000e-04  9.36112866e-01 
-4.45815000e-04  9.36521823e-01 
-4.45814000e-04  9.36930826e-01 
-4.45813000e-04  9.37339877e-01 
-4.45812000e-04  9.37748974e-01 
-4.45811000e-04  9.38158118e-01 
-4.45810000e-04  9.38567308e-01 
-4.45809000e-04  9.38976544e-01 
-4.45808000e-04  9.39385828e-01 
-4.45807000e-04  9.39795157e-01 
-4.45806000e-04  9.40204533e-01 
-4.45805000e-04  9.40613955e-01 
-4.45804000e-04  9.41023423e-01 
-4.45803000e-04  9.41432937e-01 
-4.45802000e-04  9.41842496e-01 
-4.45801000e-04  9.42252103e-01 
-4.45800000e-04  9.42661754e-01 
-4.45799000e-04  9.43071452e-01 
-4.45798000e-04  9.43481195e-01 
-4.45797000e-04  9.43890984e-01 
-4.45796000e-04  9.44300819e-01 
-4.45795000e-04  9.44710699e-01 
-4.45794000e-04  9.45120624e-01 
-4.45793000e-04  9.45530595e-01 
-4.45792000e-04  9.45940611e-01 
-4.45791000e-04  9.46350672e-01 
-4.45790000e-04  9.46760778e-01 
-4.45789000e-04  9.47170930e-01 
-4.45788000e-04  9.47581127e-01 
-4.45787000e-04  9.47991368e-01 
-4.45786000e-04  9.48401654e-01 
-4.45785000e-04  9.48811985e-01 
-4.45784000e-04  9.49222361e-01 
-4.45783000e-04  9.49632782e-01 
-4.45782000e-04  9.50043247e-01 
-4.45781000e-04  9.50453756e-01 
-4.45780000e-04  9.50864310e-01 
-4.45779000e-04  9.51274909e-01 
-4.45778000e-04  9.51685552e-01 
-4.45777000e-04  9.52096239e-01 
-4.45776000e-04  9.52506970e-01 
-4.45775000e-04  9.52917745e-01 
-4.45774000e-04  9.53328565e-01 
-4.45773000e-04  9.53739428e-01 
-4.45772000e-04  9.54150335e-01 
-4.45771000e-04  9.54561286e-01 
-4.45770000e-04  9.54972281e-01 
-4.45769000e-04  9.55383320e-01 
-4.45768000e-04  9.55794402e-01 
-4.45767000e-04  9.56205528e-01 
-4.45766000e-04  9.56616697e-01 
-4.45765000e-04  9.57027909e-01 
-4.45764000e-04  9.57439166e-01 
-4.45763000e-04  9.57850465e-01 
-4.45762000e-04  9.58261807e-01 
-4.45761000e-04  9.58673193e-01 
-4.45760000e-04  9.59084621e-01 
-4.45759000e-04  9.59496093e-01 
-4.45758000e-04  9.59907608e-01 
-4.45757000e-04  9.60319165e-01 
-4.45756000e-04  9.60730766e-01 
-4.45755000e-04  9.61142409e-01 
-4.45754000e-04  9.61554095e-01 
-4.45753000e-04  9.61965823e-01 
-4.45752000e-04  9.62377594e-01 
-4.45751000e-04  9.62789407e-01 
-4.45750000e-04  9.63201263e-01 
-4.45749000e-04  9.63613161e-01 
-4.45748000e-04  9.64025101e-01 
-4.45747000e-04  9.64437084e-01 
-4.45746000e-04  9.64849108e-01 
-4.45745000e-04  9.65261175e-01 
-4.45744000e-04  9.65673283e-01 
-4.45743000e-04  9.66085434e-01 
-4.45742000e-04  9.66497626e-01 
-4.45741000e-04  9.66909860e-01 
-4.45740000e-04  9.67322136e-01 
-4.45739000e-04  9.67734454e-01 
-4.45738000e-04  9.68146813e-01 
-4.45737000e-04  9.68559213e-01 
-4.45736000e-04  9.68971655e-01 
-4.45735000e-04  9.69384138e-01 
-4.45734000e-04  9.69796663e-01 
-4.45733000e-04  9.70209229e-01 
-4.45732000e-04  9.70621836e-01 
-4.45731000e-04  9.71034484e-01 
-4.45730000e-04  9.71447173e-01 
-4.45729000e-04  9.71859903e-01 
-4.45728000e-04  9.72272674e-01 
-4.45727000e-04  9.72685485e-01 
-4.45726000e-04  9.73098338e-01 
-4.45725000e-04  9.73511231e-01 
-4.45724000e-04  9.73924165e-01 
-4.45723000e-04  9.74337139e-01 
-4.45722000e-04  9.74750154e-01 
-4.45721000e-04  9.75163209e-01 
-4.45720000e-04  9.75576304e-01 
-4.45719000e-04  9.75989440e-01 
-4.45718000e-04  9.76402616e-01 
-4.45717000e-04  9.76815832e-01 
-4.45716000e-04  9.77229088e-01 
-4.45715000e-04  9.77642384e-01 
-4.45714000e-04  9.78055720e-01 
-4.45713000e-04  9.78469096e-01 
-4.45712000e-04  9.78882512e-01 
-4.45711000e-04  9.79295967e-01 
-4.45710000e-04  9.79709462e-01 
-4.45709000e-04  9.80122997e-01 
-4.45708000e-04  9.80536571e-01 
-4.45707000e-04  9.80950184e-01 
-4.45706000e-04  9.81363837e-01 
-4.45705000e-04  9.81777530e-01 
-4.45704000e-04  9.82191261e-01 
-4.45703000e-04  9.82605032e-01 
-4.45702000e-04  9.83018842e-01 
-4.45701000e-04  9.83432691e-01 
-4.45700000e-04  9.83846579e-01 
-4.45699000e-04  9.84260505e-01 
-4.45698000e-04  9.84674471e-01 
-4.45697000e-04  9.85088475e-01 
-4.45696000e-04  9.85502518e-01 
-4.45695000e-04  9.85916600e-01 
-4.45694000e-04  9.86330720e-01 
-4.45693000e-04  9.86744879e-01 
-4.45692000e-04  9.87159076e-01 
-4.45691000e-04  9.87573311e-01 
-4.45690000e-04  9.87987585e-01 
-4.45689000e-04  9.88401897e-01 
-4.45688000e-04  9.88816247e-01 
-4.45687000e-04  9.89230636e-01 
-4.45686000e-04  9.89645062e-01 
-4.45685000e-04  9.90059526e-01 
-4.45684000e-04  9.90474028e-01 
-4.45683000e-04  9.90888568e-01 
-4.45682000e-04  9.91303146e-01 
-4.45681000e-04  9.91717761e-01 
-4.45680000e-04  9.92132414e-01 
-4.45679000e-04  9.92547105e-01 
-4.45678000e-04  9.92961833e-01 
-4.45677000e-04  9.93376598e-01 
-4.45676000e-04  9.93791401e-01 
-4.45675000e-04  9.94206241e-01 
-4.45674000e-04  9.94621118e-01 
-4.45673000e-04  9.95036032e-01 
-4.45672000e-04  9.95450984e-01 
-4.45671000e-04  9.95865972e-01 
-4.45670000e-04  9.96280998e-01 
-4.45669000e-04  9.96696060e-01 
-4.45668000e-04  9.97111159e-01 
-4.45667000e-04  9.97526295e-01 
-4.45666000e-04  9.97941467e-01 
-4.45665000e-04  9.98356676e-01 
-4.45664000e-04  9.98771922e-01 
-4.45663000e-04  9.99187204e-01 
-4.45662000e-04  9.99602522e-01 
-4.45661000e-04  1.00001788e+00 
-4.45660000e-04  1.00043327e+00 
-4.45659000e-04  1.00084870e+00 
-4.45658000e-04  1.00126416e+00 
-4.45657000e-04  1.00167966e+00 
-4.45656000e-04  1.00209519e+00 
-4.45655000e-04  1.00251077e+00 
-4.45654000e-04  1.00292637e+00 
-4.45653000e-04  1.00334202e+00 
-4.45652000e-04  1.00375769e+00 
-4.45651000e-04  1.00417341e+00 
-4.45650000e-04  1.00458916e+00 
-4.45649000e-04  1.00500494e+00 
-4.45648000e-04  1.00542077e+00 
-4.45647000e-04  1.00583662e+00 
-4.45646000e-04  1.00625251e+00 
-4.45645000e-04  1.00666844e+00 
-4.45644000e-04  1.00708440e+00 
-4.45643000e-04  1.00750040e+00 
-4.45642000e-04  1.00791643e+00 
-4.45641000e-04  1.00833250e+00 
-4.45640000e-04  1.00874860e+00 
-4.45639000e-04  1.00916474e+00 
-4.45638000e-04  1.00958091e+00 
-4.45637000e-04  1.00999712e+00 
-4.45636000e-04  1.01041336e+00 
-4.45635000e-04  1.01082963e+00 
-4.45634000e-04  1.01124594e+00 
-4.45633000e-04  1.01166229e+00 
-4.45632000e-04  1.01207867e+00 
-4.45631000e-04  1.01249508e+00 
-4.45630000e-04  1.01291153e+00 
-4.45629000e-04  1.01332801e+00 
-4.45628000e-04  1.01374453e+00 
-4.45627000e-04  1.01416108e+00 
-4.45626000e-04  1.01457766e+00 
-4.45625000e-04  1.01499428e+00 
-4.45624000e-04  1.01541093e+00 
-4.45623000e-04  1.01582762e+00 
-4.45622000e-04  1.01624434e+00 
-4.45621000e-04  1.01666109e+00 
-4.45620000e-04  1.01707788e+00 
-4.45619000e-04  1.01749470e+00 
-4.45618000e-04  1.01791155e+00 
-4.45617000e-04  1.01832844e+00 
-4.45616000e-04  1.01874536e+00 
-4.45615000e-04  1.01916231e+00 
-4.45614000e-04  1.01957930e+00 
-4.45613000e-04  1.01999632e+00 
-4.45612000e-04  1.02041337e+00 
-4.45611000e-04  1.02083046e+00 
-4.45610000e-04  1.02124757e+00 
-4.45609000e-04  1.02166473e+00 
-4.45608000e-04  1.02208191e+00 
-4.45607000e-04  1.02249913e+00 
-4.45606000e-04  1.02291638e+00 
-4.45605000e-04  1.02333366e+00 
-4.45604000e-04  1.02375097e+00 
-4.45603000e-04  1.02416832e+00 
-4.45602000e-04  1.02458570e+00 
-4.45601000e-04  1.02500311e+00 
-4.45600000e-04  1.02542056e+00 
-4.45599000e-04  1.02583803e+00 
-4.45598000e-04  1.02625554e+00 
-4.45597000e-04  1.02667308e+00 
-4.45596000e-04  1.02709066e+00 
-4.45595000e-04  1.02750826e+00 
-4.45594000e-04  1.02792590e+00 
-4.45593000e-04  1.02834356e+00 
-4.45592000e-04  1.02876126e+00 
-4.45591000e-04  1.02917900e+00 
-4.45590000e-04  1.02959676e+00 
-4.45589000e-04  1.03001455e+00 
-4.45588000e-04  1.03043238e+00 
-4.45587000e-04  1.03085024e+00 
-4.45586000e-04  1.03126813e+00 
-4.45585000e-04  1.03168605e+00 
-4.45584000e-04  1.03210400e+00 
-4.45583000e-04  1.03252198e+00 
-4.45582000e-04  1.03293999e+00 
-4.45581000e-04  1.03335804e+00 
-4.45580000e-04  1.03377611e+00 
-4.45579000e-04  1.03419422e+00 
-4.45578000e-04  1.03461236e+00 
-4.45577000e-04  1.03503052e+00 
-4.45576000e-04  1.03544872e+00 
-4.45575000e-04  1.03586695e+00 
-4.45574000e-04  1.03628521e+00 
-4.45573000e-04  1.03670350e+00 
-4.45572000e-04  1.03712182e+00 
-4.45571000e-04  1.03754017e+00 
-4.45570000e-04  1.03795855e+00 
-4.45569000e-04  1.03837697e+00 
-4.45568000e-04  1.03879541e+00 
-4.45567000e-04  1.03921388e+00 
-4.45566000e-04  1.03963238e+00 
-4.45565000e-04  1.04005091e+00 
-4.45564000e-04  1.04046947e+00 
-4.45563000e-04  1.04088806e+00 
-4.45562000e-04  1.04130668e+00 
-4.45561000e-04  1.04172534e+00 
-4.45560000e-04  1.04214402e+00 
-4.45559000e-04  1.04256273e+00 
-4.45558000e-04  1.04298146e+00 
-4.45557000e-04  1.04340023e+00 
-4.45556000e-04  1.04381903e+00 
-4.45555000e-04  1.04423786e+00 
-4.45554000e-04  1.04465671e+00 
-4.45553000e-04  1.04507560e+00 
-4.45552000e-04  1.04549452e+00 
-4.45551000e-04  1.04591346e+00 
-4.45550000e-04  1.04633243e+00 
-4.45549000e-04  1.04675143e+00 
-4.45548000e-04  1.04717046e+00 
-4.45547000e-04  1.04758952e+00 
-4.45546000e-04  1.04800861e+00 
-4.45545000e-04  1.04842773e+00 
-4.45544000e-04  1.04884687e+00 
-4.45543000e-04  1.04926605e+00 
-4.45542000e-04  1.04968525e+00 
-4.45541000e-04  1.05010448e+00 
-4.45540000e-04  1.05052374e+00 
-4.45539000e-04  1.05094302e+00 
-4.45538000e-04  1.05136234e+00 
-4.45537000e-04  1.05178168e+00 
-4.45536000e-04  1.05220105e+00 
-4.45535000e-04  1.05262045e+00 
-4.45534000e-04  1.05303988e+00 
-4.45533000e-04  1.05345934e+00 
-4.45532000e-04  1.05387882e+00 
-4.45531000e-04  1.05429833e+00 
-4.45530000e-04  1.05471787e+00 
-4.45529000e-04  1.05513743e+00 
-4.45528000e-04  1.05555703e+00 
-4.45527000e-04  1.05597665e+00 
-4.45526000e-04  1.05639630e+00 
-4.45525000e-04  1.05681597e+00 
-4.45524000e-04  1.05723567e+00 
-4.45523000e-04  1.05765540e+00 
-4.45522000e-04  1.05807516e+00 
-4.45521000e-04  1.05849494e+00 
-4.45520000e-04  1.05891476e+00 
-4.45519000e-04  1.05933459e+00 
-4.45518000e-04  1.05975446e+00 
-4.45517000e-04  1.06017435e+00 
-4.45516000e-04  1.06059427e+00 
-4.45515000e-04  1.06101421e+00 
-4.45514000e-04  1.06143419e+00 
-4.45513000e-04  1.06185418e+00 
-4.45512000e-04  1.06227421e+00 
-4.45511000e-04  1.06269426e+00 
-4.45510000e-04  1.06311434e+00 
-4.45509000e-04  1.06353444e+00 
-4.45508000e-04  1.06395457e+00 
-4.45507000e-04  1.06437473e+00 
-4.45506000e-04  1.06479491e+00 
-4.45505000e-04  1.06521512e+00 
-4.45504000e-04  1.06563535e+00 
-4.45503000e-04  1.06605562e+00 
-4.45502000e-04  1.06647590e+00 
-4.45501000e-04  1.06689621e+00 
-4.45500000e-04  1.06731655e+00 
