 v-sweep         Vout           
-4.50000000e-04  2.94944541e-01 
-4.49992000e-04  2.95081131e-01 
-4.49984000e-04  2.95204840e-01 
-4.49976000e-04  2.95328813e-01 
-4.49968000e-04  2.95453084e-01 
-4.49960000e-04  2.95577655e-01 
-4.49952000e-04  2.95702526e-01 
-4.49944000e-04  2.95827701e-01 
-4.49936000e-04  2.95953181e-01 
-4.49928000e-04  2.96078968e-01 
-4.49920000e-04  2.96205063e-01 
-4.49912000e-04  2.96331468e-01 
-4.49904000e-04  2.96458186e-01 
-4.49896000e-04  2.96585218e-01 
-4.49888000e-04  2.96712567e-01 
-4.49880000e-04  2.96840233e-01 
-4.49872000e-04  2.96968219e-01 
-4.49864000e-04  2.97096527e-01 
-4.49856000e-04  2.97225159e-01 
-4.49848000e-04  2.97354117e-01 
-4.49840000e-04  2.97483403e-01 
-4.49832000e-04  2.97613019e-01 
-4.49824000e-04  2.97742967e-01 
-4.49816000e-04  2.97873249e-01 
-4.49808000e-04  2.98003867e-01 
-4.49800000e-04  2.98134824e-01 
-4.49792000e-04  2.98266121e-01 
-4.49784000e-04  2.98397761e-01 
-4.49776000e-04  2.98529745e-01 
-4.49768000e-04  2.98662077e-01 
-4.49760000e-04  2.98794757e-01 
-4.49752000e-04  2.98927790e-01 
-4.49744000e-04  2.99061176e-01 
-4.49736000e-04  2.99194917e-01 
-4.49728000e-04  2.99329018e-01 
-4.49720000e-04  2.99463479e-01 
-4.49712000e-04  2.99598303e-01 
-4.49704000e-04  2.99733492e-01 
-4.49696000e-04  2.99869049e-01 
-4.49688000e-04  3.00004977e-01 
-4.49680000e-04  3.00141277e-01 
-4.49672000e-04  3.00277952e-01 
-4.49664000e-04  3.00415005e-01 
-4.49656000e-04  3.00552438e-01 
-4.49648000e-04  3.00690254e-01 
-4.49640000e-04  3.00828456e-01 
-4.49632000e-04  3.00967045e-01 
-4.49624000e-04  3.01106025e-01 
-4.49616000e-04  3.01245398e-01 
-4.49608000e-04  3.01385168e-01 
-4.49600000e-04  3.01525336e-01 
-4.49592000e-04  3.01665905e-01 
-4.49584000e-04  3.01806878e-01 
-4.49576000e-04  3.01948259e-01 
-4.49568000e-04  3.02090049e-01 
-4.49560000e-04  3.02232253e-01 
-4.49552000e-04  3.02374871e-01 
-4.49544000e-04  3.02517909e-01 
-4.49536000e-04  3.02661368e-01 
-4.49528000e-04  3.02805251e-01 
-4.49520000e-04  3.02949562e-01 
-4.49512000e-04  3.03094303e-01 
-4.49504000e-04  3.03239479e-01 
-4.49496000e-04  3.03385092e-01 
-4.49488000e-04  3.03531144e-01 
-4.49480000e-04  3.03677640e-01 
-4.49472000e-04  3.03824582e-01 
-4.49464000e-04  3.03971974e-01 
-4.49456000e-04  3.04119819e-01 
-4.49448000e-04  3.04268120e-01 
-4.49440000e-04  3.04416881e-01 
-4.49432000e-04  3.04566106e-01 
-4.49424000e-04  3.04715796e-01 
-4.49416000e-04  3.04865957e-01 
-4.49408000e-04  3.05016592e-01 
-4.49400000e-04  3.05167704e-01 
-4.49392000e-04  3.05319297e-01 
-4.49384000e-04  3.05471374e-01 
-4.49376000e-04  3.05623939e-01 
-4.49368000e-04  3.05776997e-01 
-4.49360000e-04  3.05930550e-01 
-4.49352000e-04  3.06084603e-01 
-4.49344000e-04  3.06239160e-01 
-4.49336000e-04  3.06394223e-01 
-4.49328000e-04  3.06549799e-01 
-4.49320000e-04  3.06705889e-01 
-4.49312000e-04  3.06862499e-01 
-4.49304000e-04  3.07019633e-01 
-4.49296000e-04  3.07177295e-01 
-4.49288000e-04  3.07335488e-01 
-4.49280000e-04  3.07494218e-01 
-4.49272000e-04  3.07653488e-01 
-4.49264000e-04  3.07813304e-01 
-4.49256000e-04  3.07973668e-01 
-4.49248000e-04  3.08134587e-01 
-4.49240000e-04  3.08296064e-01 
-4.49232000e-04  3.08458104e-01 
-4.49224000e-04  3.08620712e-01 
-4.49216000e-04  3.08783892e-01 
-4.49208000e-04  3.08947649e-01 
-4.49200000e-04  3.09111988e-01 
-4.49192000e-04  3.09276915e-01 
-4.49184000e-04  3.09442433e-01 
-4.49176000e-04  3.09608548e-01 
-4.49168000e-04  3.09775265e-01 
-4.49160000e-04  3.09942589e-01 
-4.49152000e-04  3.10110525e-01 
-4.49144000e-04  3.10279079e-01 
-4.49136000e-04  3.10448256e-01 
-4.49128000e-04  3.10618061e-01 
-4.49120000e-04  3.10788500e-01 
-4.49112000e-04  3.10959579e-01 
-4.49104000e-04  3.11131303e-01 
-4.49096000e-04  3.11303678e-01 
-4.49088000e-04  3.11476709e-01 
-4.49080000e-04  3.11650403e-01 
-4.49072000e-04  3.11824765e-01 
-4.49064000e-04  3.11999802e-01 
-4.49056000e-04  3.12175519e-01 
-4.49048000e-04  3.12351924e-01 
-4.49040000e-04  3.12529021e-01 
-4.49032000e-04  3.12706818e-01 
-4.49024000e-04  3.12885321e-01 
-4.49016000e-04  3.13064536e-01 
-4.49008000e-04  3.13244471e-01 
-4.49000000e-04  3.13425132e-01 
-4.48992000e-04  3.13606525e-01 
-4.48984000e-04  3.13788658e-01 
-4.48976000e-04  3.13971538e-01 
-4.48968000e-04  3.14155172e-01 
-4.48960000e-04  3.14339567e-01 
-4.48952000e-04  3.14524730e-01 
-4.48944000e-04  3.14710669e-01 
-4.48936000e-04  3.14897392e-01 
-4.48928000e-04  3.15084906e-01 
-4.48920000e-04  3.15273219e-01 
-4.48912000e-04  3.15462339e-01 
-4.48904000e-04  3.15652274e-01 
-4.48896000e-04  3.15843032e-01 
-4.48888000e-04  3.16034621e-01 
-4.48880000e-04  3.16227050e-01 
-4.48872000e-04  3.16420327e-01 
-4.48864000e-04  3.16614461e-01 
-4.48856000e-04  3.16809460e-01 
-4.48848000e-04  3.17005335e-01 
-4.48840000e-04  3.17202093e-01 
-4.48832000e-04  3.17399743e-01 
-4.48824000e-04  3.17598296e-01 
-4.48816000e-04  3.17797761e-01 
-4.48808000e-04  3.17998147e-01 
-4.48800000e-04  3.18199464e-01 
-4.48792000e-04  3.18401723e-01 
-4.48784000e-04  3.18604932e-01 
-4.48776000e-04  3.18809103e-01 
-4.48768000e-04  3.19014247e-01 
-4.48760000e-04  3.19220372e-01 
-4.48752000e-04  3.19427492e-01 
-4.48744000e-04  3.19635615e-01 
-4.48736000e-04  3.19844754e-01 
-4.48728000e-04  3.20054920e-01 
-4.48720000e-04  3.20266125e-01 
-4.48712000e-04  3.20478379e-01 
-4.48704000e-04  3.20691696e-01 
-4.48696000e-04  3.20906087e-01 
-4.48688000e-04  3.21121565e-01 
-4.48680000e-04  3.21338142e-01 
-4.48672000e-04  3.21555830e-01 
-4.48664000e-04  3.21774644e-01 
-4.48656000e-04  3.21994596e-01 
-4.48648000e-04  3.22215700e-01 
-4.48640000e-04  3.22437969e-01 
-4.48632000e-04  3.22661417e-01 
-4.48624000e-04  3.22886059e-01 
-4.48616000e-04  3.23111909e-01 
-4.48608000e-04  3.23338982e-01 
-4.48600000e-04  3.23567293e-01 
-4.48592000e-04  3.23796856e-01 
-4.48584000e-04  3.24027689e-01 
-4.48576000e-04  3.24259805e-01 
-4.48568000e-04  3.24493223e-01 
-4.48560000e-04  3.24727957e-01 
-4.48552000e-04  3.24964026e-01 
-4.48544000e-04  3.25201445e-01 
-4.48536000e-04  3.25440233e-01 
-4.48528000e-04  3.25680407e-01 
-4.48520000e-04  3.25921986e-01 
-4.48512000e-04  3.26164987e-01 
-4.48504000e-04  3.26409429e-01 
-4.48496000e-04  3.26655333e-01 
-4.48488000e-04  3.26902717e-01 
-4.48480000e-04  3.27151601e-01 
-4.48472000e-04  3.27402006e-01 
-4.48464000e-04  3.27653953e-01 
-4.48456000e-04  3.27907462e-01 
-4.48448000e-04  3.28162557e-01 
-4.48440000e-04  3.28419257e-01 
-4.48432000e-04  3.28677587e-01 
-4.48424000e-04  3.28937570e-01 
-4.48416000e-04  3.29199228e-01 
-4.48408000e-04  3.29462586e-01 
-4.48400000e-04  3.29727669e-01 
-4.48392000e-04  3.29994502e-01 
-4.48384000e-04  3.30263110e-01 
-4.48376000e-04  3.30533519e-01 
-4.48368000e-04  3.30805757e-01 
-4.48360000e-04  3.31079851e-01 
-4.48352000e-04  3.31355829e-01 
-4.48344000e-04  3.31633719e-01 
-4.48336000e-04  3.31913552e-01 
-4.48328000e-04  3.32195356e-01 
-4.48320000e-04  3.32479163e-01 
-4.48312000e-04  3.32765003e-01 
-4.48304000e-04  3.33052911e-01 
-4.48296000e-04  3.33342917e-01 
-4.48288000e-04  3.33635056e-01 
-4.48280000e-04  3.33929362e-01 
-4.48272000e-04  3.34225871e-01 
-4.48264000e-04  3.34524619e-01 
-4.48256000e-04  3.34825644e-01 
-4.48248000e-04  3.35128982e-01 
-4.48240000e-04  3.35434673e-01 
-4.48232000e-04  3.35742757e-01 
-4.48224000e-04  3.36053275e-01 
-4.48216000e-04  3.36366270e-01 
-4.48208000e-04  3.36681783e-01 
-4.48200000e-04  3.36999860e-01 
-4.48192000e-04  3.37320545e-01 
-4.48184000e-04  3.37643886e-01 
-4.48176000e-04  3.37969930e-01 
-4.48168000e-04  3.38298727e-01 
-4.48160000e-04  3.38630326e-01 
-4.48152000e-04  3.38964780e-01 
-4.48144000e-04  3.39302142e-01 
-4.48136000e-04  3.39642467e-01 
-4.48128000e-04  3.39985811e-01 
-4.48120000e-04  3.40332232e-01 
-4.48112000e-04  3.40681789e-01 
-4.48104000e-04  3.41034543e-01 
-4.48096000e-04  3.41390559e-01 
-4.48088000e-04  3.41749900e-01 
-4.48080000e-04  3.42112634e-01 
-4.48072000e-04  3.42478829e-01 
-4.48064000e-04  3.42848556e-01 
-4.48056000e-04  3.43221888e-01 
-4.48048000e-04  3.43598901e-01 
-4.48040000e-04  3.43979671e-01 
-4.48032000e-04  3.44364280e-01 
-4.48024000e-04  3.44752809e-01 
-4.48016000e-04  3.45145344e-01 
-4.48008000e-04  3.45541973e-01 
-4.48000000e-04  3.45942786e-01 
-4.47992000e-04  3.46347877e-01 
-4.47984000e-04  3.46757342e-01 
-4.47976000e-04  3.47171283e-01 
-4.47968000e-04  3.47589802e-01 
-4.47960000e-04  3.48013006e-01 
-4.47952000e-04  3.48441005e-01 
-4.47944000e-04  3.48873915e-01 
-4.47936000e-04  3.49311852e-01 
-4.47928000e-04  3.49754941e-01 
-4.47920000e-04  3.50203307e-01 
-4.47912000e-04  3.50657082e-01 
-4.47904000e-04  3.51116401e-01 
-4.47896000e-04  3.51581407e-01 
-4.47888000e-04  3.52052245e-01 
-4.47880000e-04  3.52529067e-01 
-4.47872000e-04  3.53012031e-01 
-4.47864000e-04  3.53501298e-01 
-4.47856000e-04  3.53997040e-01 
-4.47848000e-04  3.54499431e-01 
-4.47840000e-04  3.55008654e-01 
-4.47832000e-04  3.55524900e-01 
-4.47824000e-04  3.56048365e-01 
-4.47816000e-04  3.56579254e-01 
-4.47808000e-04  3.57117781e-01 
-4.47800000e-04  3.57664166e-01 
-4.47792000e-04  3.58218641e-01 
-4.47784000e-04  3.58781445e-01 
-4.47776000e-04  3.59352827e-01 
-4.47768000e-04  3.59933047e-01 
-4.47760000e-04  3.60522375e-01 
-4.47752000e-04  3.61121092e-01 
-4.47744000e-04  3.61729491e-01 
-4.47736000e-04  3.62347876e-01 
-4.47728000e-04  3.62976564e-01 
-4.47720000e-04  3.63615885e-01 
-4.47712000e-04  3.64266183e-01 
-4.47704000e-04  3.64927815e-01 
-4.47696000e-04  3.65601153e-01 
-4.47688000e-04  3.66286582e-01 
-4.47680000e-04  3.66984505e-01 
-4.47672000e-04  3.67695340e-01 
-4.47664000e-04  3.68419519e-01 
-4.47656000e-04  3.69157493e-01 
-4.47648000e-04  3.69909727e-01 
-4.47640000e-04  3.70676706e-01 
-4.47632000e-04  3.71458929e-01 
-4.47624000e-04  3.72256912e-01 
-4.47616000e-04  3.73071190e-01 
-4.47608000e-04  3.73902311e-01 
-4.47600000e-04  3.74750841e-01 
-4.47592000e-04  3.75617360e-01 
-4.47584000e-04  3.76502461e-01 
-4.47576000e-04  3.77406751e-01 
-4.47568000e-04  3.78330849e-01 
-4.47560000e-04  3.79275381e-01 
-4.47552000e-04  3.80240982e-01 
-4.47544000e-04  3.81228290e-01 
-4.47536000e-04  3.82237945e-01 
-4.47528000e-04  3.83270587e-01 
-4.47520000e-04  3.84326849e-01 
-4.47512000e-04  3.85407354e-01 
-4.47504000e-04  3.86512713e-01 
-4.47496000e-04  3.87643518e-01 
-4.47488000e-04  3.88800336e-01 
-4.47480000e-04  3.89983707e-01 
-4.47472000e-04  3.91194137e-01 
-4.47464000e-04  3.92432093e-01 
-4.47456000e-04  3.93697998e-01 
-4.47448000e-04  3.94992226e-01 
-4.47440000e-04  3.96315097e-01 
-4.47432000e-04  3.97666876e-01 
-4.47424000e-04  3.99047764e-01 
-4.47416000e-04  4.00457901e-01 
-4.47408000e-04  4.01897361e-01 
-4.47400000e-04  4.03366152e-01 
-4.47392000e-04  4.04864215e-01 
-4.47384000e-04  4.06391426e-01 
-4.47376000e-04  4.07947598e-01 
-4.47368000e-04  4.09532483e-01 
-4.47360000e-04  4.11145774e-01 
-4.47352000e-04  4.12787112e-01 
-4.47344000e-04  4.14456087e-01 
-4.47336000e-04  4.16152246e-01 
-4.47328000e-04  4.17875099e-01 
-4.47320000e-04  4.19624122e-01 
-4.47312000e-04  4.21398761e-01 
-4.47304000e-04  4.23198444e-01 
-4.47296000e-04  4.25022579e-01 
-4.47288000e-04  4.26870565e-01 
-4.47280000e-04  4.28741793e-01 
-4.47272000e-04  4.30635651e-01 
-4.47264000e-04  4.32551528e-01 
-4.47256000e-04  4.34488821e-01 
-4.47248000e-04  4.36446931e-01 
-4.47240000e-04  4.38425271e-01 
-4.47232000e-04  4.40423270e-01 
-4.47224000e-04  4.42440367e-01 
-4.47216000e-04  4.44476019e-01 
-4.47208000e-04  4.46529703e-01 
-4.47200000e-04  4.48600910e-01 
-4.47192000e-04  4.50689153e-01 
-4.47184000e-04  4.52793961e-01 
-4.47176000e-04  4.54914886e-01 
-4.47168000e-04  4.57051496e-01 
-4.47160000e-04  4.59203381e-01 
-4.47152000e-04  4.61370145e-01 
-4.47144000e-04  4.63551416e-01 
-4.47136000e-04  4.65746836e-01 
-4.47128000e-04  4.67956065e-01 
-4.47120000e-04  4.70178780e-01 
-4.47112000e-04  4.72414673e-01 
-4.47104000e-04  4.74663453e-01 
-4.47096000e-04  4.76924843e-01 
-4.47088000e-04  4.79198579e-01 
-4.47080000e-04  4.81484411e-01 
-4.47072000e-04  4.83782102e-01 
-4.47064000e-04  4.86091426e-01 
-4.47056000e-04  4.88412169e-01 
-4.47048000e-04  4.90744128e-01 
-4.47040000e-04  4.93087109e-01 
-4.47032000e-04  4.95440929e-01 
-4.47024000e-04  4.97805414e-01 
-4.47016000e-04  5.00180396e-01 
-4.47008000e-04  5.02565719e-01 
-4.47000000e-04  5.04961230e-01 
-4.46992000e-04  5.07366787e-01 
-4.46984000e-04  5.09782253e-01 
-4.46976000e-04  5.12207497e-01 
-4.46968000e-04  5.14642394e-01 
-4.46960000e-04  5.17086826e-01 
-4.46952000e-04  5.19540677e-01 
-4.46944000e-04  5.22003838e-01 
-4.46936000e-04  5.24476205e-01 
-4.46928000e-04  5.26957678e-01 
-4.46920000e-04  5.29448159e-01 
-4.46912000e-04  5.31947557e-01 
-4.46904000e-04  5.34455781e-01 
-4.46896000e-04  5.36972746e-01 
-4.46888000e-04  5.39498369e-01 
-4.46880000e-04  5.42032571e-01 
-4.46872000e-04  5.44575273e-01 
-4.46864000e-04  5.47126401e-01 
-4.46856000e-04  5.49685884e-01 
-4.46848000e-04  5.52253650e-01 
-4.46840000e-04  5.54829631e-01 
-4.46832000e-04  5.57413763e-01 
-4.46824000e-04  5.60005979e-01 
-4.46816000e-04  5.62606219e-01 
-4.46808000e-04  5.65214421e-01 
-4.46800000e-04  5.67830525e-01 
-4.46792000e-04  5.70454474e-01 
-4.46784000e-04  5.73086212e-01 
-4.46776000e-04  5.75725682e-01 
-4.46768000e-04  5.78372829e-01 
-4.46760000e-04  5.81027603e-01 
-4.46752000e-04  5.83689949e-01 
-4.46744000e-04  5.86359818e-01 
-4.46736000e-04  5.89037157e-01 
-4.46728000e-04  5.91721919e-01 
-4.46720000e-04  5.94414055e-01 
-4.46712000e-04  5.97113516e-01 
-4.46704000e-04  5.99820255e-01 
-4.46696000e-04  6.02534226e-01 
-4.46688000e-04  6.05255383e-01 
-4.46680000e-04  6.07983680e-01 
-4.46672000e-04  6.10719073e-01 
-4.46664000e-04  6.13461517e-01 
-4.46656000e-04  6.16210968e-01 
-4.46648000e-04  6.18967382e-01 
-4.46640000e-04  6.21730717e-01 
-4.46632000e-04  6.24500930e-01 
-4.46624000e-04  6.27277979e-01 
-4.46616000e-04  6.30061821e-01 
-4.46608000e-04  6.32852415e-01 
-4.46600000e-04  6.35649720e-01 
-4.46592000e-04  6.38453694e-01 
-4.46584000e-04  6.41264297e-01 
-4.46576000e-04  6.44081487e-01 
-4.46568000e-04  6.46905225e-01 
-4.46560000e-04  6.49735470e-01 
-4.46552000e-04  6.52572183e-01 
-4.46544000e-04  6.55415323e-01 
-4.46536000e-04  6.58264851e-01 
-4.46528000e-04  6.61120727e-01 
-4.46520000e-04  6.63982912e-01 
-4.46512000e-04  6.66851368e-01 
-4.46504000e-04  6.69726054e-01 
-4.46496000e-04  6.72606932e-01 
-4.46488000e-04  6.75493964e-01 
-4.46480000e-04  6.78387109e-01 
-4.46472000e-04  6.81286330e-01 
-4.46464000e-04  6.84191589e-01 
-4.46456000e-04  6.87102847e-01 
-4.46448000e-04  6.90020065e-01 
-4.46440000e-04  6.92943205e-01 
-4.46432000e-04  6.95872229e-01 
-4.46424000e-04  6.98807099e-01 
-4.46416000e-04  7.01747777e-01 
-4.46408000e-04  7.04694224e-01 
-4.46400000e-04  7.07646404e-01 
-4.46392000e-04  7.10604277e-01 
-4.46384000e-04  7.13567806e-01 
-4.46376000e-04  7.16536953e-01 
-4.46368000e-04  7.19511681e-01 
-4.46360000e-04  7.22491951e-01 
-4.46352000e-04  7.25477726e-01 
-4.46344000e-04  7.28468969e-01 
-4.46336000e-04  7.31465641e-01 
-4.46328000e-04  7.34467705e-01 
-4.46320000e-04  7.37475123e-01 
-4.46312000e-04  7.40487858e-01 
-4.46304000e-04  7.43505873e-01 
-4.46296000e-04  7.46529129e-01 
-4.46288000e-04  7.49557589e-01 
-4.46280000e-04  7.52591216e-01 
-4.46272000e-04  7.55629973e-01 
-4.46264000e-04  7.58673822e-01 
-4.46256000e-04  7.61722725e-01 
-4.46248000e-04  7.64776646e-01 
-4.46240000e-04  7.67835546e-01 
-4.46232000e-04  7.70899389e-01 
-4.46224000e-04  7.73968137e-01 
-4.46216000e-04  7.77041753e-01 
-4.46208000e-04  7.80120199e-01 
-4.46200000e-04  7.83203439e-01 
-4.46192000e-04  7.86291435e-01 
-4.46184000e-04  7.89384150e-01 
-4.46176000e-04  7.92481547e-01 
-4.46168000e-04  7.95583588e-01 
-4.46160000e-04  7.98690236e-01 
-4.46152000e-04  8.01801455e-01 
-4.46144000e-04  8.04917207e-01 
-4.46136000e-04  8.08037455e-01 
-4.46128000e-04  8.11162162e-01 
-4.46120000e-04  8.14291290e-01 
-4.46112000e-04  8.17424804e-01 
-4.46104000e-04  8.20562665e-01 
-4.46096000e-04  8.23704837e-01 
-4.46088000e-04  8.26851284e-01 
-4.46080000e-04  8.30001966e-01 
-4.46072000e-04  8.33156849e-01 
-4.46064000e-04  8.36315895e-01 
-4.46056000e-04  8.39479068e-01 
-4.46048000e-04  8.42646329e-01 
-4.46040000e-04  8.45817644e-01 
-4.46032000e-04  8.48992974e-01 
-4.46024000e-04  8.52172283e-01 
-4.46016000e-04  8.55355534e-01 
-4.46008000e-04  8.58542692e-01 
-4.46000000e-04  8.61733718e-01 
-4.45992000e-04  8.64928576e-01 
-4.45984000e-04  8.68127231e-01 
-4.45976000e-04  8.71329644e-01 
-4.45968000e-04  8.74535780e-01 
-4.45960000e-04  8.77745603e-01 
-4.45952000e-04  8.80959075e-01 
-4.45944000e-04  8.84176160e-01 
-4.45936000e-04  8.87396823e-01 
-4.45928000e-04  8.90621026e-01 
-4.45920000e-04  8.93848733e-01 
-4.45912000e-04  8.97079908e-01 
-4.45904000e-04  9.00314516e-01 
-4.45896000e-04  9.03552518e-01 
-4.45888000e-04  9.06793880e-01 
-4.45880000e-04  9.10038566e-01 
-4.45872000e-04  9.13286539e-01 
-4.45864000e-04  9.16537763e-01 
-4.45856000e-04  9.19792203e-01 
-4.45848000e-04  9.23049821e-01 
-4.45840000e-04  9.26310584e-01 
-4.45832000e-04  9.29574455e-01 
-4.45824000e-04  9.32841397e-01 
-4.45816000e-04  9.36111376e-01 
-4.45808000e-04  9.39384355e-01 
-4.45800000e-04  9.42660300e-01 
-4.45792000e-04  9.45939173e-01 
-4.45784000e-04  9.49220941e-01 
-4.45776000e-04  9.52505567e-01 
-4.45768000e-04  9.55793017e-01 
-4.45760000e-04  9.59083254e-01 
-4.45752000e-04  9.62376243e-01 
-4.45744000e-04  9.65671950e-01 
-4.45736000e-04  9.68970339e-01 
-4.45728000e-04  9.72271375e-01 
-4.45720000e-04  9.75575023e-01 
-4.45712000e-04  9.78881248e-01 
-4.45704000e-04  9.82190015e-01 
-4.45696000e-04  9.85501289e-01 
-4.45688000e-04  9.88815035e-01 
-4.45680000e-04  9.92131219e-01 
-4.45672000e-04  9.95449806e-01 
-4.45664000e-04  9.98770761e-01 
-4.45656000e-04  1.00209405e+00 
-4.45648000e-04  1.00541964e+00 
-4.45640000e-04  1.00874749e+00 
-4.45632000e-04  1.01207758e+00 
-4.45624000e-04  1.01540986e+00 
-4.45616000e-04  1.01874430e+00 
-4.45608000e-04  1.02208087e+00 
-4.45600000e-04  1.02541953e+00 
-4.45592000e-04  1.02876026e+00 
-4.45584000e-04  1.03210301e+00 
-4.45576000e-04  1.03544775e+00 
-4.45568000e-04  1.03879445e+00 
-4.45560000e-04  1.04214307e+00 
-4.45552000e-04  1.04549359e+00 
-4.45544000e-04  1.04884596e+00 
-4.45536000e-04  1.05220016e+00 
-4.45528000e-04  1.05555615e+00 
-4.45520000e-04  1.05891390e+00 
-4.45512000e-04  1.06227337e+00 
-4.45504000e-04  1.06563453e+00 
-4.45496000e-04  1.06899735e+00 
-4.45488000e-04  1.07236179e+00 
-4.45480000e-04  1.07572783e+00 
-4.45472000e-04  1.07909542e+00 
-4.45464000e-04  1.08246454e+00 
-4.45456000e-04  1.08583516e+00 
-4.45448000e-04  1.08920724e+00 
-4.45440000e-04  1.09258074e+00 
-4.45432000e-04  1.09595564e+00 
-4.45424000e-04  1.09933191e+00 
-4.45416000e-04  1.10270951e+00 
-4.45408000e-04  1.10608841e+00 
-4.45400000e-04  1.10946857e+00 
-4.45392000e-04  1.11284997e+00 
-4.45384000e-04  1.11623258e+00 
-4.45376000e-04  1.11961635e+00 
-4.45368000e-04  1.12300127e+00 
-4.45360000e-04  1.12638730e+00 
-4.45352000e-04  1.12977440e+00 
-4.45344000e-04  1.13316255e+00 
-4.45336000e-04  1.13655171e+00 
-4.45328000e-04  1.13994185e+00 
-4.45320000e-04  1.14333295e+00 
-4.45312000e-04  1.14672497e+00 
-4.45304000e-04  1.15011788e+00 
-4.45296000e-04  1.15351165e+00 
-4.45288000e-04  1.15690624e+00 
-4.45280000e-04  1.16030164e+00 
-4.45272000e-04  1.16369780e+00 
-4.45264000e-04  1.16709469e+00 
-4.45256000e-04  1.17049230e+00 
-4.45248000e-04  1.17389058e+00 
-4.45240000e-04  1.17728950e+00 
-4.45232000e-04  1.18068904e+00 
-4.45224000e-04  1.18408917e+00 
-4.45216000e-04  1.18748985e+00 
-4.45208000e-04  1.19089106e+00 
-4.45200000e-04  1.19429276e+00 
-4.45192000e-04  1.19769493e+00 
-4.45184000e-04  1.20109754e+00 
-4.45176000e-04  1.20450056e+00 
-4.45168000e-04  1.20790396e+00 
-4.45160000e-04  1.21130770e+00 
-4.45152000e-04  1.21471177e+00 
-4.45144000e-04  1.21811612e+00 
-4.45136000e-04  1.22152074e+00 
-4.45128000e-04  1.22492560e+00 
-4.45120000e-04  1.22833065e+00 
-4.45112000e-04  1.23173589e+00 
-4.45104000e-04  1.23514127e+00 
-4.45096000e-04  1.23854678e+00 
-4.45088000e-04  1.24195237e+00 
-4.45080000e-04  1.24535803e+00 
-4.45072000e-04  1.24876373e+00 
-4.45064000e-04  1.25216943e+00 
-4.45056000e-04  1.25557512e+00 
-4.45048000e-04  1.25898076e+00 
-4.45040000e-04  1.26238632e+00 
-4.45032000e-04  1.26579178e+00 
-4.45024000e-04  1.26919711e+00 
-4.45016000e-04  1.27260228e+00 
-4.45008000e-04  1.27600727e+00 
-4.45000000e-04  1.27941205e+00 
-4.44992000e-04  1.28281659e+00 
-4.44984000e-04  1.28622086e+00 
-4.44976000e-04  1.28962485e+00 
-4.44968000e-04  1.29302852e+00 
-4.44960000e-04  1.29643184e+00 
-4.44952000e-04  1.29983479e+00 
-4.44944000e-04  1.30323734e+00 
-4.44936000e-04  1.30663948e+00 
-4.44928000e-04  1.31004116e+00 
-4.44920000e-04  1.31344236e+00 
-4.44912000e-04  1.31684307e+00 
-4.44904000e-04  1.32024324e+00 
-4.44896000e-04  1.32364286e+00 
-4.44888000e-04  1.32704191e+00 
-4.44880000e-04  1.33044034e+00 
-4.44872000e-04  1.33383815e+00 
-4.44864000e-04  1.33723529e+00 
-4.44856000e-04  1.34063176e+00 
-4.44848000e-04  1.34402751e+00 
-4.44840000e-04  1.34742252e+00 
-4.44832000e-04  1.35081676e+00 
-4.44824000e-04  1.35421022e+00 
-4.44816000e-04  1.35760285e+00 
-4.44808000e-04  1.36099463e+00 
-4.44800000e-04  1.36438552e+00 
-4.44792000e-04  1.36777551e+00 
-4.44784000e-04  1.37116454e+00 
-4.44776000e-04  1.37455259e+00 
-4.44768000e-04  1.37793961e+00 
-4.44760000e-04  1.38132555e+00 
-4.44752000e-04  1.38471038e+00 
-4.44744000e-04  1.38809402e+00 
-4.44736000e-04  1.39147640e+00 
-4.44728000e-04  1.39485745e+00 
-4.44720000e-04  1.39823706e+00 
-4.44712000e-04  1.40161511e+00 
-4.44704000e-04  1.40499146e+00 
-4.44696000e-04  1.40836593e+00 
-4.44688000e-04  1.41173834e+00 
-4.44680000e-04  1.41510847e+00 
-4.44672000e-04  1.41847612e+00 
-4.44664000e-04  1.42184107e+00 
-4.44656000e-04  1.42520311e+00 
-4.44648000e-04  1.42856202e+00 
-4.44640000e-04  1.43191757e+00 
-4.44632000e-04  1.43526953e+00 
-4.44624000e-04  1.43861760e+00 
-4.44616000e-04  1.44196147e+00 
-4.44608000e-04  1.44530079e+00 
-4.44600000e-04  1.44863515e+00 
-4.44592000e-04  1.45196408e+00 
-4.44584000e-04  1.45528707e+00 
-4.44576000e-04  1.45860352e+00 
-4.44568000e-04  1.46191278e+00 
-4.44560000e-04  1.46521411e+00 
-4.44552000e-04  1.46850669e+00 
-4.44544000e-04  1.47178959e+00 
-4.44536000e-04  1.47506180e+00 
-4.44528000e-04  1.47832217e+00 
-4.44520000e-04  1.48156946e+00 
-4.44512000e-04  1.48480228e+00 
-4.44504000e-04  1.48801911e+00 
-4.44496000e-04  1.49121831e+00 
-4.44488000e-04  1.49439806e+00 
-4.44480000e-04  1.49755642e+00 
-4.44472000e-04  1.50069129e+00 
-4.44464000e-04  1.50380042e+00 
-4.44456000e-04  1.50688145e+00 
-4.44448000e-04  1.50993185e+00 
-4.44440000e-04  1.51294902e+00 
-4.44432000e-04  1.51593026e+00 
-4.44424000e-04  1.51887279e+00 
-4.44416000e-04  1.52177384e+00 
-4.44408000e-04  1.52463062e+00 
-4.44400000e-04  1.52744039e+00 
-4.44392000e-04  1.53020052e+00 
-4.44384000e-04  1.53290848e+00 
-4.44376000e-04  1.53556196e+00 
-4.44368000e-04  1.53815883e+00 
-4.44360000e-04  1.54069723e+00 
-4.44352000e-04  1.54317557e+00 
-4.44344000e-04  1.54559259e+00 
-4.44336000e-04  1.54794731e+00 
-4.44328000e-04  1.55023910e+00 
-4.44320000e-04  1.55246764e+00 
-4.44312000e-04  1.55463293e+00 
-4.44304000e-04  1.55673526e+00 
-4.44296000e-04  1.55877519e+00 
-4.44288000e-04  1.56075354e+00 
-4.44280000e-04  1.56267132e+00 
-4.44272000e-04  1.56452977e+00 
-4.44264000e-04  1.56633025e+00 
-4.44256000e-04  1.56807427e+00 
-4.44248000e-04  1.56976344e+00 
-4.44240000e-04  1.57139944e+00 
-4.44232000e-04  1.57298401e+00 
-4.44224000e-04  1.57451890e+00 
-4.44216000e-04  1.57600591e+00 
-4.44208000e-04  1.57744679e+00 
-4.44200000e-04  1.57884332e+00 
-4.44192000e-04  1.58019721e+00 
-4.44184000e-04  1.58151018e+00 
-4.44176000e-04  1.58278386e+00 
-4.44168000e-04  1.58401987e+00 
-4.44160000e-04  1.58521975e+00 
-4.44152000e-04  1.58638501e+00 
-4.44144000e-04  1.58751708e+00 
-4.44136000e-04  1.58861735e+00 
-4.44128000e-04  1.58968715e+00 
-4.44120000e-04  1.59072774e+00 
-4.44112000e-04  1.59174034e+00 
-4.44104000e-04  1.59272610e+00 
-4.44096000e-04  1.59368614e+00 
-4.44088000e-04  1.59462151e+00 
-4.44080000e-04  1.59553320e+00 
-4.44072000e-04  1.59642219e+00 
-4.44064000e-04  1.59728937e+00 
-4.44056000e-04  1.59813562e+00 
-4.44048000e-04  1.59896175e+00 
-4.44040000e-04  1.59976857e+00 
-4.44032000e-04  1.60055680e+00 
-4.44024000e-04  1.60132717e+00 
-4.44016000e-04  1.60208035e+00 
-4.44008000e-04  1.60281698e+00 
-4.44000000e-04  1.60353769e+00 
-4.43992000e-04  1.60424305e+00 
-4.43984000e-04  1.60493361e+00 
-4.43976000e-04  1.60560992e+00 
-4.43968000e-04  1.60627248e+00 
-4.43960000e-04  1.60692177e+00 
-4.43952000e-04  1.60755824e+00 
-4.43944000e-04  1.60818235e+00 
-4.43936000e-04  1.60879450e+00 
-4.43928000e-04  1.60939510e+00 
-4.43920000e-04  1.60998453e+00 
-4.43912000e-04  1.61056315e+00 
-4.43904000e-04  1.61113132e+00 
-4.43896000e-04  1.61168937e+00 
-4.43888000e-04  1.61223762e+00 
-4.43880000e-04  1.61277638e+00 
-4.43872000e-04  1.61330593e+00 
-4.43864000e-04  1.61382656e+00 
-4.43856000e-04  1.61433854e+00 
-4.43848000e-04  1.61484212e+00 
-4.43840000e-04  1.61533756e+00 
-4.43832000e-04  1.61582509e+00 
-4.43824000e-04  1.61630494e+00 
-4.43816000e-04  1.61677732e+00 
-4.43808000e-04  1.61724245e+00 
-4.43800000e-04  1.61770054e+00 
-4.43792000e-04  1.61815176e+00 
-4.43784000e-04  1.61859632e+00 
-4.43776000e-04  1.61903439e+00 
-4.43768000e-04  1.61946614e+00 
-4.43760000e-04  1.61989174e+00 
-4.43752000e-04  1.62031135e+00 
-4.43744000e-04  1.62072513e+00 
-4.43736000e-04  1.62113322e+00 
-4.43728000e-04  1.62153577e+00 
-4.43720000e-04  1.62193292e+00 
-4.43712000e-04  1.62232479e+00 
-4.43704000e-04  1.62271153e+00 
-4.43696000e-04  1.62309325e+00 
-4.43688000e-04  1.62347008e+00 
-4.43680000e-04  1.62384213e+00 
-4.43672000e-04  1.62420951e+00 
-4.43664000e-04  1.62457233e+00 
-4.43656000e-04  1.62493070e+00 
-4.43648000e-04  1.62528472e+00 
-4.43640000e-04  1.62563448e+00 
-4.43632000e-04  1.62598009e+00 
-4.43624000e-04  1.62632164e+00 
-4.43616000e-04  1.62665920e+00 
-4.43608000e-04  1.62699288e+00 
-4.43600000e-04  1.62732276e+00 
-4.43592000e-04  1.62764890e+00 
-4.43584000e-04  1.62797141e+00 
-4.43576000e-04  1.62829034e+00 
-4.43568000e-04  1.62860578e+00 
-4.43560000e-04  1.62891780e+00 
-4.43552000e-04  1.62922646e+00 
-4.43544000e-04  1.62953184e+00 
-4.43536000e-04  1.62983400e+00 
-4.43528000e-04  1.63013300e+00 
-4.43520000e-04  1.63042891e+00 
-4.43512000e-04  1.63072179e+00 
-4.43504000e-04  1.63101169e+00 
-4.43496000e-04  1.63129868e+00 
-4.43488000e-04  1.63158280e+00 
-4.43480000e-04  1.63186412e+00 
-4.43472000e-04  1.63214268e+00 
-4.43464000e-04  1.63241854e+00 
-4.43456000e-04  1.63269174e+00 
-4.43448000e-04  1.63296234e+00 
-4.43440000e-04  1.63323038e+00 
-4.43432000e-04  1.63349590e+00 
-4.43424000e-04  1.63375896e+00 
-4.43416000e-04  1.63401960e+00 
-4.43408000e-04  1.63427785e+00 
-4.43400000e-04  1.63453376e+00 
-4.43392000e-04  1.63478737e+00 
-4.43384000e-04  1.63503872e+00 
-4.43376000e-04  1.63528785e+00 
-4.43368000e-04  1.63553480e+00 
-4.43360000e-04  1.63577959e+00 
-4.43352000e-04  1.63602227e+00 
-4.43344000e-04  1.63626288e+00 
-4.43336000e-04  1.63650144e+00 
-4.43328000e-04  1.63673799e+00 
-4.43320000e-04  1.63697256e+00 
-4.43312000e-04  1.63720519e+00 
-4.43304000e-04  1.63743590e+00 
-4.43296000e-04  1.63766473e+00 
-4.43288000e-04  1.63789169e+00 
-4.43280000e-04  1.63811684e+00 
-4.43272000e-04  1.63834018e+00 
-4.43264000e-04  1.63856175e+00 
-4.43256000e-04  1.63878158e+00 
-4.43248000e-04  1.63899969e+00 
-4.43240000e-04  1.63921610e+00 
-4.43232000e-04  1.63943085e+00 
-4.43224000e-04  1.63964396e+00 
-4.43216000e-04  1.63985545e+00 
-4.43208000e-04  1.64006534e+00 
-4.43200000e-04  1.64027367e+00 
-4.43192000e-04  1.64048044e+00 
-4.43184000e-04  1.64068569e+00 
-4.43176000e-04  1.64088943e+00 
-4.43168000e-04  1.64109169e+00 
-4.43160000e-04  1.64129248e+00 
-4.43152000e-04  1.64149184e+00 
-4.43144000e-04  1.64168977e+00 
-4.43136000e-04  1.64188629e+00 
-4.43128000e-04  1.64208144e+00 
-4.43120000e-04  1.64227521e+00 
-4.43112000e-04  1.64246765e+00 
-4.43104000e-04  1.64265875e+00 
-4.43096000e-04  1.64284854e+00 
-4.43088000e-04  1.64303704e+00 
-4.43080000e-04  1.64322426e+00 
-4.43072000e-04  1.64341022e+00 
-4.43064000e-04  1.64359494e+00 
-4.43056000e-04  1.64377843e+00 
-4.43048000e-04  1.64396071e+00 
-4.43040000e-04  1.64414180e+00 
-4.43032000e-04  1.64432170e+00 
-4.43024000e-04  1.64450044e+00 
-4.43016000e-04  1.64467803e+00 
-4.43008000e-04  1.64485447e+00 
-4.43000000e-04  1.64502980e+00 
-4.42992000e-04  1.64520402e+00 
-4.42984000e-04  1.64537714e+00 
-4.42976000e-04  1.64554918e+00 
-4.42968000e-04  1.64572015e+00 
-4.42960000e-04  1.64589006e+00 
-4.42952000e-04  1.64605894e+00 
-4.42944000e-04  1.64622678e+00 
-4.42936000e-04  1.64639360e+00 
-4.42928000e-04  1.64655941e+00 
-4.42920000e-04  1.64672423e+00 
-4.42912000e-04  1.64688807e+00 
-4.42904000e-04  1.64705093e+00 
-4.42896000e-04  1.64721284e+00 
-4.42888000e-04  1.64737379e+00 
-4.42880000e-04  1.64753380e+00 
-4.42872000e-04  1.64769289e+00 
-4.42864000e-04  1.64785106e+00 
-4.42856000e-04  1.64800832e+00 
-4.42848000e-04  1.64816468e+00 
-4.42840000e-04  1.64832016e+00 
-4.42832000e-04  1.64847476e+00 
-4.42824000e-04  1.64862849e+00 
-4.42816000e-04  1.64878136e+00 
-4.42808000e-04  1.64893338e+00 
-4.42800000e-04  1.64908457e+00 
-4.42792000e-04  1.64923492e+00 
-4.42784000e-04  1.64938445e+00 
-4.42776000e-04  1.64953317e+00 
-4.42768000e-04  1.64968108e+00 
-4.42760000e-04  1.64982819e+00 
-4.42752000e-04  1.64997452e+00 
-4.42744000e-04  1.65012007e+00 
-4.42736000e-04  1.65026485e+00 
-4.42728000e-04  1.65040886e+00 
-4.42720000e-04  1.65055212e+00 
-4.42712000e-04  1.65069463e+00 
-4.42704000e-04  1.65083640e+00 
-4.42696000e-04  1.65097743e+00 
-4.42688000e-04  1.65111774e+00 
-4.42680000e-04  1.65125734e+00 
-4.42672000e-04  1.65139622e+00 
-4.42664000e-04  1.65153440e+00 
-4.42656000e-04  1.65167188e+00 
-4.42648000e-04  1.65180867e+00 
-4.42640000e-04  1.65194477e+00 
-4.42632000e-04  1.65208021e+00 
-4.42624000e-04  1.65221497e+00 
-4.42616000e-04  1.65234906e+00 
-4.42608000e-04  1.65248250e+00 
-4.42600000e-04  1.65261529e+00 
-4.42592000e-04  1.65274744e+00 
-4.42584000e-04  1.65287894e+00 
-4.42576000e-04  1.65300982e+00 
-4.42568000e-04  1.65314006e+00 
-4.42560000e-04  1.65326969e+00 
-4.42552000e-04  1.65339870e+00 
-4.42544000e-04  1.65352710e+00 
-4.42536000e-04  1.65365490e+00 
-4.42528000e-04  1.65378210e+00 
-4.42520000e-04  1.65390871e+00 
-4.42512000e-04  1.65403473e+00 
-4.42504000e-04  1.65416017e+00 
-4.42496000e-04  1.65428503e+00 
-4.42488000e-04  1.65440932e+00 
-4.42480000e-04  1.65453305e+00 
-4.42472000e-04  1.65465621e+00 
-4.42464000e-04  1.65477882e+00 
-4.42456000e-04  1.65490088e+00 
-4.42448000e-04  1.65502239e+00 
-4.42440000e-04  1.65514335e+00 
-4.42432000e-04  1.65526379e+00 
-4.42424000e-04  1.65538369e+00 
-4.42416000e-04  1.65550306e+00 
-4.42408000e-04  1.65562190e+00 
-4.42400000e-04  1.65574023e+00 
-4.42392000e-04  1.65585805e+00 
-4.42384000e-04  1.65597536e+00 
-4.42376000e-04  1.65609216e+00 
-4.42368000e-04  1.65620846e+00 
-4.42360000e-04  1.65632426e+00 
-4.42352000e-04  1.65643957e+00 
-4.42344000e-04  1.65655439e+00 
-4.42336000e-04  1.65666873e+00 
-4.42328000e-04  1.65678258e+00 
-4.42320000e-04  1.65689596e+00 
-4.42312000e-04  1.65700887e+00 
-4.42304000e-04  1.65712131e+00 
-4.42296000e-04  1.65723328e+00 
-4.42288000e-04  1.65734479e+00 
-4.42280000e-04  1.65745585e+00 
-4.42272000e-04  1.65756645e+00 
-4.42264000e-04  1.65767660e+00 
-4.42256000e-04  1.65778630e+00 
-4.42248000e-04  1.65789556e+00 
-4.42240000e-04  1.65800438e+00 
-4.42232000e-04  1.65811277e+00 
-4.42224000e-04  1.65822072e+00 
-4.42216000e-04  1.65832824e+00 
-4.42208000e-04  1.65843534e+00 
-4.42200000e-04  1.65854202e+00 
-4.42192000e-04  1.65864827e+00 
-4.42184000e-04  1.65875411e+00 
-4.42176000e-04  1.65885954e+00 
-4.42168000e-04  1.65896456e+00 
-4.42160000e-04  1.65906917e+00 
-4.42152000e-04  1.65917338e+00 
-4.42144000e-04  1.65927719e+00 
-4.42136000e-04  1.65938060e+00 
-4.42128000e-04  1.65948361e+00 
-4.42120000e-04  1.65958624e+00 
-4.42112000e-04  1.65968847e+00 
-4.42104000e-04  1.65979032e+00 
-4.42096000e-04  1.65989179e+00 
-4.42088000e-04  1.65999288e+00 
-4.42080000e-04  1.66009359e+00 
-4.42072000e-04  1.66019393e+00 
-4.42064000e-04  1.66029389e+00 
-4.42056000e-04  1.66039349e+00 
-4.42048000e-04  1.66049272e+00 
-4.42040000e-04  1.66059159e+00 
-4.42032000e-04  1.66069009e+00 
-4.42024000e-04  1.66078824e+00 
-4.42016000e-04  1.66088603e+00 
-4.42008000e-04  1.66098347e+00 
-4.42000000e-04  1.66108056e+00 
