 time            v(in)           v(out)         
 0.00000000e+00  0.00000000e+00  0.00000000e+00 
 6.00000000e-12  0.00000000e+00  0.00000000e+00 
 1.20000000e-11  0.00000000e+00  0.00000000e+00 
 2.40000000e-11  0.00000000e+00  0.00000000e+00 
 4.80000000e-11  0.00000000e+00  0.00000000e+00 
 9.60000000e-11  0.00000000e+00  0.00000000e+00 
 1.92000000e-10  0.00000000e+00  0.00000000e+00 
 3.84000000e-10  0.00000000e+00  0.00000000e+00 
 7.68000000e-10  0.00000000e+00  0.00000000e+00 
 1.36800000e-09  0.00000000e+00  0.00000000e+00 
 1.96800000e-09  0.00000000e+00  0.00000000e+00 
 2.56800000e-09  0.00000000e+00  0.00000000e+00 
 3.16800000e-09  0.00000000e+00  0.00000000e+00 
 3.76800000e-09  0.00000000e+00  0.00000000e+00 
 4.36800000e-09  0.00000000e+00  0.00000000e+00 
 4.96800000e-09  0.00000000e+00  0.00000000e+00 
 5.56800000e-09  0.00000000e+00  0.00000000e+00 
 6.16800000e-09  0.00000000e+00  0.00000000e+00 
 6.76800000e-09  0.00000000e+00  0.00000000e+00 
 7.36800000e-09  0.00000000e+00  0.00000000e+00 
 7.96800000e-09  0.00000000e+00  0.00000000e+00 
 8.56800000e-09  0.00000000e+00  0.00000000e+00 
 9.16800000e-09  0.00000000e+00  0.00000000e+00 
 9.76800000e-09  0.00000000e+00  0.00000000e+00 
 1.03680000e-08  0.00000000e+00  0.00000000e+00 
 1.09680000e-08  0.00000000e+00  0.00000000e+00 
 1.15680000e-08  0.00000000e+00  0.00000000e+00 
 1.21680000e-08  0.00000000e+00  0.00000000e+00 
 1.27680000e-08  0.00000000e+00  0.00000000e+00 
 1.33680000e-08  0.00000000e+00  0.00000000e+00 
 1.39680000e-08  0.00000000e+00  0.00000000e+00 
 1.45680000e-08  0.00000000e+00  0.00000000e+00 
 1.51680000e-08  0.00000000e+00  0.00000000e+00 
 1.57680000e-08  0.00000000e+00  0.00000000e+00 
 1.63680000e-08  0.00000000e+00  0.00000000e+00 
 1.69680000e-08  0.00000000e+00  0.00000000e+00 
 1.75680000e-08  0.00000000e+00  0.00000000e+00 
 1.81680000e-08  0.00000000e+00  0.00000000e+00 
 1.87680000e-08  0.00000000e+00  0.00000000e+00 
 1.93680000e-08  0.00000000e+00  0.00000000e+00 
 1.99680000e-08  0.00000000e+00  0.00000000e+00 
 2.05680000e-08  0.00000000e+00  0.00000000e+00 
 2.11680000e-08  0.00000000e+00  0.00000000e+00 
 2.17680000e-08  0.00000000e+00  0.00000000e+00 
 2.23680000e-08  0.00000000e+00  0.00000000e+00 
 2.29680000e-08  0.00000000e+00  0.00000000e+00 
 2.35680000e-08  0.00000000e+00  0.00000000e+00 
 2.41680000e-08  0.00000000e+00  0.00000000e+00 
 2.47680000e-08  0.00000000e+00  0.00000000e+00 
 2.53680000e-08  0.00000000e+00  0.00000000e+00 
 2.59680000e-08  0.00000000e+00  0.00000000e+00 
 2.65680000e-08  0.00000000e+00  0.00000000e+00 
 2.71680000e-08  0.00000000e+00  0.00000000e+00 
 2.77680000e-08  0.00000000e+00  0.00000000e+00 
 2.83680000e-08  0.00000000e+00  0.00000000e+00 
 2.89680000e-08  0.00000000e+00  0.00000000e+00 
 2.95680000e-08  0.00000000e+00  0.00000000e+00 
 3.01680000e-08  0.00000000e+00  0.00000000e+00 
 3.07680000e-08  0.00000000e+00  0.00000000e+00 
 3.13680000e-08  0.00000000e+00  0.00000000e+00 
 3.19680000e-08  0.00000000e+00  0.00000000e+00 
 3.25680000e-08  0.00000000e+00  0.00000000e+00 
 3.31680000e-08  0.00000000e+00  0.00000000e+00 
 3.37680000e-08  0.00000000e+00  0.00000000e+00 
 3.43680000e-08  0.00000000e+00  0.00000000e+00 
 3.49680000e-08  0.00000000e+00  0.00000000e+00 
 3.55680000e-08  0.00000000e+00  0.00000000e+00 
 3.61680000e-08  0.00000000e+00  0.00000000e+00 
 3.67680000e-08  0.00000000e+00  0.00000000e+00 
 3.73680000e-08  0.00000000e+00  0.00000000e+00 
 3.79680000e-08  0.00000000e+00  0.00000000e+00 
 3.85680000e-08  0.00000000e+00  0.00000000e+00 
 3.91680000e-08  0.00000000e+00  0.00000000e+00 
 3.97680000e-08  0.00000000e+00  0.00000000e+00 
 4.03680000e-08  0.00000000e+00  0.00000000e+00 
 4.09680000e-08  0.00000000e+00  0.00000000e+00 
 4.15680000e-08  0.00000000e+00  0.00000000e+00 
 4.21680000e-08  0.00000000e+00  0.00000000e+00 
 4.27680000e-08  0.00000000e+00  0.00000000e+00 
 4.33680000e-08  0.00000000e+00  0.00000000e+00 
 4.39680000e-08  0.00000000e+00  0.00000000e+00 
 4.45680000e-08  0.00000000e+00  0.00000000e+00 
 4.51680000e-08  0.00000000e+00  0.00000000e+00 
 4.57680000e-08  0.00000000e+00  0.00000000e+00 
 4.63680000e-08  0.00000000e+00  0.00000000e+00 
 4.69680000e-08  0.00000000e+00  0.00000000e+00 
 4.75680000e-08  0.00000000e+00  0.00000000e+00 
 4.81680000e-08  0.00000000e+00  0.00000000e+00 
 4.87680000e-08  0.00000000e+00  0.00000000e+00 
 4.93680000e-08  0.00000000e+00  0.00000000e+00 
 4.99680000e-08  0.00000000e+00  0.00000000e+00 
 5.05680000e-08  0.00000000e+00  0.00000000e+00 
 5.11680000e-08  0.00000000e+00  0.00000000e+00 
 5.17680000e-08  0.00000000e+00  0.00000000e+00 
 5.23680000e-08  0.00000000e+00  0.00000000e+00 
 5.29680000e-08  0.00000000e+00  0.00000000e+00 
 5.35680000e-08  0.00000000e+00  0.00000000e+00 
 5.41680000e-08  0.00000000e+00  0.00000000e+00 
 5.47680000e-08  0.00000000e+00  0.00000000e+00 
 5.53680000e-08  0.00000000e+00  0.00000000e+00 
 5.59680000e-08  0.00000000e+00  0.00000000e+00 
 5.65680000e-08  0.00000000e+00  0.00000000e+00 
 5.71680000e-08  0.00000000e+00  0.00000000e+00 
 5.77680000e-08  0.00000000e+00  0.00000000e+00 
 5.83680000e-08  0.00000000e+00  0.00000000e+00 
 5.89680000e-08  0.00000000e+00  0.00000000e+00 
 5.95680000e-08  0.00000000e+00  0.00000000e+00 
 6.01680000e-08  0.00000000e+00  0.00000000e+00 
 6.07680000e-08  0.00000000e+00  0.00000000e+00 
 6.13680000e-08  0.00000000e+00  0.00000000e+00 
 6.19680000e-08  0.00000000e+00  0.00000000e+00 
 6.25680000e-08  0.00000000e+00  0.00000000e+00 
 6.31680000e-08  0.00000000e+00  0.00000000e+00 
 6.37680000e-08  0.00000000e+00  0.00000000e+00 
 6.43680000e-08  0.00000000e+00  0.00000000e+00 
 6.49680000e-08  0.00000000e+00  0.00000000e+00 
 6.55680000e-08  0.00000000e+00  0.00000000e+00 
 6.61680000e-08  0.00000000e+00  0.00000000e+00 
 6.67680000e-08  0.00000000e+00  0.00000000e+00 
 6.73680000e-08  0.00000000e+00  0.00000000e+00 
 6.79680000e-08  0.00000000e+00  0.00000000e+00 
 6.85680000e-08  0.00000000e+00  0.00000000e+00 
 6.91680000e-08  0.00000000e+00  0.00000000e+00 
 6.97680000e-08  0.00000000e+00  0.00000000e+00 
 7.03680000e-08  0.00000000e+00  0.00000000e+00 
 7.09680000e-08  0.00000000e+00  0.00000000e+00 
 7.15680000e-08  0.00000000e+00  0.00000000e+00 
 7.21680000e-08  0.00000000e+00  0.00000000e+00 
 7.27680000e-08  0.00000000e+00  0.00000000e+00 
 7.33680000e-08  0.00000000e+00  0.00000000e+00 
 7.39680000e-08  0.00000000e+00  0.00000000e+00 
 7.45680000e-08  0.00000000e+00  0.00000000e+00 
 7.51680000e-08  0.00000000e+00  0.00000000e+00 
 7.57680000e-08  0.00000000e+00  0.00000000e+00 
 7.63680000e-08  0.00000000e+00  0.00000000e+00 
 7.69680000e-08  0.00000000e+00  0.00000000e+00 
 7.75680000e-08  0.00000000e+00  0.00000000e+00 
 7.81680000e-08  0.00000000e+00  0.00000000e+00 
 7.87680000e-08  0.00000000e+00  0.00000000e+00 
 7.93680000e-08  0.00000000e+00  0.00000000e+00 
 7.99680000e-08  0.00000000e+00  0.00000000e+00 
 8.05680000e-08  0.00000000e+00  0.00000000e+00 
 8.11680000e-08  0.00000000e+00  0.00000000e+00 
 8.17680000e-08  0.00000000e+00  0.00000000e+00 
 8.23680000e-08  0.00000000e+00  0.00000000e+00 
 8.29680000e-08  0.00000000e+00  0.00000000e+00 
 8.35680000e-08  0.00000000e+00  0.00000000e+00 
 8.41680000e-08  0.00000000e+00  0.00000000e+00 
 8.47680000e-08  0.00000000e+00  0.00000000e+00 
 8.53680000e-08  0.00000000e+00  0.00000000e+00 
 8.59680000e-08  0.00000000e+00  0.00000000e+00 
 8.65680000e-08  0.00000000e+00  0.00000000e+00 
 8.71680000e-08  0.00000000e+00  0.00000000e+00 
 8.77680000e-08  0.00000000e+00  0.00000000e+00 
 8.83680000e-08  0.00000000e+00  0.00000000e+00 
 8.89680000e-08  0.00000000e+00  0.00000000e+00 
 8.95680000e-08  0.00000000e+00  0.00000000e+00 
 9.01680000e-08  0.00000000e+00  0.00000000e+00 
 9.07680000e-08  0.00000000e+00  0.00000000e+00 
 9.13680000e-08  0.00000000e+00  0.00000000e+00 
 9.19680000e-08  0.00000000e+00  0.00000000e+00 
 9.25680000e-08  0.00000000e+00  0.00000000e+00 
 9.31680000e-08  0.00000000e+00  0.00000000e+00 
 9.37680000e-08  0.00000000e+00  0.00000000e+00 
 9.43680000e-08  0.00000000e+00  0.00000000e+00 
 9.49680000e-08  0.00000000e+00  0.00000000e+00 
 9.55680000e-08  0.00000000e+00  0.00000000e+00 
 9.61680000e-08  0.00000000e+00  0.00000000e+00 
 9.67680000e-08  0.00000000e+00  0.00000000e+00 
 9.73680000e-08  0.00000000e+00  0.00000000e+00 
 9.79680000e-08  0.00000000e+00  0.00000000e+00 
 9.85680000e-08  0.00000000e+00  0.00000000e+00 
 9.91680000e-08  0.00000000e+00  0.00000000e+00 
 9.97680000e-08  0.00000000e+00  0.00000000e+00 
 1.00000000e-07  0.00000000e+00  0.00000000e+00 
 1.00001000e-07 -1.00000000e-03 -8.33306430e-04 
 1.00003000e-07 -3.00000000e-03 -2.49986549e-03 
 1.00007000e-07 -7.00000000e-03 -5.83266125e-03 
 1.00010000e-07 -1.00000000e-02 -8.33197757e-03 
 1.00010800e-07 -1.00000000e-02 -8.33176370e-03 
 1.00012400e-07 -1.00000000e-02 -8.33133597e-03 
 1.00015600e-07 -1.00000000e-02 -8.33048054e-03 
 1.00022000e-07 -1.00000000e-02 -8.32876980e-03 
 1.00034800e-07 -1.00000000e-02 -8.32534878e-03 
 1.00060400e-07 -1.00000000e-02 -8.31850865e-03 
 1.00111600e-07 -1.00000000e-02 -8.30483597e-03 
 1.00214000e-07 -1.00000000e-02 -8.27752084e-03 
 1.00418800e-07 -1.00000000e-02 -8.22301141e-03 
 1.00828400e-07 -1.00000000e-02 -8.11447405e-03 
 1.01428400e-07 -1.00000000e-02 -7.95663632e-03 
 1.02028400e-07 -1.00000000e-02 -7.80015899e-03 
 1.02628400e-07 -1.00000000e-02 -7.64503081e-03 
 1.03228400e-07 -1.00000000e-02 -7.49124057e-03 
 1.03828400e-07 -1.00000000e-02 -7.33877711e-03 
 1.04428400e-07 -1.00000000e-02 -7.18762939e-03 
 1.05028400e-07 -1.00000000e-02 -7.03778643e-03 
 1.05628400e-07 -1.00000000e-02 -6.88923732e-03 
 1.06228400e-07 -1.00000000e-02 -6.74197127e-03 
 1.06828400e-07 -1.00000000e-02 -6.59597754e-03 
 1.07428400e-07 -1.00000000e-02 -6.45124548e-03 
 1.08028400e-07 -1.00000000e-02 -6.30776452e-03 
 1.08628400e-07 -1.00000000e-02 -6.16552417e-03 
 1.09228400e-07 -1.00000000e-02 -6.02451402e-03 
 1.09828400e-07 -1.00000000e-02 -5.88472374e-03 
 1.10428400e-07 -1.00000000e-02 -5.74614308e-03 
 1.11028400e-07 -1.00000000e-02 -5.60876186e-03 
 1.11628400e-07 -1.00000000e-02 -5.47256998e-03 
 1.12228400e-07 -1.00000000e-02 -5.33755743e-03 
 1.12828400e-07 -1.00000000e-02 -5.20371427e-03 
 1.13428400e-07 -1.00000000e-02 -5.07103063e-03 
 1.14028400e-07 -1.00000000e-02 -4.93949673e-03 
 1.14628400e-07 -1.00000000e-02 -4.80910285e-03 
 1.15228400e-07 -1.00000000e-02 -4.67983936e-03 
 1.15828400e-07 -1.00000000e-02 -4.55169670e-03 
 1.16428400e-07 -1.00000000e-02 -4.42466537e-03 
 1.17028400e-07 -1.00000000e-02 -4.29873597e-03 
 1.17628400e-07 -1.00000000e-02 -4.17389917e-03 
 1.18228400e-07 -1.00000000e-02 -4.05014568e-03 
 1.18828400e-07 -1.00000000e-02 -3.92746633e-03 
 1.19428400e-07 -1.00000000e-02 -3.80585200e-03 
 1.20028400e-07 -1.00000000e-02 -3.68529363e-03 
 1.20628400e-07 -1.00000000e-02 -3.56578225e-03 
 1.21228400e-07 -1.00000000e-02 -3.44730896e-03 
 1.21828400e-07 -1.00000000e-02 -3.32986492e-03 
 1.22428400e-07 -1.00000000e-02 -3.21344138e-03 
 1.23028400e-07 -1.00000000e-02 -3.09802963e-03 
 1.23628400e-07 -1.00000000e-02 -2.98362106e-03 
 1.24228400e-07 -1.00000000e-02 -2.87020712e-03 
 1.24828400e-07 -1.00000000e-02 -2.75777931e-03 
 1.25428400e-07 -1.00000000e-02 -2.64632921e-03 
 1.26028400e-07 -1.00000000e-02 -2.53584849e-03 
 1.26628400e-07 -1.00000000e-02 -2.42632886e-03 
 1.27228400e-07 -1.00000000e-02 -2.31776209e-03 
 1.27828400e-07 -1.00000000e-02 -2.21014006e-03 
 1.28428400e-07 -1.00000000e-02 -2.10345466e-03 
 1.29028400e-07 -1.00000000e-02 -1.99769788e-03 
 1.29628400e-07 -1.00000000e-02 -1.89286178e-03 
 1.30228400e-07 -1.00000000e-02 -1.78893847e-03 
 1.30828400e-07 -1.00000000e-02 -1.68592011e-03 
 1.31428400e-07 -1.00000000e-02 -1.58379896e-03 
 1.32028400e-07 -1.00000000e-02 -1.48256731e-03 
 1.32628400e-07 -1.00000000e-02 -1.38221753e-03 
 1.33228400e-07 -1.00000000e-02 -1.28274206e-03 
 1.33828400e-07 -1.00000000e-02 -1.18413339e-03 
 1.34428400e-07 -1.00000000e-02 -1.08638406e-03 
 1.35028400e-07 -1.00000000e-02 -9.89486696e-04 
 1.35628400e-07 -1.00000000e-02 -8.93433970e-04 
 1.36228400e-07 -1.00000000e-02 -7.98218619e-04 
 1.36828400e-07 -1.00000000e-02 -7.03833437e-04 
 1.37428400e-07 -1.00000000e-02 -6.10271280e-04 
 1.38028400e-07 -1.00000000e-02 -5.17525063e-04 
 1.38628400e-07 -1.00000000e-02 -4.25587757e-04 
 1.39228400e-07 -1.00000000e-02 -3.34452395e-04 
 1.39828400e-07 -1.00000000e-02 -2.44112066e-04 
 1.40428400e-07 -1.00000000e-02 -1.54559915e-04 
 1.41028400e-07 -1.00000000e-02 -6.57891453e-05 
 1.41628400e-07 -1.00000000e-02  2.22069824e-05 
 1.42228400e-07 -1.00000000e-02  1.09435152e-04 
 1.42828400e-07 -1.00000000e-02  1.95901993e-04 
 1.43428400e-07 -1.00000000e-02  2.81614078e-04 
 1.44028400e-07 -1.00000000e-02  3.66577925e-04 
 1.44628400e-07 -1.00000000e-02  4.50799997e-04 
 1.45228400e-07 -1.00000000e-02  5.34286705e-04 
 1.45828400e-07 -1.00000000e-02  6.17044404e-04 
 1.46428400e-07 -1.00000000e-02  6.99079397e-04 
 1.47028400e-07 -1.00000000e-02  7.80397934e-04 
 1.47628400e-07 -1.00000000e-02  8.61006212e-04 
 1.48228400e-07 -1.00000000e-02  9.40910377e-04 
 1.48828400e-07 -1.00000000e-02  1.02011652e-03 
 1.49428400e-07 -1.00000000e-02  1.09863069e-03 
 1.50028400e-07 -1.00000000e-02  1.17645887e-03 
 1.50628400e-07 -1.00000000e-02  1.25360701e-03 
 1.51228400e-07 -1.00000000e-02  1.33008099e-03 
 1.51828400e-07 -1.00000000e-02  1.40588666e-03 
 1.52428400e-07 -1.00000000e-02  1.48102982e-03 
 1.53028400e-07 -1.00000000e-02  1.55551619e-03 
 1.53628400e-07 -1.00000000e-02  1.62935148e-03 
 1.54228400e-07 -1.00000000e-02  1.70254133e-03 
 1.54828400e-07 -1.00000000e-02  1.77509135e-03 
 1.55428400e-07 -1.00000000e-02  1.84700708e-03 
 1.56028400e-07 -1.00000000e-02  1.91829402e-03 
 1.56628400e-07 -1.00000000e-02  1.98895764e-03 
 1.57228400e-07 -1.00000000e-02  2.05900335e-03 
 1.57828400e-07 -1.00000000e-02  2.12843650e-03 
 1.58428400e-07 -1.00000000e-02  2.19726243e-03 
 1.59028400e-07 -1.00000000e-02  2.26548639e-03 
 1.59628400e-07 -1.00000000e-02  2.33311364e-03 
 1.60228400e-07 -1.00000000e-02  2.40014934e-03 
 1.60828400e-07 -1.00000000e-02  2.46659864e-03 
 1.61428400e-07 -1.00000000e-02  2.53246663e-03 
 1.62028400e-07 -1.00000000e-02  2.59775837e-03 
 1.62628400e-07 -1.00000000e-02  2.66247888e-03 
 1.63228400e-07 -1.00000000e-02  2.72663311e-03 
 1.63828400e-07 -1.00000000e-02  2.79022599e-03 
 1.64428400e-07 -1.00000000e-02  2.85326241e-03 
 1.65028400e-07 -1.00000000e-02  2.91574720e-03 
 1.65628400e-07 -1.00000000e-02  2.97768517e-03 
 1.66228400e-07 -1.00000000e-02  3.03908108e-03 
 1.66828400e-07 -1.00000000e-02  3.09993964e-03 
 1.67428400e-07 -1.00000000e-02  3.16026554e-03 
 1.68028400e-07 -1.00000000e-02  3.22006340e-03 
 1.68628400e-07 -1.00000000e-02  3.27933783e-03 
 1.69228400e-07 -1.00000000e-02  3.33809338e-03 
 1.69828400e-07 -1.00000000e-02  3.39633458e-03 
 1.70428400e-07 -1.00000000e-02  3.45406591e-03 
 1.71028400e-07 -1.00000000e-02  3.51129181e-03 
 1.71628400e-07 -1.00000000e-02  3.56801668e-03 
 1.72228400e-07 -1.00000000e-02  3.62424488e-03 
 1.72828400e-07 -1.00000000e-02  3.67998076e-03 
 1.73428400e-07 -1.00000000e-02  3.73522859e-03 
 1.74028400e-07 -1.00000000e-02  3.78999264e-03 
 1.74628400e-07 -1.00000000e-02  3.84427711e-03 
 1.75228400e-07 -1.00000000e-02  3.89808621e-03 
 1.75828400e-07 -1.00000000e-02  3.95142406e-03 
 1.76428400e-07 -1.00000000e-02  4.00429478e-03 
 1.77028400e-07 -1.00000000e-02  4.05670244e-03 
 1.77628400e-07 -1.00000000e-02  4.10865109e-03 
 1.78228400e-07 -1.00000000e-02  4.16014472e-03 
 1.78828400e-07 -1.00000000e-02  4.21118731e-03 
 1.79428400e-07 -1.00000000e-02  4.26178280e-03 
 1.80028400e-07 -1.00000000e-02  4.31193508e-03 
 1.80628400e-07 -1.00000000e-02  4.36164803e-03 
 1.81228400e-07 -1.00000000e-02  4.41092548e-03 
 1.81828400e-07 -1.00000000e-02  4.45977122e-03 
 1.82428400e-07 -1.00000000e-02  4.50818904e-03 
 1.83028400e-07 -1.00000000e-02  4.55618266e-03 
 1.83628400e-07 -1.00000000e-02  4.60375579e-03 
 1.84228400e-07 -1.00000000e-02  4.65091211e-03 
 1.84828400e-07 -1.00000000e-02  4.69765524e-03 
 1.85428400e-07 -1.00000000e-02  4.74398881e-03 
 1.86028400e-07 -1.00000000e-02  4.78991639e-03 
 1.86628400e-07 -1.00000000e-02  4.83544152e-03 
 1.87228400e-07 -1.00000000e-02  4.88056773e-03 
 1.87828400e-07 -1.00000000e-02  4.92529849e-03 
 1.88428400e-07 -1.00000000e-02  4.96963726e-03 
 1.89028400e-07 -1.00000000e-02  5.01358747e-03 
 1.89628400e-07 -1.00000000e-02  5.05715251e-03 
 1.90228400e-07 -1.00000000e-02  5.10033575e-03 
 1.90828400e-07 -1.00000000e-02  5.14314053e-03 
 1.91428400e-07 -1.00000000e-02  5.18557016e-03 
 1.92028400e-07 -1.00000000e-02  5.22762790e-03 
 1.92628400e-07 -1.00000000e-02  5.26931703e-03 
 1.93228400e-07 -1.00000000e-02  5.31064075e-03 
 1.93828400e-07 -1.00000000e-02  5.35160226e-03 
 1.94428400e-07 -1.00000000e-02  5.39220473e-03 
 1.95028400e-07 -1.00000000e-02  5.43245131e-03 
 1.95628400e-07 -1.00000000e-02  5.47234509e-03 
 1.96228400e-07 -1.00000000e-02  5.51188917e-03 
 1.96828400e-07 -1.00000000e-02  5.55108661e-03 
 1.97428400e-07 -1.00000000e-02  5.58994043e-03 
 1.98028400e-07 -1.00000000e-02  5.62845365e-03 
 1.98628400e-07 -1.00000000e-02  5.66662924e-03 
 1.99228400e-07 -1.00000000e-02  5.70447015e-03 
 1.99828400e-07 -1.00000000e-02  5.74197932e-03 
 2.00428400e-07 -1.00000000e-02  5.77915965e-03 
 2.01028400e-07 -1.00000000e-02  5.81601401e-03 
 2.01628400e-07 -1.00000000e-02  5.85254526e-03 
 2.02228400e-07 -1.00000000e-02  5.88875622e-03 
 2.02828400e-07 -1.00000000e-02  5.92464969e-03 
 2.03428400e-07 -1.00000000e-02  5.96022847e-03 
 2.04028400e-07 -1.00000000e-02  5.99549528e-03 
 2.04628400e-07 -1.00000000e-02  6.03045288e-03 
 2.05228400e-07 -1.00000000e-02  6.06510397e-03 
 2.05828400e-07 -1.00000000e-02  6.09945122e-03 
 2.06428400e-07 -1.00000000e-02  6.13349730e-03 
 2.07028400e-07 -1.00000000e-02  6.16724485e-03 
 2.07628400e-07 -1.00000000e-02  6.20069647e-03 
 2.08228400e-07 -1.00000000e-02  6.23385476e-03 
 2.08828400e-07 -1.00000000e-02  6.26672229e-03 
 2.09428400e-07 -1.00000000e-02  6.29930160e-03 
 2.10028400e-07 -1.00000000e-02  6.33159522e-03 
 2.10628400e-07 -1.00000000e-02  6.36360564e-03 
 2.11228400e-07 -1.00000000e-02  6.39533535e-03 
 2.11828400e-07 -1.00000000e-02  6.42678681e-03 
 2.12428400e-07 -1.00000000e-02  6.45796244e-03 
 2.13028400e-07 -1.00000000e-02  6.48886468e-03 
 2.13628400e-07 -1.00000000e-02  6.51949590e-03 
 2.14228400e-07 -1.00000000e-02  6.54985850e-03 
 2.14828400e-07 -1.00000000e-02  6.57995481e-03 
 2.15428400e-07 -1.00000000e-02  6.60978717e-03 
 2.16028400e-07 -1.00000000e-02  6.63935789e-03 
 2.16628400e-07 -1.00000000e-02  6.66866926e-03 
 2.17228400e-07 -1.00000000e-02  6.69772357e-03 
 2.17828400e-07 -1.00000000e-02  6.72652304e-03 
 2.18428400e-07 -1.00000000e-02  6.75506993e-03 
 2.19028400e-07 -1.00000000e-02  6.78336644e-03 
 2.19628400e-07 -1.00000000e-02  6.81141477e-03 
 2.20228400e-07 -1.00000000e-02  6.83921709e-03 
 2.20828400e-07 -1.00000000e-02  6.86677555e-03 
 2.21428400e-07 -1.00000000e-02  6.89409230e-03 
 2.22028400e-07 -1.00000000e-02  6.92116944e-03 
 2.22628400e-07 -1.00000000e-02  6.94800909e-03 
 2.23228400e-07 -1.00000000e-02  6.97461331e-03 
 2.23828400e-07 -1.00000000e-02  7.00098418e-03 
 2.24428400e-07 -1.00000000e-02  7.02712374e-03 
 2.25028400e-07 -1.00000000e-02  7.05303401e-03 
 2.25628400e-07 -1.00000000e-02  7.07871700e-03 
 2.26228400e-07 -1.00000000e-02  7.10417471e-03 
 2.26828400e-07 -1.00000000e-02  7.12940911e-03 
 2.27428400e-07 -1.00000000e-02  7.15442216e-03 
 2.28028400e-07 -1.00000000e-02  7.17921580e-03 
 2.28628400e-07 -1.00000000e-02  7.20379194e-03 
 2.29228400e-07 -1.00000000e-02  7.22815250e-03 
 2.29828400e-07 -1.00000000e-02  7.25229937e-03 
 2.30428400e-07 -1.00000000e-02  7.27623442e-03 
 2.31028400e-07 -1.00000000e-02  7.29995950e-03 
 2.31628400e-07 -1.00000000e-02  7.32347646e-03 
 2.32228400e-07 -1.00000000e-02  7.34678711e-03 
 2.32828400e-07 -1.00000000e-02  7.36989328e-03 
 2.33428400e-07 -1.00000000e-02  7.39279674e-03 
 2.34028400e-07 -1.00000000e-02  7.41549929e-03 
 2.34628400e-07 -1.00000000e-02  7.43800267e-03 
 2.35228400e-07 -1.00000000e-02  7.46030863e-03 
 2.35828400e-07 -1.00000000e-02  7.48241892e-03 
 2.36428400e-07 -1.00000000e-02  7.50433523e-03 
 2.37028400e-07 -1.00000000e-02  7.52605927e-03 
 2.37628400e-07 -1.00000000e-02  7.54759273e-03 
 2.38228400e-07 -1.00000000e-02  7.56893728e-03 
 2.38828400e-07 -1.00000000e-02  7.59009458e-03 
 2.39428400e-07 -1.00000000e-02  7.61106626e-03 
 2.40028400e-07 -1.00000000e-02  7.63185395e-03 
 2.40628400e-07 -1.00000000e-02  7.65245926e-03 
 2.41228400e-07 -1.00000000e-02  7.67288381e-03 
 2.41828400e-07 -1.00000000e-02  7.69312916e-03 
 2.42428400e-07 -1.00000000e-02  7.71319690e-03 
 2.43028400e-07 -1.00000000e-02  7.73308857e-03 
 2.43628400e-07 -1.00000000e-02  7.75280573e-03 
 2.44228400e-07 -1.00000000e-02  7.77234990e-03 
 2.44828400e-07 -1.00000000e-02  7.79172259e-03 
 2.45428400e-07 -1.00000000e-02  7.81092533e-03 
 2.46028400e-07 -1.00000000e-02  7.82995958e-03 
 2.46628400e-07 -1.00000000e-02  7.84882684e-03 
 2.47228400e-07 -1.00000000e-02  7.86752856e-03 
 2.47828400e-07 -1.00000000e-02  7.88606620e-03 
 2.48428400e-07 -1.00000000e-02  7.90444119e-03 
 2.49028400e-07 -1.00000000e-02  7.92265497e-03 
 2.49628400e-07 -1.00000000e-02  7.94070894e-03 
 2.50228400e-07 -1.00000000e-02  7.95860451e-03 
 2.50828400e-07 -1.00000000e-02  7.97634307e-03 
 2.51428400e-07 -1.00000000e-02  7.99392599e-03 
 2.52028400e-07 -1.00000000e-02  8.01135464e-03 
 2.52628400e-07 -1.00000000e-02  8.02863037e-03 
 2.53228400e-07 -1.00000000e-02  8.04575453e-03 
 2.53828400e-07 -1.00000000e-02  8.06272843e-03 
 2.54428400e-07 -1.00000000e-02  8.07955341e-03 
 2.55028400e-07 -1.00000000e-02  8.09623076e-03 
 2.55628400e-07 -1.00000000e-02  8.11276178e-03 
 2.56228400e-07 -1.00000000e-02  8.12914775e-03 
 2.56828400e-07 -1.00000000e-02  8.14538996e-03 
 2.57428400e-07 -1.00000000e-02  8.16148964e-03 
 2.58028400e-07 -1.00000000e-02  8.17744807e-03 
 2.58628400e-07 -1.00000000e-02  8.19326647e-03 
 2.59228400e-07 -1.00000000e-02  8.20894608e-03 
 2.59828400e-07 -1.00000000e-02  8.22448811e-03 
 2.60428400e-07 -1.00000000e-02  8.23989377e-03 
 2.61028400e-07 -1.00000000e-02  8.25516425e-03 
 2.61628400e-07 -1.00000000e-02  8.27030074e-03 
 2.62228400e-07 -1.00000000e-02  8.28530442e-03 
 2.62828400e-07 -1.00000000e-02  8.30017645e-03 
 2.63428400e-07 -1.00000000e-02  8.31491798e-03 
 2.64028400e-07 -1.00000000e-02  8.32953016e-03 
 2.64628400e-07 -1.00000000e-02  8.34401413e-03 
 2.65228400e-07 -1.00000000e-02  8.35837101e-03 
 2.65828400e-07 -1.00000000e-02  8.37260191e-03 
 2.66428400e-07 -1.00000000e-02  8.38670795e-03 
 2.67028400e-07 -1.00000000e-02  8.40069020e-03 
 2.67628400e-07 -1.00000000e-02  8.41454977e-03 
 2.68228400e-07 -1.00000000e-02  8.42828772e-03 
 2.68828400e-07 -1.00000000e-02  8.44190513e-03 
 2.69428400e-07 -1.00000000e-02  8.45540305e-03 
 2.70028400e-07 -1.00000000e-02  8.46878252e-03 
 2.70628400e-07 -1.00000000e-02  8.48204460e-03 
 2.71228400e-07 -1.00000000e-02  8.49519030e-03 
 2.71828400e-07 -1.00000000e-02  8.50822066e-03 
 2.72428400e-07 -1.00000000e-02  8.52113667e-03 
 2.73028400e-07 -1.00000000e-02  8.53393935e-03 
 2.73628400e-07 -1.00000000e-02  8.54662968e-03 
 2.74228400e-07 -1.00000000e-02  8.55920866e-03 
 2.74828400e-07 -1.00000000e-02  8.57167726e-03 
 2.75428400e-07 -1.00000000e-02  8.58403645e-03 
 2.76028400e-07 -1.00000000e-02  8.59628719e-03 
 2.76628400e-07 -1.00000000e-02  8.60843043e-03 
 2.77228400e-07 -1.00000000e-02  8.62046711e-03 
 2.77828400e-07 -1.00000000e-02  8.63239817e-03 
 2.78428400e-07 -1.00000000e-02  8.64422454e-03 
 2.79028400e-07 -1.00000000e-02  8.65594713e-03 
 2.79628400e-07 -1.00000000e-02  8.66756685e-03 
 2.80228400e-07 -1.00000000e-02  8.67908461e-03 
 2.80828400e-07 -1.00000000e-02  8.69050130e-03 
 2.81428400e-07 -1.00000000e-02  8.70181781e-03 
 2.82028400e-07 -1.00000000e-02  8.71303502e-03 
 2.82628400e-07 -1.00000000e-02  8.72415379e-03 
 2.83228400e-07 -1.00000000e-02  8.73517499e-03 
 2.83828400e-07 -1.00000000e-02  8.74609949e-03 
 2.84428400e-07 -1.00000000e-02  8.75692811e-03 
 2.85028400e-07 -1.00000000e-02  8.76766172e-03 
 2.85628400e-07 -1.00000000e-02  8.77830113e-03 
 2.86228400e-07 -1.00000000e-02  8.78884719e-03 
 2.86828400e-07 -1.00000000e-02  8.79930070e-03 
 2.87428400e-07 -1.00000000e-02  8.80966247e-03 
 2.88028400e-07 -1.00000000e-02  8.81993332e-03 
 2.88628400e-07 -1.00000000e-02  8.83011404e-03 
 2.89228400e-07 -1.00000000e-02  8.84020543e-03 
 2.89828400e-07 -1.00000000e-02  8.85020826e-03 
 2.90428400e-07 -1.00000000e-02  8.86012331e-03 
 2.91028400e-07 -1.00000000e-02  8.86995135e-03 
 2.91628400e-07 -1.00000000e-02  8.87969315e-03 
 2.92228400e-07 -1.00000000e-02  8.88934946e-03 
 2.92828400e-07 -1.00000000e-02  8.89892104e-03 
 2.93428400e-07 -1.00000000e-02  8.90840862e-03 
 2.94028400e-07 -1.00000000e-02  8.91781295e-03 
 2.94628400e-07 -1.00000000e-02  8.92713475e-03 
 2.95228400e-07 -1.00000000e-02  8.93637474e-03 
 2.95828400e-07 -1.00000000e-02  8.94553365e-03 
 2.96428400e-07 -1.00000000e-02  8.95461219e-03 
 2.97028400e-07 -1.00000000e-02  8.96361107e-03 
 2.97628400e-07 -1.00000000e-02  8.97253097e-03 
 2.98228400e-07 -1.00000000e-02  8.98137260e-03 
 2.98828400e-07 -1.00000000e-02  8.99013664e-03 
 2.99428400e-07 -1.00000000e-02  8.99882377e-03 
 3.00028400e-07 -1.00000000e-02  9.00743467e-03 
 3.00628400e-07 -1.00000000e-02  9.01597000e-03 
 3.01228400e-07 -1.00000000e-02  9.02443043e-03 
 3.01828400e-07 -1.00000000e-02  9.03281662e-03 
 3.02428400e-07 -1.00000000e-02  9.04112921e-03 
 3.03028400e-07 -1.00000000e-02  9.04936886e-03 
 3.03628400e-07 -1.00000000e-02  9.05753620e-03 
 3.04228400e-07 -1.00000000e-02  9.06563187e-03 
 3.04828400e-07 -1.00000000e-02  9.07365650e-03 
 3.05428400e-07 -1.00000000e-02  9.08161070e-03 
 3.06028400e-07 -1.00000000e-02  9.08949511e-03 
 3.06628400e-07 -1.00000000e-02  9.09731032e-03 
 3.07228400e-07 -1.00000000e-02  9.10505695e-03 
 3.07828400e-07 -1.00000000e-02  9.11273560e-03 
 3.08428400e-07 -1.00000000e-02  9.12034687e-03 
 3.09028400e-07 -1.00000000e-02  9.12789134e-03 
 3.09628400e-07 -1.00000000e-02  9.13536961e-03 
 3.10228400e-07 -1.00000000e-02  9.14278225e-03 
 3.10828400e-07 -1.00000000e-02  9.15012984e-03 
 3.11428400e-07 -1.00000000e-02  9.15741295e-03 
 3.12028400e-07 -1.00000000e-02  9.16463215e-03 
 3.12628400e-07 -1.00000000e-02  9.17178799e-03 
 3.13228400e-07 -1.00000000e-02  9.17888104e-03 
 3.13828400e-07 -1.00000000e-02  9.18591185e-03 
 3.14428400e-07 -1.00000000e-02  9.19288095e-03 
 3.15028400e-07 -1.00000000e-02  9.19978889e-03 
 3.15628400e-07 -1.00000000e-02  9.20663622e-03 
 3.16228400e-07 -1.00000000e-02  9.21342345e-03 
 3.16828400e-07 -1.00000000e-02  9.22015113e-03 
 3.17428400e-07 -1.00000000e-02  9.22681976e-03 
 3.18028400e-07 -1.00000000e-02  9.23342987e-03 
 3.18628400e-07 -1.00000000e-02  9.23998197e-03 
 3.19228400e-07 -1.00000000e-02  9.24647658e-03 
 3.19828400e-07 -1.00000000e-02  9.25291419e-03 
 3.20428400e-07 -1.00000000e-02  9.25929531e-03 
 3.21028400e-07 -1.00000000e-02  9.26562042e-03 
 3.21628400e-07 -1.00000000e-02  9.27189003e-03 
 3.22228400e-07 -1.00000000e-02  9.27810463e-03 
 3.22828400e-07 -1.00000000e-02  9.28426468e-03 
 3.23428400e-07 -1.00000000e-02  9.29037067e-03 
 3.24028400e-07 -1.00000000e-02  9.29642309e-03 
 3.24628400e-07 -1.00000000e-02  9.30242238e-03 
 3.25228400e-07 -1.00000000e-02  9.30836903e-03 
 3.25828400e-07 -1.00000000e-02  9.31426350e-03 
 3.26428400e-07 -1.00000000e-02  9.32010623e-03 
 3.27028400e-07 -1.00000000e-02  9.32589769e-03 
 3.27628400e-07 -1.00000000e-02  9.33163833e-03 
 3.28228400e-07 -1.00000000e-02  9.33732859e-03 
 3.28828400e-07 -1.00000000e-02  9.34296891e-03 
 3.29428400e-07 -1.00000000e-02  9.34855974e-03 
 3.30028400e-07 -1.00000000e-02  9.35410150e-03 
 3.30628400e-07 -1.00000000e-02  9.35959463e-03 
 3.31228400e-07 -1.00000000e-02  9.36503955e-03 
 3.31828400e-07 -1.00000000e-02  9.37043669e-03 
 3.32428400e-07 -1.00000000e-02  9.37578647e-03 
 3.33028400e-07 -1.00000000e-02  9.38108929e-03 
 3.33628400e-07 -1.00000000e-02  9.38634558e-03 
 3.34228400e-07 -1.00000000e-02  9.39155575e-03 
 3.34828400e-07 -1.00000000e-02  9.39672019e-03 
 3.35428400e-07 -1.00000000e-02  9.40183931e-03 
 3.36028400e-07 -1.00000000e-02  9.40691350e-03 
 3.36628400e-07 -1.00000000e-02  9.41194317e-03 
 3.37228400e-07 -1.00000000e-02  9.41692869e-03 
 3.37828400e-07 -1.00000000e-02  9.42187047e-03 
 3.38428400e-07 -1.00000000e-02  9.42676887e-03 
 3.39028400e-07 -1.00000000e-02  9.43162429e-03 
 3.39628400e-07 -1.00000000e-02  9.43643710e-03 
 3.40228400e-07 -1.00000000e-02  9.44120768e-03 
 3.40828400e-07 -1.00000000e-02  9.44593638e-03 
 3.41428400e-07 -1.00000000e-02  9.45062359e-03 
 3.42028400e-07 -1.00000000e-02  9.45526967e-03 
 3.42628400e-07 -1.00000000e-02  9.45987497e-03 
 3.43228400e-07 -1.00000000e-02  9.46443986e-03 
 3.43828400e-07 -1.00000000e-02  9.46896469e-03 
 3.44428400e-07 -1.00000000e-02  9.47344981e-03 
 3.45028400e-07 -1.00000000e-02  9.47789556e-03 
 3.45628400e-07 -1.00000000e-02  9.48230231e-03 
 3.46228400e-07 -1.00000000e-02  9.48667038e-03 
 3.46828400e-07 -1.00000000e-02  9.49100011e-03 
 3.47428400e-07 -1.00000000e-02  9.49529186e-03 
 3.48028400e-07 -1.00000000e-02  9.49954593e-03 
 3.48628400e-07 -1.00000000e-02  9.50376268e-03 
 3.49228400e-07 -1.00000000e-02  9.50794241e-03 
 3.49828400e-07 -1.00000000e-02  9.51208547e-03 
 3.50428400e-07 -1.00000000e-02  9.51619217e-03 
 3.51028400e-07 -1.00000000e-02  9.52026283e-03 
 3.51628400e-07 -1.00000000e-02  9.52429777e-03 
 3.52228400e-07 -1.00000000e-02  9.52829730e-03 
 3.52828400e-07 -1.00000000e-02  9.53226172e-03 
 3.53428400e-07 -1.00000000e-02  9.53619136e-03 
 3.54028400e-07 -1.00000000e-02  9.54008651e-03 
 3.54628400e-07 -1.00000000e-02  9.54394748e-03 
 3.55228400e-07 -1.00000000e-02  9.54777456e-03 
 3.55828400e-07 -1.00000000e-02  9.55156806e-03 
 3.56428400e-07 -1.00000000e-02  9.55532827e-03 
 3.57028400e-07 -1.00000000e-02  9.55905548e-03 
 3.57628400e-07 -1.00000000e-02  9.56274998e-03 
 3.58228400e-07 -1.00000000e-02  9.56641206e-03 
 3.58828400e-07 -1.00000000e-02  9.57004200e-03 
 3.59428400e-07 -1.00000000e-02  9.57364008e-03 
 3.60028400e-07 -1.00000000e-02  9.57720659e-03 
 3.60628400e-07 -1.00000000e-02  9.58074180e-03 
 3.61228400e-07 -1.00000000e-02  9.58424598e-03 
 3.61828400e-07 -1.00000000e-02  9.58771941e-03 
 3.62428400e-07 -1.00000000e-02  9.59116236e-03 
 3.63028400e-07 -1.00000000e-02  9.59457510e-03 
 3.63628400e-07 -1.00000000e-02  9.59795788e-03 
 3.64228400e-07 -1.00000000e-02  9.60131098e-03 
 3.64828400e-07 -1.00000000e-02  9.60463465e-03 
 3.65428400e-07 -1.00000000e-02  9.60792916e-03 
 3.66028400e-07 -1.00000000e-02  9.61119475e-03 
 3.66628400e-07 -1.00000000e-02  9.61443168e-03 
 3.67228400e-07 -1.00000000e-02  9.61764021e-03 
 3.67828400e-07 -1.00000000e-02  9.62082058e-03 
 3.68428400e-07 -1.00000000e-02  9.62397304e-03 
 3.69028400e-07 -1.00000000e-02  9.62709783e-03 
 3.69628400e-07 -1.00000000e-02  9.63019521e-03 
 3.70228400e-07 -1.00000000e-02  9.63326539e-03 
 3.70828400e-07 -1.00000000e-02  9.63630864e-03 
 3.71428400e-07 -1.00000000e-02  9.63932518e-03 
 3.72028400e-07 -1.00000000e-02  9.64231524e-03 
 3.72628400e-07 -1.00000000e-02  9.64527907e-03 
 3.73228400e-07 -1.00000000e-02  9.64821688e-03 
 3.73828400e-07 -1.00000000e-02  9.65112892e-03 
 3.74428400e-07 -1.00000000e-02  9.65401540e-03 
 3.75028400e-07 -1.00000000e-02  9.65687654e-03 
 3.75628400e-07 -1.00000000e-02  9.65971258e-03 
 3.76228400e-07 -1.00000000e-02  9.66252373e-03 
 3.76828400e-07 -1.00000000e-02  9.66531021e-03 
 3.77428400e-07 -1.00000000e-02  9.66807223e-03 
 3.78028400e-07 -1.00000000e-02  9.67081002e-03 
 3.78628400e-07 -1.00000000e-02  9.67352378e-03 
 3.79228400e-07 -1.00000000e-02  9.67621372e-03 
 3.79828400e-07 -1.00000000e-02  9.67888006e-03 
 3.80428400e-07 -1.00000000e-02  9.68152299e-03 
 3.81028400e-07 -1.00000000e-02  9.68414274e-03 
 3.81628400e-07 -1.00000000e-02  9.68673949e-03 
 3.82228400e-07 -1.00000000e-02  9.68931346e-03 
 3.82828400e-07 -1.00000000e-02  9.69186483e-03 
 3.83428400e-07 -1.00000000e-02  9.69439382e-03 
 3.84028400e-07 -1.00000000e-02  9.69690061e-03 
 3.84628400e-07 -1.00000000e-02  9.69938540e-03 
 3.85228400e-07 -1.00000000e-02  9.70184838e-03 
 3.85828400e-07 -1.00000000e-02  9.70428975e-03 
 3.86428400e-07 -1.00000000e-02  9.70670970e-03 
 3.87028400e-07 -1.00000000e-02  9.70910841e-03 
 3.87628400e-07 -1.00000000e-02  9.71148607e-03 
 3.88228400e-07 -1.00000000e-02  9.71384286e-03 
 3.88828400e-07 -1.00000000e-02  9.71617897e-03 
 3.89428400e-07 -1.00000000e-02  9.71849457e-03 
 3.90028400e-07 -1.00000000e-02  9.72078986e-03 
 3.90628400e-07 -1.00000000e-02  9.72306500e-03 
 3.91228400e-07 -1.00000000e-02  9.72532018e-03 
 3.91828400e-07 -1.00000000e-02  9.72755556e-03 
 3.92428400e-07 -1.00000000e-02  9.72977133e-03 
 3.93028400e-07 -1.00000000e-02  9.73196765e-03 
 3.93628400e-07 -1.00000000e-02  9.73414470e-03 
 3.94228400e-07 -1.00000000e-02  9.73630264e-03 
 3.94828400e-07 -1.00000000e-02  9.73844165e-03 
 3.95428400e-07 -1.00000000e-02  9.74056188e-03 
 3.96028400e-07 -1.00000000e-02  9.74266350e-03 
 3.96628400e-07 -1.00000000e-02  9.74474669e-03 
 3.97228400e-07 -1.00000000e-02  9.74681159e-03 
 3.97828400e-07 -1.00000000e-02  9.74885836e-03 
 3.98428400e-07 -1.00000000e-02  9.75088718e-03 
 3.99028400e-07 -1.00000000e-02  9.75289819e-03 
 3.99628400e-07 -1.00000000e-02  9.75489156e-03 
 4.00228400e-07 -1.00000000e-02  9.75686743e-03 
 4.00828400e-07 -1.00000000e-02  9.75882596e-03 
 4.01428400e-07 -1.00000000e-02  9.76076730e-03 
 4.02028400e-07 -1.00000000e-02  9.76269160e-03 
 4.02628400e-07 -1.00000000e-02  9.76459902e-03 
 4.03228400e-07 -1.00000000e-02  9.76648970e-03 
 4.03828400e-07 -1.00000000e-02  9.76836379e-03 
 4.04428400e-07 -1.00000000e-02  9.77022142e-03 
 4.05028400e-07 -1.00000000e-02  9.77206276e-03 
 4.05628400e-07 -1.00000000e-02  9.77388794e-03 
 4.06228400e-07 -1.00000000e-02  9.77569710e-03 
 4.06828400e-07 -1.00000000e-02  9.77749038e-03 
 4.07428400e-07 -1.00000000e-02  9.77926793e-03 
 4.08028400e-07 -1.00000000e-02  9.78102987e-03 
 4.08628400e-07 -1.00000000e-02  9.78277636e-03 
 4.09228400e-07 -1.00000000e-02  9.78450751e-03 
 4.09828400e-07 -1.00000000e-02  9.78622347e-03 
 4.10428400e-07 -1.00000000e-02  9.78792438e-03 
 4.11028400e-07 -1.00000000e-02  9.78961036e-03 
 4.11628400e-07 -1.00000000e-02  9.79128154e-03 
 4.12228400e-07 -1.00000000e-02  9.79293805e-03 
 4.12828400e-07 -1.00000000e-02  9.79458003e-03 
 4.13428400e-07 -1.00000000e-02  9.79620760e-03 
 4.14028400e-07 -1.00000000e-02  9.79782088e-03 
 4.14628400e-07 -1.00000000e-02  9.79942001e-03 
 4.15228400e-07 -1.00000000e-02  9.80100510e-03 
 4.15828400e-07 -1.00000000e-02  9.80257629e-03 
 4.16428400e-07 -1.00000000e-02  9.80413368e-03 
 4.17028400e-07 -1.00000000e-02  9.80567741e-03 
 4.17628400e-07 -1.00000000e-02  9.80720759e-03 
 4.18228400e-07 -1.00000000e-02  9.80872434e-03 
 4.18828400e-07 -1.00000000e-02  9.81022778e-03 
 4.19428400e-07 -1.00000000e-02  9.81171802e-03 
 4.20028400e-07 -1.00000000e-02  9.81319519e-03 
 4.20628400e-07 -1.00000000e-02  9.81465939e-03 
 4.21228400e-07 -1.00000000e-02  9.81611074e-03 
 4.21828400e-07 -1.00000000e-02  9.81754936e-03 
 4.22428400e-07 -1.00000000e-02  9.81897535e-03 
 4.23028400e-07 -1.00000000e-02  9.82038883e-03 
 4.23628400e-07 -1.00000000e-02  9.82178990e-03 
 4.24228400e-07 -1.00000000e-02  9.82317868e-03 
 4.24828400e-07 -1.00000000e-02  9.82455527e-03 
 4.25428400e-07 -1.00000000e-02  9.82591978e-03 
 4.26028400e-07 -1.00000000e-02  9.82727231e-03 
 4.26628400e-07 -1.00000000e-02  9.82861298e-03 
 4.27228400e-07 -1.00000000e-02  9.82994187e-03 
 4.27828400e-07 -1.00000000e-02  9.83125911e-03 
 4.28428400e-07 -1.00000000e-02  9.83256479e-03 
 4.29028400e-07 -1.00000000e-02  9.83385900e-03 
 4.29628400e-07 -1.00000000e-02  9.83514186e-03 
 4.30228400e-07 -1.00000000e-02  9.83641347e-03 
 4.30828400e-07 -1.00000000e-02  9.83767391e-03 
 4.31428400e-07 -1.00000000e-02  9.83892329e-03 
 4.32028400e-07 -1.00000000e-02  9.84016171e-03 
 4.32628400e-07 -1.00000000e-02  9.84138925e-03 
 4.33228400e-07 -1.00000000e-02  9.84260603e-03 
 4.33828400e-07 -1.00000000e-02  9.84381212e-03 
 4.34428400e-07 -1.00000000e-02  9.84500764e-03 
 4.35028400e-07 -1.00000000e-02  9.84619266e-03 
 4.35628400e-07 -1.00000000e-02  9.84736728e-03 
 4.36228400e-07 -1.00000000e-02  9.84853159e-03 
 4.36828400e-07 -1.00000000e-02  9.84968569e-03 
 4.37428400e-07 -1.00000000e-02  9.85082965e-03 
 4.38028400e-07 -1.00000000e-02  9.85196358e-03 
 4.38628400e-07 -1.00000000e-02  9.85308755e-03 
 4.39228400e-07 -1.00000000e-02  9.85420167e-03 
 4.39828400e-07 -1.00000000e-02  9.85530600e-03 
 4.40428400e-07 -1.00000000e-02  9.85640064e-03 
 4.41028400e-07 -1.00000000e-02  9.85748568e-03 
 4.41628400e-07 -1.00000000e-02  9.85856120e-03 
 4.42228400e-07 -1.00000000e-02  9.85962727e-03 
 4.42828400e-07 -1.00000000e-02  9.86068399e-03 
 4.43428400e-07 -1.00000000e-02  9.86173144e-03 
 4.44028400e-07 -1.00000000e-02  9.86276969e-03 
 4.44628400e-07 -1.00000000e-02  9.86379883e-03 
 4.45228400e-07 -1.00000000e-02  9.86481894e-03 
 4.45828400e-07 -1.00000000e-02  9.86583010e-03 
 4.46428400e-07 -1.00000000e-02  9.86683239e-03 
 4.47028400e-07 -1.00000000e-02  9.86782588e-03 
 4.47628400e-07 -1.00000000e-02  9.86881065e-03 
 4.48228400e-07 -1.00000000e-02  9.86978677e-03 
 4.48828400e-07 -1.00000000e-02  9.87075433e-03 
 4.49428400e-07 -1.00000000e-02  9.87171340e-03 
 4.50028400e-07 -1.00000000e-02  9.87266406e-03 
 4.50628400e-07 -1.00000000e-02  9.87360637e-03 
 4.51228400e-07 -1.00000000e-02  9.87454041e-03 
 4.51828400e-07 -1.00000000e-02  9.87546625e-03 
 4.52428400e-07 -1.00000000e-02  9.87638397e-03 
 4.53028400e-07 -1.00000000e-02  9.87729364e-03 
 4.53628400e-07 -1.00000000e-02  9.87819532e-03 
 4.54228400e-07 -1.00000000e-02  9.87908909e-03 
 4.54828400e-07 -1.00000000e-02  9.87997501e-03 
 4.55428400e-07 -1.00000000e-02  9.88085316e-03 
 4.56028400e-07 -1.00000000e-02  9.88172360e-03 
 4.56628400e-07 -1.00000000e-02  9.88258641e-03 
 4.57228400e-07 -1.00000000e-02  9.88344164e-03 
 4.57828400e-07 -1.00000000e-02  9.88428937e-03 
 4.58428400e-07 -1.00000000e-02  9.88512966e-03 
 4.59028400e-07 -1.00000000e-02  9.88596257e-03 
 4.59628400e-07 -1.00000000e-02  9.88678817e-03 
 4.60228400e-07 -1.00000000e-02  9.88760653e-03 
 4.60828400e-07 -1.00000000e-02  9.88841771e-03 
 4.61428400e-07 -1.00000000e-02  9.88922177e-03 
 4.62028400e-07 -1.00000000e-02  9.89001877e-03 
 4.62628400e-07 -1.00000000e-02  9.89080877e-03 
 4.63228400e-07 -1.00000000e-02  9.89159185e-03 
 4.63828400e-07 -1.00000000e-02  9.89236805e-03 
 4.64428400e-07 -1.00000000e-02  9.89313744e-03 
 4.65028400e-07 -1.00000000e-02  9.89390008e-03 
 4.65628400e-07 -1.00000000e-02  9.89465602e-03 
 4.66228400e-07 -1.00000000e-02  9.89540533e-03 
 4.66828400e-07 -1.00000000e-02  9.89614807e-03 
 4.67428400e-07 -1.00000000e-02  9.89688428e-03 
 4.68028400e-07 -1.00000000e-02  9.89761404e-03 
 4.68628400e-07 -1.00000000e-02  9.89833739e-03 
 4.69228400e-07 -1.00000000e-02  9.89905440e-03 
 4.69828400e-07 -1.00000000e-02  9.89976511e-03 
 4.70428400e-07 -1.00000000e-02  9.90046958e-03 
 4.71028400e-07 -1.00000000e-02  9.90116787e-03 
 4.71628400e-07 -1.00000000e-02  9.90186004e-03 
 4.72228400e-07 -1.00000000e-02  9.90254612e-03 
 4.72828400e-07 -1.00000000e-02  9.90322619e-03 
 4.73428400e-07 -1.00000000e-02  9.90390029e-03 
 4.74028400e-07 -1.00000000e-02  9.90456848e-03 
 4.74628400e-07 -1.00000000e-02  9.90523080e-03 
 4.75228400e-07 -1.00000000e-02  9.90588730e-03 
 4.75828400e-07 -1.00000000e-02  9.90653805e-03 
 4.76428400e-07 -1.00000000e-02  9.90718308e-03 
 4.77028400e-07 -1.00000000e-02  9.90782246e-03 
 4.77628400e-07 -1.00000000e-02  9.90845622e-03 
 4.78228400e-07 -1.00000000e-02  9.90908442e-03 
 4.78828400e-07 -1.00000000e-02  9.90970711e-03 
 4.79428400e-07 -1.00000000e-02  9.91032434e-03 
 4.80028400e-07 -1.00000000e-02  9.91093614e-03 
 4.80628400e-07 -1.00000000e-02  9.91154258e-03 
 4.81228400e-07 -1.00000000e-02  9.91214370e-03 
 4.81828400e-07 -1.00000000e-02  9.91273954e-03 
 4.82428400e-07 -1.00000000e-02  9.91333015e-03 
 4.83028400e-07 -1.00000000e-02  9.91391558e-03 
 4.83628400e-07 -1.00000000e-02  9.91449587e-03 
 4.84228400e-07 -1.00000000e-02  9.91507107e-03 
 4.84828400e-07 -1.00000000e-02  9.91564122e-03 
 4.85428400e-07 -1.00000000e-02  9.91620636e-03 
 4.86028400e-07 -1.00000000e-02  9.91676655e-03 
 4.86628400e-07 -1.00000000e-02  9.91732182e-03 
 4.87228400e-07 -1.00000000e-02  9.91787222e-03 
 4.87828400e-07 -1.00000000e-02  9.91841779e-03 
 4.88428400e-07 -1.00000000e-02  9.91895857e-03 
 4.89028400e-07 -1.00000000e-02  9.91949460e-03 
 4.89628400e-07 -1.00000000e-02  9.92002593e-03 
 4.90228400e-07 -1.00000000e-02  9.92055260e-03 
 4.90828400e-07 -1.00000000e-02  9.92107464e-03 
 4.91428400e-07 -1.00000000e-02  9.92159210e-03 
 4.92028400e-07 -1.00000000e-02  9.92210503e-03 
 4.92628400e-07 -1.00000000e-02  9.92261345e-03 
 4.93228400e-07 -1.00000000e-02  9.92311741e-03 
 4.93828400e-07 -1.00000000e-02  9.92361694e-03 
 4.94428400e-07 -1.00000000e-02  9.92411209e-03 
 4.95028400e-07 -1.00000000e-02  9.92460290e-03 
 4.95628400e-07 -1.00000000e-02  9.92508940e-03 
 4.96228400e-07 -1.00000000e-02  9.92557163e-03 
 4.96828400e-07 -1.00000000e-02  9.92604963e-03 
 4.97428400e-07 -1.00000000e-02  9.92652343e-03 
 4.98028400e-07 -1.00000000e-02  9.92699308e-03 
 4.98628400e-07 -1.00000000e-02  9.92745860e-03 
 4.99228400e-07 -1.00000000e-02  9.92792004e-03 
 4.99828400e-07 -1.00000000e-02  9.92837743e-03 
 5.00428400e-07 -1.00000000e-02  9.92883080e-03 
 5.01028400e-07 -1.00000000e-02  9.92928020e-03 
 5.01628400e-07 -1.00000000e-02  9.92972565e-03 
 5.02228400e-07 -1.00000000e-02  9.93016719e-03 
 5.02828400e-07 -1.00000000e-02  9.93060486e-03 
 5.03428400e-07 -1.00000000e-02  9.93103869e-03 
 5.04028400e-07 -1.00000000e-02  9.93146871e-03 
 5.04628400e-07 -1.00000000e-02  9.93189495e-03 
 5.05228400e-07 -1.00000000e-02  9.93231746e-03 
 5.05828400e-07 -1.00000000e-02  9.93273626e-03 
 5.06428400e-07 -1.00000000e-02  9.93315138e-03 
 5.07028400e-07 -1.00000000e-02  9.93356286e-03 
 5.07628400e-07 -1.00000000e-02  9.93397072e-03 
 5.08228400e-07 -1.00000000e-02  9.93437501e-03 
 5.08828400e-07 -1.00000000e-02  9.93477575e-03 
 5.09428400e-07 -1.00000000e-02  9.93517298e-03 
 5.10028400e-07 -1.00000000e-02  9.93556671e-03 
 5.10628400e-07 -1.00000000e-02  9.93595700e-03 
 5.11228400e-07 -1.00000000e-02  9.93634385e-03 
 5.11828400e-07 -1.00000000e-02  9.93672732e-03 
 5.12428400e-07 -1.00000000e-02  9.93710741e-03 
 5.13028400e-07 -1.00000000e-02  9.93748417e-03 
 5.13628400e-07 -1.00000000e-02  9.93785763e-03 
 5.14228400e-07 -1.00000000e-02  9.93822781e-03 
 5.14828400e-07 -1.00000000e-02  9.93859473e-03 
 5.15428400e-07 -1.00000000e-02  9.93895844e-03 
 5.16028400e-07 -1.00000000e-02  9.93931896e-03 
 5.16628400e-07 -1.00000000e-02  9.93967631e-03 
 5.17228400e-07 -1.00000000e-02  9.94003053e-03 
 5.17828400e-07 -1.00000000e-02  9.94038164e-03 
 5.18428400e-07 -1.00000000e-02  9.94072966e-03 
 5.19028400e-07 -1.00000000e-02  9.94107464e-03 
 5.19628400e-07 -1.00000000e-02  9.94141658e-03 
 5.20228400e-07 -1.00000000e-02  9.94175552e-03 
 5.20828400e-07 -1.00000000e-02  9.94209149e-03 
 5.21428400e-07 -1.00000000e-02  9.94242452e-03 
 5.22028400e-07 -1.00000000e-02  9.94275461e-03 
 5.22628400e-07 -1.00000000e-02  9.94308182e-03 
 5.23228400e-07 -1.00000000e-02  9.94340615e-03 
 5.23828400e-07 -1.00000000e-02  9.94372763e-03 
 5.24428400e-07 -1.00000000e-02  9.94404629e-03 
 5.25028400e-07 -1.00000000e-02  9.94436216e-03 
 5.25628400e-07 -1.00000000e-02  9.94467525e-03 
 5.26228400e-07 -1.00000000e-02  9.94498560e-03 
 5.26828400e-07 -1.00000000e-02  9.94529322e-03 
 5.27428400e-07 -1.00000000e-02  9.94559815e-03 
 5.28028400e-07 -1.00000000e-02  9.94590039e-03 
 5.28628400e-07 -1.00000000e-02  9.94619999e-03 
 5.29228400e-07 -1.00000000e-02  9.94649695e-03 
 5.29828400e-07 -1.00000000e-02  9.94679131e-03 
 5.30428400e-07 -1.00000000e-02  9.94708309e-03 
 5.31028400e-07 -1.00000000e-02  9.94737230e-03 
 5.31628400e-07 -1.00000000e-02  9.94765898e-03 
 5.32228400e-07 -1.00000000e-02  9.94794314e-03 
 5.32828400e-07 -1.00000000e-02  9.94822481e-03 
 5.33428400e-07 -1.00000000e-02  9.94850401e-03 
 5.34028400e-07 -1.00000000e-02  9.94878075e-03 
 5.34628400e-07 -1.00000000e-02  9.94905507e-03 
 5.35228400e-07 -1.00000000e-02  9.94932698e-03 
 5.35828400e-07 -1.00000000e-02  9.94959650e-03 
 5.36428400e-07 -1.00000000e-02  9.94986366e-03 
 5.37028400e-07 -1.00000000e-02  9.95012847e-03 
 5.37628400e-07 -1.00000000e-02  9.95039096e-03 
 5.38228400e-07 -1.00000000e-02  9.95065115e-03 
 5.38828400e-07 -1.00000000e-02  9.95090905e-03 
 5.39428400e-07 -1.00000000e-02  9.95116469e-03 
 5.40028400e-07 -1.00000000e-02  9.95141808e-03 
 5.40628400e-07 -1.00000000e-02  9.95166926e-03 
 5.41228400e-07 -1.00000000e-02  9.95191822e-03 
 5.41828400e-07 -1.00000000e-02  9.95216501e-03 
 5.42428400e-07 -1.00000000e-02  9.95240962e-03 
 5.43028400e-07 -1.00000000e-02  9.95265209e-03 
 5.43628400e-07 -1.00000000e-02  9.95289244e-03 
 5.44228400e-07 -1.00000000e-02  9.95313067e-03 
 5.44828400e-07 -1.00000000e-02  9.95336681e-03 
 5.45428400e-07 -1.00000000e-02  9.95360088e-03 
 5.46028400e-07 -1.00000000e-02  9.95383290e-03 
 5.46628400e-07 -1.00000000e-02  9.95406288e-03 
 5.47228400e-07 -1.00000000e-02  9.95429084e-03 
 5.47828400e-07 -1.00000000e-02  9.95451680e-03 
 5.48428400e-07 -1.00000000e-02  9.95474078e-03 
 5.49028400e-07 -1.00000000e-02  9.95496279e-03 
 5.49628400e-07 -1.00000000e-02  9.95518285e-03 
 5.50228400e-07 -1.00000000e-02  9.95540098e-03 
 5.50828400e-07 -1.00000000e-02  9.95561720e-03 
 5.51428400e-07 -1.00000000e-02  9.95583152e-03 
 5.52028400e-07 -1.00000000e-02  9.95604396e-03 
 5.52628400e-07 -1.00000000e-02  9.95625454e-03 
 5.53228400e-07 -1.00000000e-02  9.95646327e-03 
 5.53828400e-07 -1.00000000e-02  9.95667016e-03 
 5.54428400e-07 -1.00000000e-02  9.95687524e-03 
 5.55028400e-07 -1.00000000e-02  9.95707852e-03 
 5.55628400e-07 -1.00000000e-02  9.95728002e-03 
 5.56228400e-07 -1.00000000e-02  9.95747975e-03 
 5.56828400e-07 -1.00000000e-02  9.95767772e-03 
 5.57428400e-07 -1.00000000e-02  9.95787396e-03 
 5.58028400e-07 -1.00000000e-02  9.95806848e-03 
 5.58628400e-07 -1.00000000e-02  9.95826128e-03 
 5.59228400e-07 -1.00000000e-02  9.95845240e-03 
 5.59828400e-07 -1.00000000e-02  9.95864184e-03 
 5.60428400e-07 -1.00000000e-02  9.95882962e-03 
 5.61028400e-07 -1.00000000e-02  9.95901575e-03 
 5.61628400e-07 -1.00000000e-02  9.95920024e-03 
 5.62228400e-07 -1.00000000e-02  9.95938312e-03 
 5.62828400e-07 -1.00000000e-02  9.95956439e-03 
 5.63428400e-07 -1.00000000e-02  9.95974407e-03 
 5.64028400e-07 -1.00000000e-02  9.95992217e-03 
 5.64628400e-07 -1.00000000e-02  9.96009871e-03 
 5.65228400e-07 -1.00000000e-02  9.96027370e-03 
 5.65828400e-07 -1.00000000e-02  9.96044716e-03 
 5.66428400e-07 -1.00000000e-02  9.96061909e-03 
 5.67028400e-07 -1.00000000e-02  9.96078952e-03 
 5.67628400e-07 -1.00000000e-02  9.96095845e-03 
 5.68228400e-07 -1.00000000e-02  9.96112589e-03 
 5.68828400e-07 -1.00000000e-02  9.96129187e-03 
 5.69428400e-07 -1.00000000e-02  9.96145639e-03 
 5.70028400e-07 -1.00000000e-02  9.96161947e-03 
 5.70628400e-07 -1.00000000e-02  9.96178111e-03 
 5.71228400e-07 -1.00000000e-02  9.96194134e-03 
 5.71828400e-07 -1.00000000e-02  9.96210016e-03 
 5.72428400e-07 -1.00000000e-02  9.96225759e-03 
 5.73028400e-07 -1.00000000e-02  9.96241363e-03 
 5.73628400e-07 -1.00000000e-02  9.96256831e-03 
 5.74228400e-07 -1.00000000e-02  9.96272163e-03 
 5.74828400e-07 -1.00000000e-02  9.96287360e-03 
 5.75428400e-07 -1.00000000e-02  9.96302424e-03 
 5.76028400e-07 -1.00000000e-02  9.96317356e-03 
 5.76628400e-07 -1.00000000e-02  9.96332156e-03 
 5.77228400e-07 -1.00000000e-02  9.96346827e-03 
 5.77828400e-07 -1.00000000e-02  9.96361369e-03 
 5.78428400e-07 -1.00000000e-02  9.96375783e-03 
 5.79028400e-07 -1.00000000e-02  9.96390071e-03 
 5.79628400e-07 -1.00000000e-02  9.96404234e-03 
 5.80228400e-07 -1.00000000e-02  9.96418272e-03 
 5.80828400e-07 -1.00000000e-02  9.96432187e-03 
 5.81428400e-07 -1.00000000e-02  9.96445980e-03 
 5.82028400e-07 -1.00000000e-02  9.96459652e-03 
 5.82628400e-07 -1.00000000e-02  9.96473204e-03 
 5.83228400e-07 -1.00000000e-02  9.96486637e-03 
 5.83828400e-07 -1.00000000e-02  9.96499952e-03 
 5.84428400e-07 -1.00000000e-02  9.96513150e-03 
 5.85028400e-07 -1.00000000e-02  9.96526233e-03 
 5.85628400e-07 -1.00000000e-02  9.96539200e-03 
 5.86228400e-07 -1.00000000e-02  9.96552054e-03 
 5.86828400e-07 -1.00000000e-02  9.96564795e-03 
 5.87428400e-07 -1.00000000e-02  9.96577424e-03 
 5.88028400e-07 -1.00000000e-02  9.96589942e-03 
 5.88628400e-07 -1.00000000e-02  9.96602351e-03 
 5.89228400e-07 -1.00000000e-02  9.96614651e-03 
 5.89828400e-07 -1.00000000e-02  9.96626842e-03 
 5.90428400e-07 -1.00000000e-02  9.96638927e-03 
 5.91028400e-07 -1.00000000e-02  9.96650905e-03 
 5.91628400e-07 -1.00000000e-02  9.96662779e-03 
 5.92228400e-07 -1.00000000e-02  9.96674548e-03 
 5.92828400e-07 -1.00000000e-02  9.96686214e-03 
 5.93428400e-07 -1.00000000e-02  9.96697778e-03 
 5.94028400e-07 -1.00000000e-02  9.96709240e-03 
 5.94628400e-07 -1.00000000e-02  9.96720601e-03 
 5.95228400e-07 -1.00000000e-02  9.96731863e-03 
 5.95828400e-07 -1.00000000e-02  9.96743026e-03 
 5.96428400e-07 -1.00000000e-02  9.96754091e-03 
 5.97028400e-07 -1.00000000e-02  9.96765059e-03 
 5.97628400e-07 -1.00000000e-02  9.96775931e-03 
 5.98228400e-07 -1.00000000e-02  9.96786707e-03 
 5.98828400e-07 -1.00000000e-02  9.96797389e-03 
 5.99428400e-07 -1.00000000e-02  9.96807977e-03 
 6.00000000e-07 -1.00000000e-02  9.96817977e-03 
